0
666
496
500
2256
947
249139
430
719256
685
562
928
491
1144
727
421
3875
279182
874
560
260651
323850
904
1567
159601
874
5127663
528
854
702035
3967
650
875
490145
1243
886
1275397
410729
700
818
522277
486
718
440128
1263
804351
5508127
500
124931
770615
914765
597
769
913598
365619
421921
2225
1033
482
349751
900
1173336
2687
158665
918
450
197099
46382
186054
65482
583
398319
1018
680
733
675
266961
874
1541718
40552
1471495
547
746
22958
1242946
1383438
558747
1440
2280408
637
815
512792
637350
1398332
2563
1317099
48813
594
456
631030
395240
964901
1469986
746
253307
872
1154434
783638
2548688
61192
643615
458
794
713
797924
652379
299299
647
1035581
210087
218877
1463702
996014
293411
184001
15161579
1164569
254131
860507
255868
1429557
836
555573
901593
617
760854
205635
811606
109712
827503
1223
458895
235732
588
383946
775202
254601
678
1420241
568262
492111
300807
1402
819341
945246
790
1116
222174
531374
1061459
1489917
42413
289304
15260
618
2094264
1585734
911116
779964
643034
1504139
1082
829807
617961
882309
1269722
183172
6738416
447
2520088
7405613
1437241
1166378
241477
797
492840
595214
8985758
915713
2142068
824550
893949
368516
1987073
1136705
1214560
1511371
82643
364155
294645
3965455
497559
27975
867552
3433332
1466745
847868
1517599
1356921
2266427
7031851
645011
787949
1081891
5358
7761247
482027
240029
2139374
643792
9206980
1418168
633
6966710
461602
690811
788
840793
490
494617
460779
264990
2461522
2144862
308233
160669
1563545
1350393
10397578
820961
1799745
549229
193516
421
820210
6196417
531574
719298
1682578
1100296
1682925
1969406
785
9794278
8670945
619
1366688
14077803
289371
396135
2343741
6809347
9977543
554266
567935
1282601
16793009
4342269
491904
2482192
2131775
810158
276
1185709
1179569
1387982
221216
5527742
344598
1476253
11941754
265404
581333
1774672
706607
904073
239643
999860
613964
1228539
903
6762578
5691325
871634
440265
5830414
9687281
1435321
2535317
838659
448594
1388750
453148
493515
2301203
927314
1353810
1189443
949951
1955553
624127
987094
751
1530101
3119705
942170
5436357
2169526
296795
222115
11785820
2612340
1923444
3208812
969507
1333655
12294709
816806
2351994
746635
1992919
2818946
22299327
2785042
2017791
1610595
20723163
294080
1084522
38926
289111
1876852
5938666
1533894
1924897
2508541
683
1401071
794
1342918
2797871
8368081
1720922
478356
10969350
2661477
2228497
2629945
1520256
883912
919859
5634540
13457677
787
4375767
1634423
439564
4062545
974112
1027
4412761
696958
3823539
1664198
1848925
265364
900315
802211
1393169
1244473
1889434
1738928
842594
1440786
2535991
293413
2592116
3857090
1555469
1603182
949734
6665256
975582
4625108
1942680
3081251
6637182
19454724
1849212
611428
339679
286857
1958304
2496119
2537282
498190
1648772
643326
6035117
1464918
3354937
946961
1247371
1037458
2332057
1629863
1852530
2628378
652262
3041997
1146840
6620961
353140
7645682
2231074
1004242
2273684
2004122
11331152
2246281
1241924
12394602
607496
1980145
1936575
1665836
335457
624
1227083
2473174
1781771
3988404
3638455
1077563
534444
8262666
2191254
4441363
1544003
1577858
2641292
2557431
1360478
662329
896
665482
2073142
3538184
2007864
2408286
6313674
1394101
2163099
1029728
4719302
2303731
2111129
2145928
1040854
954049
13224122
1199889
1932310
1496269
3083877
1475605
887330
4168681
4027606
339417
14995901
1146504
453
813317
4226968
932703
1105547
5928045
1124892
14795351
1271539
6174102
632256
2687722
6220149
740099
15847580
971081
2450506
4224391
2319368
4349030
3364134
672106
1083175
23486080
1019348
3639707
1594383
1275271
2742936
4415348
1129985
2747800
866557
1238672
903007
232504
3575263
3632140
2152439
1468888
1622656
525697
1144198
2213670
3986963
2822532
592450
711855
3704771
2723827
2381256
3555106
2809935
2320145
1602303
1248417
926830
4729403
1378171
2683406
14118303
1768646
5349273
2480677
1576670
714071
2980000
2689272
3516605
7957592
3669802
1041923
1834108
1070908
3631610
2346540
2724539
4258181
3427859
4328438
4314352
5422468
1547737
12437786
10833677
3593854
2501980
4328191
2228750
4166146
2073936
14611455
3768146
5739439
3426248
2424265
1141166
7419260
9307645
2908691
1412229
2047960
704979
4085170
963642
604465
1924076
1801023
1038097
440930
2444763
8911895
4138399
1030628
1072956
3336920
2501592
414118
4192989
2094842
3682737
952234
2150668
2895552
794207
6231433
990484
1498390
1369691
4767224
817331
1372809
547978
1700978
14862370
3746208
1344020
1804556
796723
2972797
1217124
2205369
1646800
5817945
6317510
1221806
3349872
3315069
1949779
8571486
772195
1404035
2407802
1860945
6121509
2582581
20039901
5698194
4587250
5538961
1493629
729226
782534
10835047
5134336
6092204
1298066
2759479
579805
2159172
473937
1858506
1768310
2750176
2887850
1288329
1442976
11094438
622185
1724975
3386982
5844241
2000729
920596
24209310
982969
6466959
11861414
1225246
435583
901443
4744888
4484436
1657438
4279507
1007716
2709689
39780350
1462074
2708442
1935857
6897939
7399604
1787922
2429723
5237873
3324527
18137689
2673217
3496977
2277035
4234832
3921275
2556203
4107660
2771968
6594087
3519672
1633702
4080357
418730
1795525
2474712
5837816
1673449
1331610
3058472
4039894
14688284
1113890
1099014
4074106
19202459
12671277
12248614
3336317
2036517
1802694
333213
1749457
7896183
10207012
1711813
12123455
1038971
2960882
2836190
3223317
3534657
2275312
7230992
3241269
11107438
1060719
4590030
937788
4913402
5047596
4203836
2477179
3596959
2567913
2799193
14037722
6735518
2076617
1391856
3696095
12042345
3899624
11058319
1965364
7524506
6221798
1889530
1723433
2097392
5900123
3272855
4970548
3739200
2945560
8813399
2968556
4864854
4640375
4743121
2324113
1282489
11754068
1547050
1469248
2946313
825
1534805
3014017
4493921
4701982
2993155
1529385
17851072
4294074
2002291
7380956
3664442
1962297
17164563
1839126
13558494
1947128
3199223
1450009
855240
1294206
1620627
1932299
1534422
2736559
2918998
5271791
4118158
2903703
3159532
6608982
3780324
1382702
2917067
1123226
768
15662041
5250194
7109036
24685915
1674374
7076957
2853239
6136201
1254336
9179659
15560566
2162939
6238789
1809547
8687285
7456538
7513179
3541640
1565599
2866287
3162050
3807462
7608591
7062665
2970662
7720098
2123834
1579150
27435985
2773072
4917802
8626202
2287138
6566751
3746442
2215131
2163611
6714656
2772600
1531398
4253157
2599038
2512328
3506204
461054
16603098
14001987
17856354
11352381
4320698
1428859
2395197
2814145
3291490
2815229
9418945
4192624
13152400
16850249
3009640
10406839
3875453
19173734
8172792
10614633
2436265
7071861
1397886
8196456
14608582
1607152
2902039
3362990
4349565
2376082
3381011
2755625
8723925
12390648
7517382
7717707
2283635
997772
1664728
4030578
2911722
1907590
2538327
6610430
3858915
406285
2919330
1315169
12275309
15247495
10269015
5889347
4767872
16888703
6185159
1742342
2661527
3665914
1980636
7766064
4849213
2983305
1279482
13019806
1430453
3856144
4334869
2636006
6531249
1746926
11274424
1956997
3906390
3381457
8869465
3020865
2485321
6576328
3246164
28292228
2351472
9518102
16382422
918069
36649204
2728837
7806888
9353905
5946405
23789335
6270577
2288122
16485646
12150657
2092110
2769504
3025309
8971718
1165932
18379353
7529343
3710858
5576109
2138936
2634688
3162615
169385
2281011
6714398
4062852
5732545
17000641
1757058
9173967
8469406
5933387
15650107
27225325
20274171
1924949
7770370
7104049
3361719
2903358
6486749
12625868
11403282
12454862
2975445
3538081
1763893
5523939
17711656
10325902
8712952
17829621
27374288
33156449
5047742
8636416
4697129
6421642
8322790
6682512
