0
8585961
13180328
9504982
9150049
0
8950275
0
0
0
8182911
19578832
0
0
0
8047617
0
11652005
7054785
0
11292214
9357161
13694302
10173281
0
10193660
9590424
9242823
0
9268401
9931945
0
7117739
8709093
15445882
8382539
13329572
17026286
8820183
7563915
8793701
0
16412887
0
12511963
9335589
6925922
9812220
0
0
0
0
0
8771042
0
7500022
0
18787620
10737130
12082833
7582976
9716641
8799510
0
0
0
7706316
12657102
13076596
8705463
7061664
9954736
8521225
8253595
7353292
0
0
8422871
0
0
10026154
10398223
5016826
0
10789820
11072905
10285102
0
11359843
10322550
6615561
6699376
0
10586143
0
8411127
0
11745760
6924491
0
0
11196502
0
0
0
0
17703937
6423375
109801310
0
10992907
12054574
8827336
0
6089868
9625544
10986157
0
0
8297948
10309183
11055797
0
0
13266320
0
9979442
8857844
9048530
8473480
0
7706046
9672287
0
12229913
0
7693334
8550137
14617696
11519126
8183088
10922246
0
9399775
12435691
0
7637253
0
7874833
15132887
11638314
0
8120073
0
7765635
15717306
8563102
16985799
7273152
11884132
7353094
0
9476175
0
9231941
12391052
11226641
0
7780187
9841386
0
8935565
15394264
9150199
0
9325063
7903551
13784855
9695967
0
0
8708620
0
0
7172092
9551394
7052811
0
9807302
0
7416862
0
18735855
0
9969079
0
0
12017144
0
10445809
0
9270737
9887688
0
12388694
0
7248829
12123097
7068046
0
11822365
8191789
7822036
0
0
0
0
8536129
7782868
11898253
6573168
0
5199090
9461802
12150314
0
9003764
0
13563327
6749729
0
8399442
8579885
0
10566016
11258343
0
0
9976934
7432010
0
8504718
14162457
0
9495640
10725841
0
14642745
0
9759647
0
0
8710346
7374287
8742719
9030151
0
7175387
0
10327747
9171310
12907486
0
0
7821796
8613365
10614111
9685486
0
8690977
0
11059630
65679312
7713752
0
8659658
14228378
7773949
9077917
0
9214345
0
0
0
7295477
12687149
0
0
10065598
9158102
9925966
9018834
12342597
12303732
10947346
8459292
12343660
7165335
11456325
0
10162730
8538287
11185902
0
10161324
0
0
10391635
13929854
9926632
8617018
7990552
8965459
8916038
0
7843026
0
0
0
0
10393231
0
11252695
12684164
11469687
12246660
9818356
8141009
0
0
0
0
0
12031742
0
0
0
9664616
9425350
7781421
9553984
0
12036186
17110885
11229529
8901446
0
10110931
7647057
8329724
8229702
9548091
13838476
9767744
7890084
6715753
12020125
8311613
9760337
9647546
8338619
0
0
0
0
11808051
10799737
0
8223584
0
0
9066576
11245499
0
0
9113066
9142199
8428695
13502986
8822419
9918787
7535270
0
0
0
0
0
12516866
8258509
8175828
0
9165756
15686460
7818217
16589945
0
10046022
8692205
9875795
9085701
0
13196083
8983223
10051873
412063224
0
13097408
10371427
10684244
7525697
0
10175907
12027318
0
0
8042551
0
12631281
7353955
0
16051794
0
10629405
0
0
18414146
0
9064318
12027303
8371056
8691595
0
11602306
14442548
11148858
9636186
12371919
0
9423255
9575814
10468113
13954331
8429489
20849377
16554897
0
0
0
0
0
8898666
0
0
0
14675011
8361482
0
11380199
0
11666319
8140902
7379541
0
0
8965212
0
9575467
10035568
8642849
8370158
0
0
0
8225797
0
0
0
9531998
10186863
0
13482379
0
0
0
12020444
0
0
0
9993035
0
8925881
10163350
7606135
0
0
8024872
7763088
8901273
10436753
0
0
9449573
15773749
8079368
0
5854988
12171100
10810928
0
207313891
0
10499719
9307106
9003662
10152310
13930992
0
0
0
8836404
9566442
10857625
0
11649140
10359729
0
11128199
0
11574631
0
9283564
0
0
9496660
0
7782422
8849076
11970428
8324211
0
8107094
7910694
12980508
7716477
0
0
0
0
10997712
0
12811532
17329058
9439379
7455204
13005282
7783639
7870144
0
0
0
0
8347324
155351903
9435523
8811026
0
12718718
0
8235022
8187927
0
10633698
9666338
7865390
0
0
13063688
10729103
8199784
7988226
6269749
15351268
7562018
8755348
9202535
9116067
8477119
22749799
11359651
0
8384258
0
8032128
8986478
0
0
0
0
11978823
9614216
21969953
10299372
0
9409186
0
0
0
12077725
11470905
0
8554202
0
10620099
0
7930096
0
9434855
9369924
9438999
11620891
10670198
8398036
14156728
9754950
0
8156116
7766425
8435640
7703423
0
0
0
11807677
9005995
10444117
10597357
0
0
17536787
9015493
7674898
6996344
9839711
9343648
0
8012760
9610298
0
7404511
11386045
15748672
111268289
12851203
10427326
0
10063648
7965312
8142084
0
8158115
11677348
0
0
0
8552027
15151832
11237669
0
7510778
10126143
10582277
8354623
0
0
0
9453851
8014036
11436945
0
8430005
0
10025449
15583569
0
0
9491028
17054248
11131964
0
9433705
9544205
7439011
0
8520056
9339912
22289080
11718898
8246966
0
9625052
13801409
10878576
0
11414018
7821718
0
0
0
6580402
0
13034961
8869050
9808316
9951659
11417678
0
9300964
0
12241560
8312453
0
6422895
11096165
9084363
0
8889968
0
0
0
12614527
8157420
0
12062949
0
0
9937878
9689919
0
13905678
8081924
0
0
13902563
8734533
10137759
8169729
0
0
9219053
0
10459692
14753674
9803526
8116137
0
7887430
0
9716076
8807555
9600397
0
0
0
10362844
0
9645814
0
14909332
8211426
8307066
0
0
9884515
0
11063129
0
0
16171795
17240021
15019462
0
11753062
9415657
10368209
0
9473759
8639689
8265218
14690119
0
0
7865788
7877853
0
0
9869812
0
12151398
13673468
10992015
0
13083073
5377504
13985072
14136146
9855243
8170686
9807911
0
0
9538087
17726586
8512510
9516825
10655529
9235609
0
8574516
7671390
11054841
6196706
10344169
11969892
0
0
10587532
18909656
0
9898009
0
9453793
0
0
8405629
11537449
0
11092757
9249421
10235702
8580147
10896918
7734074
0
8338731
0
13292881
11329020
9431433
14559120
11352122
8925885
7673798
0
0
7157584
0
0
9372420
11926140
8982931
10943298
0
10318490
10838618
10320761
7957696
10857000
11930476
11182559
0
17207308
9717711
0
8551970
11740279
13461538
0
7680303
0
10043974
0
8115489
0
7962358
0
8406986
0
10155917
0
8830720
7182035
0
0
0
13111551
9471477
0
9203313
7542050
10540040
0
9537755
8809944
7679527
0
8475064
0
0
9054163
13114692
10551171
0
10494468
8137169
7394319
9608405
0
0
11030675
9459400
0
0
8279746
0
0
8287750
0
8135073
20497712
0
6843682
7187995
8761810
0
9916523
8030081
7278705
0
9309832
12102396
13157507
0
9997173
7792824
13130149
9512922
0
0
10748792
416346298
0
10793208
0
13314360
0
8621488
206510123
0
0
0
0
0
11079637
0
0
0
13042711
8343204
0
0
0
14680486
10803423
0
12552820
15310008
12699822
12523869
8214354
10417258
8738068
11075158
9085835
8176030
0
9288601
0
0
10492828
0
6637705
11223841
8653472
6983698
0
10359026
6939638
8019099
18791051
8553197
0
0
17607139
0
8038402
8679471
0
0
0
9390712
8524606
0
9295427
10970837
8603470
8784876
0
8084576
0
0
9702017
8374532
11737883
10108012
9485266
8682236
10906956
9966190
0
12300427
9872368
9737540
9560002
12956845
8831256
8132257
8449476
17031419
13564980
11351487
8483816
0
0
16040315
10778600
15509649
0
9892764
13080130
13780481
0
15489466
9687557
10969111
9431393
9545339
0
8208711
0
0
0
0
0
7891592
8587133
8278975
3813907
0
8510935
13919460
10283404
8538917
0
8617362
0
9086198
13141531
8220174
10796269
0
7089812
12337781
0
0
8415559
8805425
0
14767222
0
0
0
8792175
14373950
8743574
7310708
0
0
0
8900066
0
0
0
10196986
10234818
0
13411448
7705597
7969515
0
7533987
8636021
0
0
8178876
0
9852079
10174285
18849893
0
13540343
10679017
0
0
0
9977589
12402587
6953123
0
8106904
14493975
0
0
8410601
12182424
0
0
10234760
11814966
0
0
10430926
13937468
12405873
0
0
7899478
0
0
10955547
12441039
0
11738903
10087052
0
9705485
0
9619149
0
10945712
0
13279548
0
0
0
0
0
6122577
9400612
0
151131380
12203467
9365380
0
15536500
11565293
8189553
10822437
7784414
7892929
0
10173986
0
10488185
0
11379624
7757829
8769521
9104710
0
0
7784334
0
7967018
10454609
10465038
12579408
0
12729808
8139816
0
10479198
0
0
9709331
8122540
8885389
9439299
8686581
7726893
0
7388759
11654301
13254990
9233963
7331025
8711134
8687483
0
0
13596111
0
8145483
8413176
10129353
10734459
0
0
0
8162790
0
14893673
11684229
0
10991475
0
0
8370990
8875285
0
0
9665746
9663927
0
12915751
0
0
9195123
8446159
8684113
10950932
11116199
0
15569697
0
6829951
0
0
10594699
8736356
7995995
0
7854987
0
11662393
9332166
12397791
0
10868474
13467577
10626819
0
0
0
0
0
8522819
10228879
0
0
0
7195806
0
10980106
0
12563637
8309779
0
0
7555708
11098175
9323890
8932005
0
0
0
7322874
0
5817819
13996084
0
9635458
11264835
7368345
13104776
0
18057650
0
0
8208937
22758787
8208248
0
9109529
12626659
4086925
6177207
15004145
0
8877311
0
0
9744902
10504188
8316629
6112319
13920988
15023266
10468417
0
9862065
0
10551676
12002120
0
12798495
21659424
11532325
10837508
0
8307296
0
9816707
0
9484583
0
0
0
8888756
210805656
0
9914163
11907968
9595695
0
10605842
0
0
12300306
0
0
7039746
0
0
17613458
9576240
8552246
10214440
9126492
0
0
8921434
7682043
10207475
7464543
8850344
8658904
9635909
11478918
7893437
9029168
9433928
8943751
9654320
7996138
0
0
0
0
14137118
8928041
0
17536877
14200762
10128061
11503741
0
0
11835343
14471947
0
0
0
8864277
0
0
0
410383858
8137427
8736494
17669486
10966712
0
8743288
0
11154241
0
10026401
8134650
9190519
9469981
8303256
9750309
17655785
9171090
12581336
0
11091851
0
6715834
9752825
8147563
0
10394954
0
10908247
11356908
0
7865634
10010355
9686312
19495112
7945745
9821618
0
18436724
0
10489453
0
9763599
0
10394340
10483712
0
12635743
0
0
0
15942916
10081507
0
12731109
0
13231672
0
9212138
0
0
0
13003884
0
7792166
12665897
9708005
0
12377092
9309140
11321448
0
10828169
9716052
8832833
10585378
9785703
0
0
11932983
0
10557686
0
0
0
42661641
412566542
9480542
8368475
0
15942672
9337343
0
8584196
6496769
7493902
9639690
8331678
0
8762878
10846245
8262903
0
9420774
7874307
8219780
9507658
11506425
0
0
0
0
7589122
10002853
11620853
0
10420127
10211137
10684429
0
10565696
10528535
0
0
8661352
10042274
0
10403431
9690501
0
9284270
10770646
0
0
0
13707477
10638962
14098169
0
9444367
11768823
9563071
9497989
10865493
17020275
7546055
0
0
8332893
10222302
8918179
7599775
6979457
0
15905168
0
0
0
10158693
0
10836368
9745235
13576005
8876181
15981452
9940895
11214559
9077069
10162448
0
0
9094403
7961565
13607793
9640390
7260505
17523062
6374556
0
8218072
9437086
8418889
10507142
0
10073937
8729825
0
0
7387937
0
0
0
11663701
9256280
6185060
6676827
0
9599096
0
0
7496708
8004356
0
0
8842771
10136344
0
0
11309598
0
0
12008209
10182312
9908043
0
0
16492071
8832412
0
14017347
12568777
9471505
9437793
8532245
6901716
9485179
11442154
9761387
9587144
9456113
0
14555942
0
12561806
0
9905678
7424472
8809679
0
8669476
0
0
12410086
8438191
9411065
0
0
0
9527757
10617769
0
10145223
7793916
0
0
11663755
12171881
8569156
0
8271147
0
0
7930522
9428914
0
0
12994841
0
9716481
0
0
0
8816235
9440586
8806738
0
10661953
10218769
0
9989187
0
8258556
8430771
8699188
7705167
0
0
10557544
11730378
0
8839967
12379315
8805366
7693728
5410839
11703206
11726657
0
0
9657425
0
0
15776976
0
0
7961392
7489766
0
9294042
0
11423562
9621848
10199905
0
10973182
6778951
10643679
9345595
8999898
9920485
11260563
13855465
0
8886142
0
0
0
9377447
8942734
11069395
8663208
10400290
0
0
0
10248634
0
11672871
9355149
0
12300381
0
8554198
9514848
7736254
1337182
0
14654797
0
0
17021438
9678370
0
8658382
10687046
0
0
0
11086788
0
0
0
0
8819976
0
0
0
8270381
9682067
0
0
9164970
7565727
10465595
9707600
0
9059070
14038106
8809646
9296088
0
10333296
9037019
0
12047866
0
16590524
8538158
11173513
10177840
0
6961897
13424679
8413058
0
12328524
0
11705677
9350505
8150291
10134711
10764667
0
14570767
0
10545695
8503986
12507763
9083616
9888852
0
15521634
8121810
0
11260918
9215185
11562292
0
10828975
14727312
9889979
9314890
0
0
0
0
0
0
2562
10943537
8027236
0
10072759
8392420
0
0
7527960
0
7099101
17516917
10453137
7900941
8528371
9128693
0
14554194
10377511
8743448
10179947
10226995
9342419
12784942
9636310
0
0
9232844
9811142
10726240
0
0
11775938
0
10532623
7568593
9030931
22641437
0
7992050
6579693
10927010
7292003
0
0
8712202
12093310
9754975
15716828
13430306
0
0
0
0
9414968
9822362
0
8763921
9702228
11868334
0
5993391
11713503
10906073
7852674
0
12490505
8380899
9276451
13600551
0
0
0
9269238
0
10227699
11255072
8084966
8030477
0
0
0
0
0
8311119
12557949
0
0
0
0
0
13315705
0
8531172
0
8009962
0
10755565
7560777
0
7614170
0
9484434
8187123
12382321
10111298
11021092
0
7238351
8855045
8752073
7164244
8517335
0
0
8344379
4179489
0
9546103
13849671
9796449
7708571
9294696
9708203
0
9245453
0
12228208
0
8191999
0
0
12218524
0
9165589
8346310
18198875
8395215
9317828
7095349
0
9427020
7211249
0
9349647
10530066
0
8967936
0
0
0
0
8342078
0
9058959
0
10356283
8312516
12643068
0
10173985
10571289
11956584
9150823
9401024
0
16149736
0
8815190
11789427
0
9832843
7770140
11417987
5850848
13026167
0
0
7887229
10954991
11051720
0
8317783
6900355
11960416
15122979
9213147
0
0
9325861
6393728
8604974
11576294
6319256
0
7116413
0
0
7603311
9758281
0
10418774
9584582
11155896
12502218
10088675
9108989
7930833
0
7853365
0
9420012
7983474
8910438
7203455
9149662
9393615
9005782
13868674
11460615
8451349
0
8149304
0
0
0
15443991
8524457
0
8678108
8634203
8154125
11458214
11036585
9077253
7932394
0
8294946
0
0
8411551
9386120
10150776
0
8040478
0
8948848
12095585
8829880
9402214
0
10184836
11651314
15589527
0
0
0
8801873
0
8801509
8901537
7887767
9053618
7425379
8176561
0
10373556
12010622
10073009
0
0
8010774
10533963
7425366
0
10162583
0
14166670
0
9943004
12887394
0
0
9151093
0
0
0
11218593
0
0
8292782
8377085
13871789
8060378
8242298
0
12531712
0
0
0
0
10077664
11065428
13572325
6304294
0
0
10221408
8118902
14181901
0
0
0
10860778
10727624
0
0
6441904
0
8888983
0
0
0
12391199
0
0
8473807
9765747
0
13630728
0
10360039
9615040
10872185
13522222
8816466
15375733
10203232
9236472
7642278
0
8653007
10871197
8262469
0
9314514
0
7787094
7892957
15646325
8090851
7247646
0
7637633
12249903
0
0
6769467
9424319
7169074
9240123
0
0
16044583
9980000
0
0
8658134
0
0
9120117
0
9152853
7880203
9775493
0
9073848
0
0
0
7775916
0
0
0
11103269
9683242
10496813
9595363
10133105
14316016
9222162
9248667
8130771
0
0
0
13012984
0
9235565
8817709
11406200
8139103
9289813
10454499
9400505
13119177
8031533
22313119
16018753
0
0
0
0
12289657
8568861
14434128
0
8048197
10016859
13817879
7895715
8456514
11202169
11916754
0
8657099
12607494
0
0
8337399
9274218
0
0
14459203
0
11080668
7659047
12060691
17840349
0
7998031
0
0
9552441
14953485
0
8657073
0
8630085
10055173
0
10848918
0
9336831
0
8603190
0
8867798
10864041
0
0
0
9789906
15757121
15363700
8857922
0
12515595
0
10470182
10632276
0
0
9669270
0
0
0
0
9727530
0
0
12657908
0
7545488
9535650
15805193
0
0
0
12204354
9309035
10939307
9810472
9031468
0
9894928
8374735
0
9069937
8522432
9683134
0
0
0
0
11641807
10394663
10017105
0
0
8664728
0
10490478
9544012
8242576
0
6506046
17430498
12770775
11831540
0
0
0
0
0
10723730
10895672
10132517
9422921
9711548
10984206
11127852
8147846
0
17373779
8114977
0
0
7781436
10070726
9618851
10658047
9899213
10329017
13073038
0
0
8968651
16200358
0
0
14506434
0
9776370
0
9387718
0
0
0
11298863
7323451
10415289
9516274
0
9150614
8208169
10560813
9114211
7174105
0
8608838
9103636
0
12500213
8350666
12655476
10426731
0
7903571
19494723
0
12449131
12396570
10733753
10345475
14818715
12147717
0
12915442
0
0
10236910
10133882
0
0
0
7796853
8343009
9306275
0
11356655
0
0
10124196
0
9304579
5936654
9538993
8498634
8177376
10989572
0
8559939
11214944
8183071
15735901
10600889
9142258
10338133
11802832
10637607
10322781
12169263
17220736
9680277
0
0
10155213
11729989
11822707
21382958
8242003
0
9412880
8819907
10161299
0
0
12002292
8981412
0
12011581
0
0
13159084
0
0
9819140
8982658
10491862
9710341
8301024
16000768
10815476
8917803
9214384
0
11033029
0
6382582
0
8053129
13031926
0
10237956
11390209
0
7750765
10013015
9239414
0
0
0
9514069
8487809
7406504
11287780
7688268
11367105
12493216
0
10281954
9340461
0
12612268
9929813
0
8785736
7627912
8572399
9623988
10057735
8520455
13682143
0
8763208
0
9991522
7928052
8927683
9890652
7988146
9716162
7834144
7990122
7430056
13098761
0
11857573
0
0
0
10955165
11558516
0
0
0
9146408
8388295
13806079
0
9034997
0
0
0
0
0
9651314
8887863
0
0
5326970
8392967
0
13364047
0
0
11605045
11141756
8272113
0
0
10446756
0
7969432
0
7523395
9129379
10244151
3669781
7374099
0
0
9141185
8689597
0
8329983
9873780
0
10272259
10793820
0
8008302
17431601
9423623
7674656
9236448
8176953
0
0
9734919
0
8330566
9418075
9199747
10857830
11355068
11087596
6912893
0
16773264
11655252
9772389
9692715
8750328
9427355
0
0
0
9470967
0
0
9220194
9103617
12096910
0
7503820
10194364
0
0
0
0
13884879
11073598
0
8634831
8364635
0
8009595
3701802
0
10201183
9976591
9660989
0
7615797
16129918
6497526
9260883
12777274
0
11561937
8276051
7429525
7034026
8565635
10934693
8840766
10491607
9531501
8350015
10770347
0
0
9484702
8760545
9688108
10336307
11885852
0
12671499
9259683
12129250
0
11870651
0
9376816
10341950
16836401
22468297
0
15927351
12236139
8960680
0
0
10025690
9000454
11040105
0
0
0
10788170
0
5382143
0
0
8225284
9367113
0
6807259
9950423
12456439
9429466
0
0
0
0
10232124
0
0
16522551
0
9450405
8935350
0
9196495
8038903
15774647
13625019
0
16524510
0
7239921
8087319
0
0
8261361
8208970
0
0
0
0
8502266
9288401
7159619
9579545
0
0
9553444
12336899
10409293
15954691
8100356
0
8056978
11079676
0
0
0
7945348
7193364
9328742
10322744
0
7118462
8957575
7868530
10519890
10266670
7381782
8120212
8221113
8969657
14946270
7891366
0
0
9653153
8086449
8038500
12534465
9007376
8554492
0
13823881
9944752
9391329
9301563
0
0
8804799
7912523
0
0
0
13312262
11422969
9430186
12465687
8401006
0
8536111
10046449
10526170
0
0
0
10303999
11641014
8481755
8347002
0
12565575
0
9297947
0
11336269
4048009
13882409
10237785
12068843
0
12741659
9738887
12266545
8553529
0
10121719
9869410
10610851
9239042
0
9972535
8373223
0
0
0
10889596
14664500
0
0
8380502
8656696
0
8156499
8468628
10152167
9819763
9115006
0
0
10178285
0
0
10938010
10293569
11359265
0
10979676
0
10165712
12563536
8233260
0
9142779
8220822
0
8234178
9257522
0
9282222
8447889
8111905
0
9365469
9119245
0
0
0
0
9382845
0
0
7379008
9393120
9181856
10154672
8130361
10054746
0
0
3059
12119769
11813787
11794936
9570478
9952428
0
0
0
11999785
0
0
11031007
0
12129660
9611460
8649403
0
9926000
8272148
10715599
0
8695025
0
8379600
0
0
0
0
10245224
10265515
0
8073681
11707297
0
10538746
0
8575588
8743642
0
18561134
8724633
0
8046047
10955201
0
0
0
9389238
0
8077215
9789037
16882764
7963090
12017516
0
0
9496141
14570410
10961405
0
0
0
14265011
0
0
7981571
6707501
8054926
8885933
8699977
8942421
0
6988056
8283158
15686362
9033795
0
0
9633478
0
0
0
14552566
0
0
13769302
13101075
14982184
9262696
0
0
9263410
10116875
10135302
0
18056106
0
8185154
9317601
10574185
8043906
11287166
9870962
0
12105879
0
9365647
22931434
9895585
8449328
8935202
10467299
0
13606863
0
0
10608121
10928348
10819525
10297133
11758629
0
11939165
9625887
7719052
8471795
14012993
7801111
6408284
0
0
0
8715335
8560483
10320908
0
0
10303702
0
0
10691251
8308181
13088059
9538581
0
9119870
0
0
10848435
8285941
0
8788128
9902959
8580095
3816923
10567048
7387658
12183031
8006494
11649244
9221393
9120048
12332336
13739441
17395621
9402097
0
0
9461927
7954445
7746610
10143095
8849894
8836754
8918017
9122610
10418189
9419015
8778752
7142915
9396827
0
8430011
10368101
0
12747805
0
7826320
10846213
10192446
0
0
0
9169327
0
11179944
0
0
15328444
10323289
17637302
0
17825704
9218798
7926263
0
10838996
0
0
7269881
0
10747363
0
0
0
11398066
7565590
0
12371854
8974993
10934770
5179588
0
0
9717355
0
0
0
10296705
0
0
14026871
10150453
8044402
7133952
0
0
0
0
10737419
10240270
9811890
7596302
10746949
13762001
17607567
8964597
6153983
11176708
9433568
9958738
8721704
0
0
9117129
9302248
7943303
10707124
10576320
12218491
0
0
13664026
7767014
16480302
10543350
0
0
6923593
8329638
8904788
7924286
0
9800589
12791652
11872668
0
8130172
5833428
0
12154613
7620588
0
8773162
8476576
0
23114086
0
7510521
0
10795860
0
8834673
4085568
9587364
8069476
0
9508566
9153575
0
11342575
10029901
17315749
0
10204552
8284070
0
9508890
7412899
13310298
0
0
0
7429515
0
8247180
0
9064934
0
9253965
10404473
11125839
10126636
15133281
8143070
9024128
0
9813157
9375815
0
0
7735700
11095492
11392731
13419497
10404119
8502356
14652181
0
7558950
9073092
0
0
8145757
14052097
10287969
12775666
8995371
11066686
0
11013926
10368854
8981632
10561941
0
0
9847800
16570599
0
0
1777192
9780980
16848315
6634810
0
0
0
10549617
10003668
8761195
9439075
10176812
0
8045844
0
11335174
0
7857047
0
7868149
10985081
10076823
10395522
0
8304102
0
9389010
0
7952246
0
8345566
7883656
0
14538222
8328729
16545133
10078280
7466374
8379872
14499332
9146890
8845341
0
0
7383007
9239307
8816204
10983857
0
0
0
8622019
0
8388524
8158432
9598480
9702790
0
7389140
0
9717310
0
12027989
6276220
0
0
11346711
0
7952348
7343837
22639241
13264568
7625373
11043812
0
10368817
8492341
11624467
8131246
0
11130548
12953181
11046932
8482456
8675390
11256219
0
11772671
0
9333091
0
0
0
0
0
10542209
8912923
0
6631444
8764547
16890977
9252785
9553236
8386964
9904741
8252514
13349808
11339611
0
0
0
0
0
12785827
12391234
10997357
8016000
0
9219322
0
0
18731076
8733184
12177131
9026730
9809521
7350854
0
17915029
0
12322111
7344167
0
9849803
0
9187463
0
10789663
22360958
0
12616196
0
0
8940353
0
13424892
10122559
0
12970865
9551043
7880517
15223212
9879239
0
0
6854559
0
14113614
10044194
0
0
9874203
0
10863435
0
9433945
8900923
0
0
0
0
10118549
10182079
11163934
0
8481693
0
8597925
0
9963465
0
0
0
0
0
7811691
14508645
13637239
17262345
9569553
0
9571004
9034481
8862431
0
9443450
4062982
7734458
8315127
9410718
0
13166712
13784621
0
8680648
9120654
9914630
7020517
10538000
0
7783977
0
0
0
0
12455199
0
9456388
9694634
12439486
11783467
14571877
0
0
9166201
8823092
0
7604248
9878950
11025750
10970076
0
0
0
0
0
0
11459451
7874237
0
0
0
0
13596329
12095718
14092355
8641760
10585256
7696357
8418528
12385112
8186405
7067131
0
0
13887782
8832543
0
0
0
15503754
0
8041626
10097848
10935753
0
13096431
9131618
0
0
0
22747545
9033097
0
0
8954846
9648190
8349255
11513412
7729170
11077910
7781551
10117732
8274574
8217208
0
9678101
9043727
0
16606671
8193535
9653552
10451521
10521653
0
0
9294419
6003468
0
7601246
8375364
0
8270759
7494267
11120637
0
11937492
9632764
0
8078871
0
12067653
11770997
13633895
0
6340682
0
9910010
8424810
0
0
0
0
10687964
10880271
0
13333477
0
8435646
9416442
8459235
9718312
7645251
8278117
0
0
7603687
10240328
0
8573447
0
7263765
0
10330778
8569312
13119672
8404867
0
9622089
11791710
13803647
0
9913184
7508911
0
8710721
0
12704503
0
8674701
7290779
12053587
0
0
8686298
0
13366793
18847964
10138655
0
7526190
0
0
10124051
0
0
9216667
7872586
0
11569155
0
9522422
0
0
7969224
0
0
13600060
0
0
9884746
10084403
9812909
8497344
0
0
13281275
0
0
0
9611554
0
8047353
15863755
0
7922883
0
14289790
0
0
0
9105729
0
10751656
4567606
0
8274092
0
0
9144612
0
12381814
10530111
9964659
10681493
0
7930540
8083740
9211862
10150972
7503908
10744061
8958130
10345866
8710628
0
12633257
10427018
9866274
0
10310279
11086062
0
14271228
9137015
0
0
7106062
8394560
6847200
11952997
22755258
8642973
0
0
11669830
7496914
10210719
0
0
0
12971278
10064561
0
10878309
14413694
0
0
8944718
0
10186122
7633758
0
0
10436148
15489321
0
0
0
8125728
8529084
0
0
0
12111730
12694103
15683784
8423675
0
13081948
15726365
0
0
0
7956236
15254175
9223112
0
8957707
9002133
5495325
8135568
0
0
0
0
0
0
7263972
8599354
0
9130147
11036070
7963682
11815325
0
0
0
0
0
7466056
10376409
7403646
8625966
8962664
5811840
7869421
9795312
0
15422191
0
10610716
0
0
0
9804852
10359623
0
13493089
0
8253490
8571681
9238290
0
0
7190736
8219094
12227199
0
10684115
0
0
0
10738830
0
9500107
23245782
0
11508597
9225405
8801486
11239751
0
9959636
9604936
9643703
12869480
0
8459661
8424294
0
0
11292582
10377478
0
0
4935549
7780436
9486552
8559380
9036667
7955396
6963049
0
0
9914576
0
9323986
0
0
9535792
0
8359039
0
9581425
10832794
7777036
12870204
7820112
0
7643045
13615599
13218414
0
9483061
8328293
10344168
11777188
0
10464876
0
8648006
9403598
12543752
11121684
8015547
9977296
8133575
15674312
8099532
0
9630505
10028032
0
0
9708799
0
8494366
7534479
11653693
0
9995282
212708625
0
10004528
11083938
13682218
0
0
0
0
8394923
0
0
8106707
7646944
10313799
15598410
14733569
7767425
12179082
11118769
8426990
0
8965745
0
0
11992190
0
9056347
11248733
9571349
0
0
0
7867898
8900965
9825117
13419883
8377045
8235309
21151982
7897382
0
0
8510096
0
0
0
22969675
8755344
12149569
9103615
8649438
7700439
15137160
10361518
0
0
9432807
10847484
0
9362104
10870376
0
9689473
10899333
10100416
0
9161186
18884143
0
0
13019964
11940751
0
9053250
0
0
7152280
0
0
0
0
0
0
11223398
0
10005873
0
11889322
0
9890691
9331708
8237265
0
0
9967552
0
8713369
19048679
0
0
13999627
10858624
8448361
0
0
10516526
9782619
0
11835399
11040936
11288257
8422190
9667831
11347732
0
9636080
0
6861686
0
9376027
0
7597059
0
0
6827694
14240609
10975391
10076715
8275791
0
0
7996339
8799092
14942684
7983583
10196670
11520632
8875539
11054185
9961927
9207533
10006533
8961641
12168681
0
9461541
7695714
9919907
0
0
0
0
9117182
8046427
0
11156567
0
0
6424401
10055274
17530143
7850390
0
0
0
17340894
9179456
0
6586443
11299534
9325853
0
0
9895350
12723815
8244786
10212101
0
0
9681534
7688629
10051439
0
0
0
9581394
0
18198342
9292332
10093245
7685490
7611079
12443257
10112324
9143142
16363093
0
10976333
8881633
11326979
14854723
12675626
6196208
7837510
0
0
0
9157461
0
0
21593451
14035707
0
9994745
0
8516230
16557986
0
8630218
0
9193354
8586165
0
7752099
8320315
6521661
0
9104530
8395475
9242493
8296859
8328017
9800748
8856648
8228357
16491093
0
12200456
8653110
11855719
9682093
0
10372461
9382048
0
10973275
9966020
0
8750840
8224768
8674383
0
0
0
7462891
0
0
10364603
0
10431990
0
0
0
10819907
12796652
18235205
0
0
7531642
10456133
16601844
0
22689684
12270756
0
0
13316823
9334362
0
10299959
9117447
8538229
0
0
9244224
11029863
0
15516000
0
18178899
14762867
0
10139746
0
9064217
8070139
7925885
10202270
11805692
9428803
9180399
8522305
11765000
9578506
11471110
8172532
8615211
8493841
9346732
15726884
10366701
9013686
0
7244932
6356240
0
7108642
0
9762825
0
0
8912174
0
9244389
8242909
0
0
10104608
0
5615515
0
0
11907452
0
8458665
0
12383416
10648841
8999614
0
8877909
8812079
0
0
0
8297578
0
0
0
0
10713668
6925008
6929823
0
9792159
8353784
7943597
9035490
7937579
12326411
10472845
0
0
11746966
0
9095486
0
10300858
9036486
9104152
10084888
13171708
9569193
0
0
8303286
7864340
9350146
9627805
8477706
0
8079490
0
0
8238565
0
9267319
0
10587961
9652217
0
12207129
8484512
11060147
8058505
0
0
6571485
0
7256597
0
8542343
0
10999722
0
9269886
0
0
0
0
8650476
9008463
12186249
0
0
8307783
11853117
0
17563485
8153334
10313191
0
7524377
8922768
10269602
0
0
11242517
10391137
8940633
8759834
9421711
10018757
0
8794521
10713959
0
8347701
13647098
0
7408331
7178152
10815642
0
8725993
8320705
0
7866095
0
12637733
8665909
0
0
0
0
7679975
0
13838438
0
0
8641806
7055731
7816278
10254919
9423613
0
10836448
8848661
0
0
0
0
8898759
11596423
0
9950510
12420139
10900954
8534182
0
9673076
0
8412949
0
10989205
7558267
8831352
0
10240781
1346116
16601669
8937924
8124696
10734349
0
0
12138515
0
0
0
0
7990124
11757785
11350707
8910515
11574508
10459982
7414593
9738015
0
8106873
7246646
0
0
8207791
0
0
0
9022743
12911788
10489912
13118757
16701094
9700940
0
7666959
11068763
11468379
0
10467329
13710089
0
9463327
10061710
0
7007170
14134700
15219154
9119861
0
7683156
7311173
7050289
14263767
0
12982843
13944200
10168412
8805202
0
11545152
0
12621221
10108239
8140357
10987026
0
9432083
0
7048580
12251090
7993207
0
9343885
10174690
0
15074697
9727873
10060937
8429696
0
0
0
0
9264210
0
9452911
11828299
0
0
0
0
0
0
0
7815843
0
0
7290030
10959577
10162833
0
13015619
10137851
0
9294559
0
9440309
8177603
8849283
10837725
10025607
13257851
9012427
12145480
9815314
15387839
3985994
12071709
0
16350209
0
6646623
12667642
0
0
8617909
10583742
0
13868359
8631570
0
0
10201781
8952104
9250312
0
0
0
0
0
7719665
0
0
10522621
8411021
11482520
0
0
0
9566066
10071242
0
7986825
9288871
8086851
0
0
3948462
10242721
0
9650059
9899434
11274227
11257887
11891659
14830134
0
5215532
8494281
14068936
8185500
11659321
13194468
9387677
7386631
8072450
9052991
0
0
5220377
12743685
12150834
10942156
9431802
10032906
10460417
7825728
8415083
0
8219219
8103358
11997893
0
0
8395981
18794625
0
12264960
10537259
10901842
0
0
0
0
8587096
0
14653071
0
8301927
0
0
0
8595139
9441878
0
9162976
11793923
13436396
10031258
0
0
0
9974558
6841140
7548469
8256461
8096307
8506510
9654995
14508399
10727357
8094209
0
18705354
8684518
15358215
8427346
11741080
0
10637874
9262434
0
12153651
9158509
12813109
9678857
12206662
7574512
7573362
10327349
9586715
8034174
9512494
0
11498360
10641127
12671913
7426343
8739196
8071840
0
8301019
10193999
0
0
10320167
12878562
9950640
9304167
0
13481935
0
0
0
10898074
11469267
13466926
0
9321080
0
10907160
0
0
0
8304828
0
6972091
7987263
13254812
12665054
0
0
0
6152890
0
0
13769316
8983012
6054539
0
12316412
10136442
10549653
14065492
10203829
7248465
10808880
10028808
0
0
22333884
7074352
0
0
0
10094537
10155611
8509505
0
11683467
13733334
14939597
11470484
0
0
0
12386175
12509650
0
0
7634014
8775681
7395565
13917460
11825482
0
10283061
7799630
0
10874017
13224099
6535888
17325101
8871301
0
0
9429234
10987700
8741979
9796727
0
8511623
0
0
0
9125697
8638557
7439330
7492314
13714588
8340948
11097124
15526792
11688595
0
8872118
0
0
0
9319152
0
9583068
8365650
9730110
10730303
10742137
9814722
12582219
11577463
0
8529041
8318338
0
11855797
0
0
0
0
6651293
10432548
12000990
9876744
8644086
8766517
8481725
11779579
9227248
10594274
14265381
9191028
11511001
0
13376705
0
0
0
0
7104764
8598602
12720872
0
12133211
0
9082127
0
0
0
0
0
11629507
7530728
8931435
0
0
10136707
10119532
0
0
12097403
11323402
11727049
0
13704421
7826604
9438305
7687808
8579616
10708314
0
9794216
0
12081172
0
0
16953793
8182666
9521641
8995747
10777055
8250209
0
0
0
8544002
10783875
8041485
11096594
7646301
9603679
8131635
8752991
8234773
8278440
9730071
7435780
9515891
0
10726958
8597382
9815811
10983016
0
9531681
9099182
0
10789001
8425403
0
17621488
15045993
9192598
11460094
0
14097999
9816471
10761397
0
7997014
8633039
12343411
0
10396143
8321524
0
0
0
13766221
0
9236973
7940193
0
8473644
0
11455984
13077123
7307204
10999995
0
0
0
7769326
0
0
7581155
7461026
9859349
8368195
0
8179287
0
10375814
0
9231240
8771230
8745301
14028823
0
9729623
0
0
0
0
0
12201789
11587317
8234724
0
13742574
11283746
8190374
0
11449825
7490624
8536354
10754038
5771292
6478351
8041472
0
0
9269024
7806365
13055273
10767333
8135126
0
8163707
10748746
10278032
0
8899001
8254933
12641642
7932168
11728927
8755723
11611712
12365841
7126772
0
6403296
0
0
0
6314196
14037333
9136153
0
0
13277552
12105736
9200690
7816929
0
9636477
0
7816890
7767158
10009276
8411500
0
4799922
11794119
8604619
8224953
10598338
9105383
6506082
0
0
0
8652830
9358375
10477386
0
18056989
11246683
8177412
0
13665613
8878695
8189157
8832668
8335459
9287196
9102671
8864530
11289090
8274700
0
0
9034222
10804687
11321687
0
10854623
10676846
8614630
9274877
18179147
0
8234822
10516598
0
0
11194323
8858465
0
0
12465982
0
0
0
8092380
11782032
0
15758096
8987256
16125353
10957840
0
13186414
0
9152834
9480297
10725879
7798415
8430714
12182273
0
0
222371891
8512676
9313478
0
12442127
0
9072181
8234724
9570411
9388031
12318692
8744175
9788573
8941432
13244571
0
10069946
8541700
9994001
15765163
0
8182409
8986095
9528757
8660432
10096936
0
7932470
16950584
8313432
0
10289114
0
10255814
0
10005942
10211944
9775465
8620133
0
0
10796584
16307455
7585189
8307564
0
0
10599355
0
13138235
0
0
0
5834154
10646228
0
0
11018003
0
14941845
18370698
10105706
7885225
8505513
9718085
8104198
10651943
0
9372714
11064120
8059208
9395057
15860941
7158150
0
12302866
6910478
10404811
10412466
0
0
9157460
0
12264880
0
7945600
8129637
9300037
10230949
11042351
8868364
8850387
0
7976316
8679401
0
8574639
8244586
9809411
8299738
9938029
8210812
0
5942072
0
11475147
9582543
0
0
13313839
11232965
0
8793718
10762735
7328366
0
6828919
8047010
12245217
10574237
8973765
13069184
8772814
0
0
0
0
9010040
7426928
12077952
0
0
9791785
7929555
0
0
10392170
10792684
10079784
0
0
0
12554183
10842141
0
10498940
9166354
8159860
0
0
7683815
17563230
12480862
7218804
0
17684797
9390465
0
0
7593181
21000660
0
9443446
18442847
8233396
12675677
11751962
10454848
9478606
18751610
10370725
0
0
17640160
0
8036516
8337295
0
0
8598730
9170791
10525266
0
9644098
7779013
0
9582189
0
8577123
0
12161869
0
9425718
0
9130036
9616517
10650517
8426906
8338038
10344608
12909898
0
9934640
0
16222349
7263812
12713378
9619167
15622177
9169321
11376285
8004816
9573480
0
10084418
7877611
8777232
17628461
8927527
0
0
9052409
19141054
12513472
8078295
9532119
7242474
10271876
0
8871295
8033337
15703082
0
7459778
13216028
8086804
0
9766088
0
16817414
0
8369063
9986169
11741830
7536095
0
14491044
9464735
6855693
10981559
7905727
12773806
6611581
12597136
10408231
0
0
8200457
0
9403884
0
13104097
11089231
0
0
0
0
8052634
8119270
0
0
0
10140972
0
11726106
8975032
12067166
10405679
0
0
12086888
11829296
7774939
8594940
7430699
8310561
14316492
0
9003075
15096093
0
8263371
10388841
8005342
0
6989488
11367097
9241587
0
0
17432469
8356947
8339510
10836344
12679163
0
0
0
0
11205781
9015861
0
0
10473123
11205887
0
0
0
0
10018649
6428157
0
8256216
0
7569933
0
0
9499504
0
0
17566285
0
8201945
11641916
14828107
0
0
0
0
0
0
8861379
0
15527024
11165828
0
8444518
10714673
9150042
10229221
10390971
0
0
9579377
12456465
0
6425473
13449162
0
8499102
8445616
22764728
8675204
9008985
9630573
0
8697144
8846749
8083213
0
11657253
8927853
0
0
22642281
7852601
0
10307017
12076250
8820313
0
13606757
8255964
12600387
11807974
10014204
9266759
0
0
8734828
0
8252346
8968709
12305283
9630863
0
8398348
0
0
0
11156427
0
9139755
0
0
8691029
9226501
0
9891942
7874990
12677849
8306797
9874360
0
6020678
0
8504172
0
12554877
10422153
11651163
9512438
0
0
8559030
0
7926434
9832843
9958009
10607000
15766402
12489579
10135251
10838683
8706014
9430721
0
0
5997789
0
8389982
8145204
9569072
8987897
9150809
0
11858454
8346466
0
8665713
19299787
10571022
0
11181391
9964150
0
0
0
11981476
0
7976376
7297655
8779875
0
11811753
10806874
15450169
0
9080127
0
0
0
9015164
0
6652476
16770130
12652239
0
0
18516845
12983688
8016639
13983320
6981536
17569767
0
0
9033073
12965831
8027050
0
8450666
9836587
12532131
8371654
8921451
0
0
10182778
13333613
13069128
0
11382615
11378388
13016537
11566355
0
0
7874838
12623649
13006926
9022620
0
0
0
0
0
0
8003930
11762530
0
10850450
15997684
10084792
0
0
14948361
0
0
6151657
8710724
0
0
9539321
0
10935749
0
9818492
10739658
0
0
0
7461753
11594724
9806224
9723174
9204995
10698788
13015351
0
0
0
9517689
16482595
0
6604897
0
8803712
13160857
0
0
14691688
0
7994523
13919212
8907797
0
9158679
9798163
9572670
8155168
9214024
0
0
12416320
0
0
0
11102763
0
9320257
0
10896404
0
211661882
0
7929799
8513343
10642000
10370933
14402570
11116563
8205678
8478165
9703713
9449648
0
8949140
0
0
8088467
8123843
0
11396515
0
0
0
8252062
0
14374080
7996669
9789984
0
0
12401240
0
0
10307558
12320149
0
8664930
9395320
0
9690919
9876728
11800539
0
9035499
7088453
0
0
8532890
10001956
8468986
8425547
0
0
18777820
9059241
0
11597299
9520452
8899051
0
8380783
15391448
8475441
0
10098615
0
9011962
0
0
8241888
8685897
9497831
1833826
10447982
7558015
0
0
8582291
0
8847669
0
7497030
13273424
0
14975182
0
7901697
9784324
19500957
0
12175966
16206729
9341182
0
8749431
9027927
0
9124503
0
10533872
12861759
7206563
8694614
8690498
0
8619567
8612099
9226835
9775566
9500459
9004335
0
8514771
9914006
12075817
0
12881179
0
8491983
9219181
8809171
0
9349049
0
11498754
10428062
0
12391943
11620076
0
7621173
0
10743630
9456508
9287713
7163257
0
0
0
10257929
9375632
0
10279479
11345726
6462770
0
0
0
7787813
9982927
7984879
0
9532688
8358589
11767454
9345198
0
0
15058942
0
13207200
7821168
8668815
8145594
10807437
11868646
9213771
0
0
8311612
0
15768244
10263640
7702872
0
8369765
0
13827073
0
0
0
8018561
0
9223175
0
7962844
8403819
13490339
7782057
13408695
8380314
9387843
10240018
9262253
13544972
0
11353044
0
0
8325232
11857400
8266352
0
9091684
9705280
8306148
11871525
8064384
0
9944102
0
0
0
8086112
8807904
8274350
9637389
7621376
13699826
9686877
8948645
11666086
13746025
0
0
13646883
8756154
23057735
0
11156958
9899981
0
8411359
17429541
0
8012718
0
0
75085804
0
11760720
9485245
15903995
7227620
0
0
0
0
0
8099662
14339136
12323265
9770824
9753881
0
18077526
10415095
8166946
12826331
9453285
9440416
0
9240962
3650836
11428353
6563433
0
9182187
6293154
7931387
0
9371713
10510540
10476940
0
2138204
10758485
0
9399718
0
6948972
9214423
9848168
10736436
10003693
7079220
0
6215687
7816031
8617567
14672239
13066064
0
0
0
10651902
7586991
9194542
9753044
9389973
10198257
8065471
0
0
8518531
0
7383248
0
9474405
17134737
9820302
14374265
11624314
6503640
0
0
8387352
8845123
8520477
0
0
9963523
9720047
8184913
0
0
0
11919463
0
0
7325923
9988987
8069605
8427937
0
10295913
9110650
11539581
10920643
7690998
0
7245881
0
0
0
10337041
9071455
0
10411867
0
0
10876864
8793502
0
0
8674086
8937386
8286224
0
10913326
11122344
0
7326830
12788849
10036672
10124189
0
13610741
8108683
0
0
12334411
12502991
0
8077105
9293708
12321447
0
0
0
0
0
7896012
0
10578365
7996981
0
10835216
0
6477326
0
11587279
8837322
8458097
7698682
12946655
9922066
0
8302543
0
13920359
0
10169646
7137124
0
0
18813237
23786570
6461000
8910796
8075904
0
7601237
12906285
9199795
0
3983146
12185505
0
0
14074068
13004620
9709550
11554910
0
9459172
0
8809923
9309011
9134272
8446250
10709038
0
9824319
8307729
9889279
7749726
0
0
9041446
10270743
10989746
0
10533484
9415967
10864811
0
10730990
0
0
0
0
0
0
8581558
9755467
8175490
8137010
14419741
10510914
10153393
0
11464462
0
9612033
10718925
0
8017616
9840492
8039007
8160879
8870904
9106004
9394325
8036482
16407695
8753563
11319143
0
0
10040331
20674431
7699394
11810460
0
0
9403189
11126533
11592077
17603971
7911900
10220995
20497854
9598997
9624420
9544816
0
7128771
0
8710781
8585282
10058345
11634424
14346464
12265653
7211991
8550523
0
10384291
6834133
0
10639244
9810490
0
0
0
13495414
8709988
12631177
8881799
0
0
9806681
0
10980562
214186591
0
18081443
0
9395851
0
12235127
9448023
8534120
20719163
0
10680204
9504229
0
11113934
0
0
8794059
10498815
0
12185738
8084476
8077946
0
13482257
9669181
15908370
6790307
0
0
8822348
8735738
8281151
9250808
8855035
0
9203349
11660963
12351347
0
0
9752164
9799809
0
11816718
9486416
0
0
7651232
9545775
9743895
8333553
10079343
9189102
9039194
8429703
9897959
0
0
8656712
0
10072567
11003296
8326085
10831285
9627430
17626698
6942235
0
8692753
12583976
0
0
0
7650736
0
9592275
0
9916982
9368292
11138206
12244745
0
9834455
0
9578445
0
7974912
0
10600083
0
0
7769544
0
0
12252322
0
12113468
0
9485305
8637185
9064770
0
9604243
0
9761064
8061023
9729091
17469124
12823399
0
9578383
0
7422854
0
8144233
12866091
7100207
8823407
0
0
11210989
11658938
11689894
9044830
9395518
10177074
10836845
8492948
17572158
14037727
0
0
18803408
8533457
8231835
9666629
8709788
7415628
7304588
0
11919414
8697822
16831942
12427629
0
8717901
8014966
0
9343523
0
8939451
10870506
0
9050198
0
43166266
8445412
15205866
10132294
0
0
0
0
7743894
0
0
0
0
8111290
0
8910611
0
9756613
8345159
7279735
0
0
0
13110641
10581300
7547449
12667128
9500055
9429682
16757827
0
9320245
0
0
9549526
18856427
9336889
0
8395961
0
12896628
10105492
12863705
13817592
8704154
10024704
11615720
0
16495818
0
0
0
0
0
0
0
16779061
0
8312130
11027123
0
0
14188537
0
0
0
0
0
0
0
8468337
0
0
10295703
13136147
10008546
0
8593308
8632760
9913619
12622896
0
0
7825144
14750580
8981480
9606566
8693047
12331045
9919207
8856026
0
9504373
0
9073672
12701854
16309556
0
0
0
0
8239715
9498150
10446499
8355279
0
8244102
11169964
8258536
10131287
7341312
0
11852231
0
8334930
0
0
13184120
0
9476508
13411149
10330701
0
0
0
8752839
11109171
15554126
9721162
0
14518606
5213606
7548728
11305093
9479423
12843501
2130882
8859083
9879356
9382036
13946712
10829668
9899269
0
0
11735792
12595414
0
0
9609666
0
8855018
9065140
0
8820941
0
0
6988581
16848532
9559884
6775751
0
11102375
8806760
9964211
12979080
0
9670725
17198128
10962618
6011117
0
13083255
8196273
0
7666380
0
11817485
7396198
8059690
0
8139521
9221059
7956705
0
0
10092831
8498526
7642392
0
0
10480851
8470436
0
10801401
0
7965800
11330329
10657990
0
0
0
7474256
11546555
0
7824215
8572279
13514595
0
10694560
0
0
9726848
10229672
11525113
18829625
9203393
8778855
9727637
0
9169811
12530016
0
0
0
0
0
7901096
9602097
9600800
11293937
0
11341296
0
10377859
8459155
9312245
5445845
8054232
0
10676671
0
0
4035108
10389679
18830697
9287967
6276364
9618999
8354515
12621106
10124104
8923894
8406015
9059478
0
0
0
0
14922945
16072666
10082317
6074013
0
7445813
7770536
8278766
0
0
14762280
11059136
10159977
0
7904568
0
9270706
14616038
7503385
11765040
10836556
13546192
9361431
10816926
10645726
9117977
20461925
0
8505201
20354631
14817902
10310728
10374985
10027047
10327168
0
22419478
0
10689652
8493911
13123112
0
0
9266642
0
0
9058787
9158808
0
0
13576432
9750153
0
9078086
15775907
0
0
10323836
6977235
10784361
9831027
13592458
9194150
8803958
6151887
0
0
0
8497613
9264531
10020487
6458005
0
10169963
9054959
10343221
0
0
8364063
9695544
6183182
0
12651276
8417586
0
14685743
0
8043040
6960228
6974629
0
11615237
10308639
0
0
10866351
0
14000927
8826391
8578200
10185740
0
0
9212909
9037807
10903702
9377054
11802602
0
8483930
9662545
7708266
9344882
11703627
0
9807550
9668260
13608658
0
10124708
16464871
6509992
0
0
8887935
0
0
12728315
0
11286345
0
0
10349785
0
23558112
10046877
8695368
0
11842969
9387348
0
0
9908243
6003300
0
0
7334948
0
0
11517688
13030824
8517089
10643633
11094761
9225063
13709707
0
7777883
7506096
0
0
7929215
10480839
0
11009817
9323953
8099027
13210646
0
9840750
10248642
14980906
0
10396379
9145217
0
0
9079186
15666733
0
0
9171358
0
8824553
0
9386732
9178804
8483611
7692963
16526956
9870866
0
9210242
7244649
18888163
10177427
9079177
9492364
8413190
14281400
12173221
0
9892067
0
14753690
10993536
0
11806542
11677714
17116846
0
0
0
9898065
8264464
14568890
0
8401782
18342208
10705926
9855881
17208830
10473467
0
9187867
0
12336277
10244054
11231937
9348276
0
8458016
9282941
0
8134524
0
10516514
10194105
0
10067224
11789916
10077491
9258830
17065663
6203853
0
9929607
8949962
0
9952738
10823326
8950797
0
0
10485290
18777499
8359757
10050459
0
8589327
6196054
9827273
9498110
10933487
0
9628469
8195011
8646014
0
11626027
15072883
0
8834259
9514292
7341876
8201722
13579877
0
0
7744883
0
8512969
12041884
12973485
10964611
15251918
8561547
0
7021242
9069828
13124825
0
10026246
8875146
0
17512283
7888026
10964486
0
8834172
0
9166381
9762658
8723181
0
0
0
10125255
0
6382133
9717125
0
0
0
10060460
7326636
0
8549931
0
14619164
0
10222159
8409975
8421526
0
12302655
12079647
8495789
7049097
12121407
9910380
0
9519855
14913327
0
0
10353917
0
0
10535555
8077100
9436225
7667902
0
9854009
7379613
0
9032111
8299401
11354306
10896159
0
7699415
0
10103720
10947636
11316594
10883135
10786467
417853672
0
9416127
7784463
10344725
0
11119119
10080349
0
13072713
10554558
0
7376582
0
0
9853499
13524440
0
11014772
14581980
0
9016923
10577762
0
0
11147619
9416128
0
9663753
0
12946881
9583672
0
0
11650643
21141367
10903377
12099145
0
9843101
13994599
9653864
9538055
10362557
0
9088615
9294960
16834962
8511350
10554091
10293493
0
16473402
8810463
12621474
10677346
10153999
9924149
8176237
8805670
0
0
13550394
13484330
10912898
10176747
11575658
8965434
13415915
8986910
0
8424863
8640164
10575269
10264382
9243480
0
0
0
7492235
0
0
18101591
0
8022458
9815555
8962977
6568194
14038796
11867750
9189593
9474873
9570998
8383152
0
0
0
0
9305419
10043385
0
8165363
8953847
10051551
7832571
10103866
0
12226062
8497056
0
8103853
0
8903650
0
12638553
6827325
9457331
0
0
15504733
0
0
9930485
10388771
7604811
8447606
8880888
0
7030057
11021132
0
9049421
11052686
7540541
7812641
0
18032217
8064935
7652876
0
10161113
10555955
8413114
0
8423215
9023286
0
8604854
0
12625182
8118901
145485769
9928733
8963899
13643306
9717731
10952082
9188843
0
0
0
0
12147593
0
0
11296030
10077462
0
8596193
0
13493646
0
9276148
9728101
0
11790384
12348293
13288392
0
0
11372002
8468876
9457291
0
9644934
0
7554891
0
0
6337453
10480985
8487741
10022470
15608957
7513710
18266337
9576794
0
7562385
9058210
0
0
10440710
12464621
0
8645170
8939358
10762496
8221776
0
11670079
0
9676302
7383119
8949325
7852092
7337764
0
0
0
8494648
0
0
11714802
9456746
0
7117245
8491615
0
0
8824606
9313553
0
0
8542560
7900406
12233185
0
10499616
0
10585475
9641115
8291751
8413255
0
7558056
0
9216108
0
0
9502299
11402911
0
0
0
8883077
0
7564050
0
17112549
8770565
0
0
16231714
16731446
8012543
11056739
8747335
0
0
7964327
11035160
17015136
9087231
0
11572244
0
8347397
0
0
7494385
11103910
15593533
0
0
11828561
7809742
0
12420912
9071579
8327446
0
0
0
0
9064185
0
13667115
6917992
0
10466496
10736476
9820157
0
9530283
0
10069195
9994985
8750239
0
0
0
10180199
0
0
0
0
0
8087010
11522261
15779159
0
0
8428720
9995443
0
9599028
9184329
0
9449301
0
7648010
0
11544456
0
0
0
12647767
9714206
9252421
3683479
13569538
13141095
14408443
0
6001645
8537062
9691137
12493730
10108341
12774687
12692057
7608034
0
8514315
8244677
9259975
0
10524425
8878826
0
9680653
9777382
0
10424462
9150945
10262223
8914163
0
10569851
14269850
10752739
17985252
0
9211475
0
9486977
9086416
12097796
0
9978524
14759711
8415922
0
9006193
9454391
9153809
9474650
12294551
9940883
7027343
0
8995734
0
6774018
0
8516635
12727902
11054579
10049572
0
0
14146510
0
9862554
0
0
0
9161149
8133916
14682021
0
8991261
892191
0
0
9114170
8206114
0
9040041
0
8361915
20206165
8474484
10215316
8698446
10091391
12335264
8877702
0
7573548
10510822
12042962
9140741
9894097
16269023
0
13708464
10727107
16521904
8553921
0
10993595
0
7873787
16122070
8346149
0
7997229
10439813
11341118
9175766
0
13399480
0
7345893
0
0
9763611
9138448
7891706
0
8722507
0
9863923
11411680
8594757
0
9812083
0
0
7507568
0
0
0
0
9758706
15748729
0
0
10822944
12214649
0
0
9103216
6882759
11376187
13962747
11419267
8949495
8731122
9399682
7831548
14459733
7689433
8333126
12603952
9633569
0
9449593
9281027
9335297
0
0
0
8246614
7274793
13337076
10094052
0
8240304
0
392508465
0
11944212
9348969
10663055
9001862
9666864
8218702
11039273
0
0
7779695
11695612
0
8701189
0
0
10909481
10886419
7895710
9357460
8840948
10112200
0
15680512
22980541
10632676
8727836
0
9055327
11498902
0
0
0
0
12741016
10751367
0
8811726
13159152
10520971
9165414
0
10313639
12795805
8063092
11159392
11434860
8353541
0
14102301
9035873
9957583
0
9779074
13285161
12259741
0
12209219
0
8453182
8638694
11496179
11035079
0
0
0
9245722
20541693
0
14897299
20613332
10729475
0
0
0
7205072
0
8695972
0
0
11792673
0
10419131
0
17220886
7475431
10391384
14424421
12346419
9242660
0
10518177
0
0
9541347
0
0
0
0
9070102
17719584
10248920
0
9194956
0
0
0
7097882
10786136
0
12134159
8626061
10392611
0
16133567
0
0
0
12239562
6507882
6956853
12197592
0
8788754
6993506
10232517
7610586
7956593
9414394
0
6389825
0
9214168
8404959
8335564
0
8369983
10121998
7258046
8910458
8888049
8420446
9566508
7912806
11265293
7888857
9319214
9555195
10631419
8924257
8434648
6756485
7987039
10764612
9977254
0
13537320
9174299
7601409
17735967
8368178
9906961
9481454
7674652
8557578
10773902
0
8311588
0
8819686
0
8426728
0
10600334
6889392
9798336
0
0
14781292
0
11944280
0
12596240
10469081
0
0
0
9874753
8236426
8981991
9248883
16765758
0
0
7962365
9930660
7824639
0
8899132
10589671
0
13406342
8809967
8508435
11405001
8533392
8663621
8061189
9766274
12509445
10704295
0
10251916
10207285
8714799
0
0
0
0
9158508
11938909
0
13572413
11154661
10425254
7813581
0
0
0
0
0
0
0
8073022
0
16874205
0
9006790
13197960
15543361
0
0
0
13180680
11208532
8230581
8629056
9026343
9353176
9427541
8483785
7693244
11182814
9772309
8060058
0
8200889
0
10525091
0
0
8573675
8617809
8756878
0
9261271
8660817
10879280
12768494
0
0
0
10969276
8823836
7646802
9761174
5164341
9131033
10246724
7474688
0
0
0
0
0
9899127
9638955
8247941
8690022
0
10213202
10601231
10346422
0
0
10938520
7586473
12003205
0
12000097
9933438
8924626
0
9043886
11012872
8409047
0
0
10714689
10762834
0
15471351
0
7729892
10542040
0
8939130
11200138
15514462
8981831
6642565
0
11545366
0
0
8364077
9957456
0
0
11183118
11728660
9376987
7853307
0
7638614
8039695
6779392
0
8216836
0
9390494
11485111
11438935
9769217
0
0
9733512
14241282
7904762
0
10408012
11957009
0
0
0
10227634
0
0
9855449
11673087
9418494
8685056
8525641
10921812
0
0
9317112
0
7809971
0
9803077
0
12303581
0
7932397
6952361
11896693
0
9779093
9077944
0
8922455
0
11903238
11021652
6290553
12627333
0
9115287
0
9996930
8361467
11710821
8469875
0
0
0
13471404
0
8263278
10075963
16947295
13959190
8900716
12040171
0
0
7507976
11913581
14169166
10289286
10412817
6555045
0
0
0
0
14746447
9516687
0
14285491
0
0
7967300
10610119
12811337
0
9552342
9285272
13774042
12408244
11359872
15891967
10379697
11967714
0
0
0
7781051
0
9634462
13821632
9232210
9888915
10480306
8258931
22697333
7791971
0
0
8318967
8930020
7653564
8758195
0
9452238
12466362
9272638
9507629
0
8005128
8953325
9411959
9298976
0
0
0
8799101
0
0
8309844
0
9719394
0
8802229
11034014
10050742
17244888
0
13731914
0
8154538
0
9539345
10348614
12174319
0
8832378
7866324
9003383
8494690
11431572
11568677
0
9000640
0
11736210
10075269
13825772
12552214
0
0
0
10650899
6020894
7245376
8750081
11917158
8553950
10844703
0
9700480
0
8169537
13267606
0
0
14624437
0
0
0
0
8397752
8643234
13722410
0
0
7227037
8899356
0
0
10764673
0
0
9179549
9767403
14141849
8807660
10161000
7826795
9448375
6350602
0
0
0
0
0
0
0
9903384
8010175
10142433
13063659
10366325
0
14879473
18810251
8396966
9058877
8321881
0
9718780
10848436
21932181
0
0
9113780
0
11345422
0
0
0
10758532
0
0
11622243
9572097
8347431
0
0
10180101
11884439
13614630
10016697
0
9274333
0
0
10454273
8361430
0
7968100
0
13685621
7224037
8620753
8247362
0
9375942
7209852
0
8345609
0
0
0
9285917
0
12952235
10299870
0
9267052
13894412
0
9449276
7546012
7651026
9013924
8900118
8294772
0
15542263
6244675
8993927
8536195
13109306
8499171
0
9627295
7817867
9317237
10679018
0
9498161
8305328
0
0
8402368
12070848
0
8553174
0
0
0
0
10757158
0
0
12184543
0
9428797
14567386
0
0
0
12243455
7820053
0
9542517
0
10756017
0
9372667
7024404
13556665
8262321
0
7979275
0
0
9362512
0
9057380
0
12535111
8692027
0
8357405
0
0
8683033
8041384
14657487
10222320
0
9067259
8600017
9891727
0
9770325
7455561
0
0
0
0
9210688
0
10267015
9335003
0
0
9011947
0
0
0
0
8683842
0
10395486
15647019
0
9136359
14382106
0
13034443
0
9820073
0
0
0
8687351
10534449
0
9808062
12792263
0
10264496
0
11511251
0
0
8932977
11212247
8481595
0
9235320
0
9269269
9518541
11476947
0
13129914
13539318
14423349
0
436311474
18719389
0
10138248
0
8677219
0
9742268
7892392
0
9398667
0
0
9761324
8994449
7870444
8872395
0
16012546
10404855
8313361
7365281
8691000
8336283
0
15569464
10640549
11284330
0
6618687
0
425044556
0
6364739
9216015
8650237
12565089
0
9543703
0
0
9788867
8489700
10603097
0
6701132
0
0
10499074
10256716
0
0
9848939
0
0
18887189
0
10723975
11739636
11309837
0
9329512
11849002
0
0
10592824
9565396
0
0
0
11419843
10288876
8847601
12443191
10139194
0
8848720
9774692
10522702
0
9964039
7518250
0
7750097
0
0
0
10666514
9257487
7861723
0
11102996
0
16845169
9516696
12790044
0
9906450
8536509
0
10742088
7956627
9149171
11434854
7782378
0
17839993
0
8970225
9053566
21138068
16763406
8597786
15251180
9462831
10034211
0
7899839
8205904
17882341
8959397
8984016
9427816
7483631
15558035
9033354
10874417
0
6552160
0
0
0
13492525
8974113
8986763
9436704
0
9192037
0
9772709
0
10636608
0
0
0
0
0
10988348
19902568
0
8026265
15922159
8557593
8511020
9913987
8744472
15688858
17345557
8342016
8227138
0
0
18013987
22933844
9655505
10051415
15669427
9311499
0
9345881
6481547
0
0
8970556
0
0
9570878
16081093
11722049
10553985
7362767
10466879
8095174
7415844
0
0
0
8601651
0
9472364
0
0
12769325
9356034
0
0
0
9692003
11899529
15200369
9804312
6305492
10913423
9639886
10381379
8975884
0
0
0
0
0
19744048
0
9063261
0
0
0
12126570
0
0
11033923
10299072
14438964
9151664
8976306
0
11534556
11565266
9347407
0
0
19097891
0
0
8075395
14609465
10306250
7532398
10127795
0
8380043
0
0
0
0
7966692
8373492
12281934
10226805
8445310
8683407
9181988
9238115
9233322
9374023
0
14186546
0
0
0
10669293
11680414
0
0
9438248
10230754
0
10406212
8370179
14504982
9435414
8912620
8550108
0
0
0
9992178
9649984
0
14305013
0
8178758
13435450
0
10884998
0
9703002
0
7902918
4533577
8802392
4709229
416074008
8223177
0
8441132
0
0
9383005
9594776
0
8191632
7766680
12559649
10166058
8785388
11662558
0
0
0
9516935
7813836
7556739
10080160
0
0
8040316
10100128
10742433
9338678
0
16184840
8224123
15790510
0
9613277
9444973
10192356
8331619
0
0
8158939
9113228
8449059
0
20848031
9412640
16886930
12329861
0
0
8515535
10181369
0
12638743
9343815
0
0
0
8589500
9270474
0
18705606
8236409
11791754
17150162
8787055
0
0
0
0
14390397
7230660
0
7855856
8343659
0
7784775
10389001
8931258
10264435
12804457
10677715
0
0
8558325
0
0
8010339
9394881
0
8381698
8402972
13782099
9507728
8595011
8825621
16473583
7763313
0
0
12459940
0
0
0
0
11076315
8589836
0
9354973
9789112
9920115
10717167
15857964
10142232
7781629
8373875
7692011
12211065
0
0
12188683
8765736
10247254
0
0
9829812
8607398
9656664
9513541
12655127
8874622
8858934
0
10680165
8926702
0
0
0
10012089
0
9783157
11208598
0
0
0
11426780
7588324
8685104
0
10534294
13061527
8999633
9067490
0
10117982
8323423
11508148
0
7971228
11850281
8205721
10343684
13153223
8956340
0
8535902
8817968
11740350
10124543
0
0
9278706
0
0
9014824
12065024
12427696
0
0
8531278
13924504
13955636
8137937
13773767
9799581
13015828
0
12550068
0
9809217
8319512
11285951
8715240
19504640
0
11282891
7732275
0
7470656
7463041
8204989
6555011
9725137
0
10319777
9469155
9556304
0
15515058
9977459
0
0
9271803
9029291
0
8439854
11174438
0
9870876
8453706
0
0
10955291
0
9512933
9140562
10101630
0
13261077
6981225
9851241
12359011
0
16595735
0
0
0
0
10848842
0
12004654
8352727
0
0
0
10127332
8927330
6241161
12733096
9027216
9937444
0
13246240
11148230
14549912
0
14934702
18576119
12484794
10218964
0
11113691
8677179
0
0
8979314
0
0
13488609
0
9050671
6776453
8501117
7442101
5596042
9940146
10005447
8790936
9463335
9624375
9823426
0
7360454
0
11492285
9624406
11336972
0
10280970
9073780
0
7710000
8411782
12219703
12148856
0
0
0
10274067
9682612
10395493
8110762
0
0
9848867
0
11582190
0
10857595
9032138
9242955
10402105
0
9160581
9212310
8769959
9385587
7847224
9645915
16186831
0
0
8469253
0
9661362
0
0
12456108
11129578
9685925
13323302
9041507
0
0
9050020
13178476
8426048
11223159
10648896
10728828
7848877
7753155
0
0
9862920
12349682
0
10801175
0
8731425
10424681
11606061
0
11003018
0
8679700
8249644
10174672
9685149
8734477
8261206
8345908
10533222
13434417
0
9508427
0
8351933
9738937
8584829
0
0
0
0
9500804
9878029
10172064
11779319
10610595
10286253
0
8861483
10679619
9700882
0
8381629
9117738
11278200
9583897
7377195
12573975
0
23070946
10478161
0
9983253
0
9632925
0
17278473
9789420
8813983
9647319
0
0
10165743
12223393
0
14152374
0
8580336
9635551
11816486
8676426
0
9152659
0
0
6418430
10166748
0
11653509
0
0
13241432
7856755
9244998
7381521
8253671
11455960
9089529
0
0
0
12520458
9267165
0
0
0
0
0
8762712
10210710
9038040
0
8184482
11896730
0
11029058
12263128
9113871
11066877
7073456
9412133
12564193
8578646
0
0
10918852
0
11087567
8301762
15071836
8725881
8904487
0
9967253
11312147
0
0
0
8914820
10853006
13136790
8025898
0
8179805
8711533
7186327
14111866
0
16057331
8962218
9048349
7739493
8940768
0
8387058
0
0
0
0
0
8318946
9625770
7412963
0
8518415
0
7886765
0
0
8978439
8582827
0
0
12874418
0
0
0
0
0
8309614
0
7605408
6525872
11669899
0
0
12976881
12469004
7612832
0
11039419
9963900
0
0
14638212
0
6694132
15642058
0
0
9869405
10873847
9388694
7742018
0
0
10096249
0
0
0
18624839
5558607
0
0
9078029
8734987
11041403
0
0
8114142
9100548
0
0
14737311
8819737
0
9505917
10369579
12161435
10698847
0
7941829
0
0
8133331
0
8901413
0
9408442
8997323
12328388
0
9129705
9206942
9348760
0
7808553
8393130
9364477
0
10577029
0
0
0
0
0
8139059
0
11043785
9991265
7488355
11006100
0
14654150
0
0
0
13649751
10538066
10169349
0
10303932
9992451
0
0
9297132
11214250
9931576
0
9207816
8630462
8719554
10169541
10576614
11194791
18562249
0
0
8352017
0
15870612
10761196
10823362
0
0
12721690
8951384
0
9835645
7992098
11790071
0
11020911
7780717
6067188
0
0
0
9145739
0
13807010
10729589
9348866
8009190
8965099
0
9529085
11080498
8791025
12148707
10274885
11376648
10495487
10137584
0
16177875
9516718
0
8392249
9489033
0
9602679
10693940
8525318
9278453
8763090
10566244
9373930
10957923
19274415
0
0
8419250
9327086
7389394
7232238
8783007
0
11918887
14046338
8546800
0
8721190
10381291
0
10786671
0
0
0
17719581
0
0
7763374
0
9056088
7398385
11914439
11711921
9365524
14656160
11287347
0
10012330
0
0
9427849
0
8291374
9755167
12885348
0
7061568
0
0
12633999
8812608
0
0
11143521
0
0
0
0
12835698
9426641
11052537
12498910
8332376
0
0
8940390
0
0
0
8269018
8970262
7684429
7889066
0
9316629
19742080
0
13905360
0
10670597
7591980
16739583
11160202
0
8347482
0
8070902
8725868
0
0
10507058
0
0
0
9497682
0
6847898
0
0
11577615
0
0
0
0
6984566
0
8049800
9719432
7162853
8128076
8287225
0
10367541
14085863
5813104
0
0
0
0
11398647
6859415
0
8304724
9675208
0
0
0
11904054
9919797
0
7891899
11703501
8689335
9460518
8116628
8253117
9790766
10561629
8775514
0
0
0
9171954
0
9937480
14497010
9079428
9891418
14051883
0
9212659
10201025
7388718
0
13606775
18543872
14693949
8162623
0
17683103
0
0
0
8375521
8991474
0
46657816
0
0
8177318
10792629
9399368
0
0
0
8459531
8011478
9042188
9234631
7595999
0
9659395
9804944
0
8921776
0
10580365
16866098
8695266
12886091
8712897
0
0
0
10231420
9483177
7867595
0
8341624
0
0
10363153
0
13274711
0
10873063
7529603
8947922
8364117
7037261
0
0
9188182
9980702
13361875
7939987
0
8415830
10202155
11358884
9442847
0
8036563
0
10811297
6935519
0
0
9747527
10442976
0
0
0
0
10664636
0
5382993
10239446
0
9306824
0
8051009
8772449
14203168
0
0
7272405
0
0
8714951
17604695
0
14136178
0
16896718
9012171
0
9476096
9213861
6717765
8023655
11156656
0
7295122
8041872
0
0
11459887
0
0
17704276
12039766
0
9174241
0
0
8441328
5559678
9004973
10136059
0
0
0
11450627
0
0
0
9894039
10250365
13323056
10194454
12239131
0
9220748
13161135
8635360
9696008
15781388
8183944
0
13067217
8119542
8991905
10682838
0
8323252
0
0
0
11008644
0
9851519
9090339
8827984
0
9921405
0
0
8426657
9161264
8041509
8609708
8072859
0
7454346
0
0
8603262
8345873
0
0
0
9789847
7789069
9636804
0
10277231
9115871
0
0
0
11800832
9047979
0
8310423
6951518
9848932
9298929
9134093
8760979
0
16594545
0
13095658
0
15512737
9325225
9296322
9439103
11439526
8858743
10448425
0
9995880
0
18449878
0
0
0
6913496
0
8330485
10826732
0
0
8599880
7328540
15719123
0
11320850
8340218
8618058
8973034
0
0
9836077
15213492
0
10146524
0
8262016
10133238
10677815
0
9475019
211781771
9650591
0
8379054
0
10581916
0
0
11776475
0
10101230
8255464
0
9552046
0
0
10876199
16070601
0
0
10029962
0
0
0
0
12064641
0
8610780
6635497
8588885
8044864
10056330
8688318
0
10176037
13871060
0
9006103
0
0
0
9377311
7591886
7944741
8457344
11484363
9655319
7561045
0
7760170
0
0
0
0
9286669
13916619
8300083
8840211
9400946
10410716
9105110
9388285
0
0
10214328
0
11023408
9544877
0
0
16899268
9956862
8132745
0
11718091
13069310
10649213
0
0
9378908
10417394
7733365
6641411
8857998
0
9971019
9908300
0
0
0
0
0
11772886
8611769
8300865
9693824
9420493
0
8166327
7822269
0
0
0
0
7277752
10357720
0
0
0
11832760
0
12673340
8359051
0
0
8184667
9690100
0
11486766
7144867
9856276
0
11819558
7719353
8356712
13567581
8597958
9850245
0
11781812
0
10245574
11310739
11067533
8601220
12454039
10604590
9243186
8275713
0
0
9470596
11450817
9450925
9140279
11249250
0
12581215
0
0
9194293
9347060
8800781
7401744
12336596
10862439
10028723
0
9073614
9891466
7829294
0
0
15911267
7812188
0
9491590
0
7757856
6778189
17497157
9648359
0
8123455
8252307
12383541
10304993
10869348
0
17293651
11863730
10734602
0
11860936
0
13998468
14812863
0
8840448
11941283
14445262
7678864
10635088
14679327
0
0
0
11221725
8400820
10822988
0
0
17901708
0
0
0
0
8005640
9000174
0
8082109
12072850
16815712
10158230
10369183
0
10356740
0
12023579
0
0
0
10419613
15017859
9877748
9084955
12243132
0
12359467
11969570
9089767
7549605
0
0
0
0
8726216
12079291
9315123
0
8924789
8871742
7920065
7782671
16280684
0
8888231
10403194
11598580
13470385
9399309
18438172
0
9659957
0
10307964
8656262
10155815
0
0
13125132
8990283
9920825
0
10545711
8022571
8079444
0
9639978
11025002
10684357
8416154
10311921
0
9557408
16545604
14427561
21418471
0
8817348
0
10487014
0
8118547
9348901
0
16584837
11645712
8259175
9300046
9260852
9138405
0
9665987
15465026
10488654
15957524
7535036
14715142
8704861
8042078
0
0
0
0
0
10741221
7811838
0
0
0
12076991
9921746
0
10304429
8959509
15231265
8284998
8216724
8218363
6385641
9085929
0
9152534
8140397
0
12852730
9933141
0
0
8225704
10065004
9948850
9283912
23302730
0
9973058
8776171
8951633
8254549
10208945
0
0
7995223
11348851
10400755
8042270
9856199
0
17548336
0
15316299
0
0
0
8986083
8788554
0
0
8798403
8293223
9033985
0
0
0
15947348
0
7952472
0
16427471
0
8235876
12276538
11860472
0
8168083
9797423
0
0
0
0
0
0
8679812
0
13297242
0
8791888
9818035
0
13098322
18649063
11729630
0
9329573
6241419
0
14963537
7621409
0
8143722
0
13305097
7983673
10116294
8537316
18971609
12302709
0
8983909
0
8637928
0
8453360
0
7327305
0
9505421
8844608
0
15635185
11118919
10550228
8819888
9788935
0
0
6495423
9423914
0
0
10380502
12848718
8010741
0
12177249
0
13328790
8853326
10888848
7864042
17376581
9035571
8421792
0
0
10071585
0
8577334
7562950
0
10407947
9885874
9476672
14237177
13264854
8680594
0
10297498
8517612
0
9929823
10440441
0
14660305
0
10326512
10739316
10735986
11126753
9147411
7330041
0
13555702
