0
1444
493
0
691
0
723
634
771
716
0
2218
2131
1595
0
2819
0
0
3408
979
1022
2294
1875
1998
1189
634
0
648
3373
1444
1916
2813
0
0
826
0
1148
197026
2144
1837
0
94988
692
2631
1412
2242
1738
3809
2507
0
2391
0
2547
758
0
0
49917
0
1515617
3228
120443
649
770
588
1586
1021
1576
0
594
357009
1771
1657
1010
0
0
2069
1676
693
0
3041
0
3222
216853
0
0
0
2137798
122838
2046
2983
1112
0
1382
1572
682
0
0
1363
1838
0
0
0
0
1577
122824
0
1394
65864
1595
2899535
0
1116
1159
167963
10904
0
104878
0
0
0
3310
0
1666
61194
925
2219
0
2336
0
0
3808
0
0
2186
2116
0
0
1965
2115
0
0
621
2950
619
0
0
0
1665
0
321649
1968
34709
578
0
0
3507
1422
812
0
2058
0
201370
0
0
340855
0
721
0
818
2551
562
0
628
1709
1480214
0
1956
192257
0
1234446
0
0
1032
568692
218642
1507
0
1437
0
2606
0
0
644
1626
6247530
1404
1090
0
0
1639
0
281491
0
90383
1867
0
903
1647
5825
0
0
2619
0
0
0
3720
5497
0
644
256595
0
91040
0
740
2566
0
0
761
0
0
3091
0
0
0
0
0
3363
0
2461
141157
1018
144199
1815
1227
0
0
1738
0
2262
0
0
0
1553
0
452081
0
0
5475090
2634
125542
0
2219
82008
766
0
0
797
2127
0
2440
0
0
0
136249
2086
1370
1426
197293
258837
54784
46394
52780
2166215
1790
1174708
0
389395
0
0
1775
3401
3533
0
0
2120
1625
272504
705
281329
0
709
1469
2109
0
0
2684
191979
324679
48768
0
1950
0
149011
561
0
615
0
0
2034
1075
0
0
5247
106942
966
1569
10271
982
0
2337
5116
0
0
0
1722
0
860
0
763
1016
0
107369
0
0
10300014
101031
658
1105
2600
173386
166158
142248
1846
0
1853
0
0
1006
0
1972
1013
5969
1645
150589
2229
0
0
1977
0
302400
0
187885
181760
243086
3165
1103
0
3761
4621
671268
0
1580
0
66093
1513961
5530913
226372
0
4806
0
120511
183493
1006
0
0
2234
0
108376
241077
1011
1177
187395
2522
3804375
687
0
303034
0
695
180289
0
0
0
0
148225
0
0
79250
2601
0
0
3152
499731
0
2950734
0
0
0
2085
8471
150637
127776
0
0
20726
297982
2875
2177
1032
1946
314884
1166
1535536
1559
1426
89033
1544
0
0
0
2861
300914
0
643
0
0
1384
0
0
1409
0
1840
0
319068
0
0
594834
6709
2167
83014
0
853381
0
0
0
0
1606
0
3521
201212
3085
0
215302
300900
245536
1146
28142
741
699
1389
0
231738
231707
1591113
1774
2913
126268
0
0
0
276914
0
117838
156976
0
0
2001
806729
0
2598
1675
2928337
0
0
1009
0
2306
0
1884844
253906
0
621
0
2323
1196373
0
15163
1026
105439
253303
143642
0
0
2023
0
1961705
0
3020
2793
869
65565
0
227130
1526
0
4122
174200
0
251504
0
1536
324565
0
73331
2664
1600
0
0
3596
0
2662
0
197410
3325
176035
2943
91266
0
0
1544
1275
18149868
2753510
0
526919
574
508270
107251
0
1807
2083
8580964
3277
0
1751885
2612
1114
2142
0
172826
323633
0
1556
0
0
293424
337256
5920536
193393
1901
1346
0
190319
2214
0
11386297
0
9385654
0
0
0
0
281421
168854
101171
0
0
2759
0
308247
299790
2264
103777
0
2943
1563
2319
128300
0
0
0
0
0
1179
1535809
0
161633
2243
322164
310037
274155
265949
3473
2189
0
70427
0
0
0
0
4789
548087
150863
131417
8038424
58725
544258
0
1687
3434
0
0
1805
2768
169373
481645
385608
246140
2406
92525
0
1751
1048
264742
0
112632
5584
191055
0
203859
2344
0
256523
62753
0
13547356
76643
2330
2398594
0
0
0
5959025
0
2186
2963
6662878
0
0
0
150148
318916
0
198977
574017
239592
2838537
0
0
300214
2125
77792
186325
0
0
3419
0
8282877
0
0
0
3274
211652
222216
243026
2259
248611
0
236079
40774
0
0
6692593
163757
19629
263171
411244
0
0
0
0
927
370305
0
0
726
0
1601
737
0
822
0
1566663
503941
770
0
0
2460
2184
0
44817
1754
2085
302467
0
0
318965
0
99208
0
0
0
48157
92876
2775660
18471
1172
1264462
1873422
157773
211997
279268
0
197306
130807
270928
2208
0
0
0
94985
1123
168329
0
0
718134
15935001
0
0
1016539
231740
2141
0
0
0
0
8798
276185
0
285223
1161699
0
0
1712
20531352
0
0
1000985
141364
365861
0
0
0
173551
295214
0
0
0
192910
267468
1201
2041050
332396
82625
255343
3146961
0
0
0
291436
5570
3037777
0
1553213
1656
0
136588
5400
272378
835559
0
2071
342572
37366
240833
1797
324275
0
279221
130402
3288
5032
2718
355724
0
0
3081402
0
87222
0
0
2364
4196
43200
0
0
0
285500
597428
237434
725
0
0
2777614
270657
0
2158
0
250273
0
111932
214265
1061
829254
0
0
125556
1506887
0
205597
178675
321399
2268
257402
2249
0
185524
29914484
17102
199303
0
2113
0
2979058
0
263704
0
0
0
53693
230818
1976
320668
303205
0
0
0
1889
0
0
0
0
0
157914
0
0
1082
5462998
0
0
323408
269550
47114
866
96131
0
8567815
275432
735
0
1675
0
63383
0
229484
0
0
0
0
1092217
105316
281059
269355
0
784
0
0
0
0
297564
0
218851
105448
0
0
98250
1144617
0
149588
35111
105192
0
274829
546984
0
0
41448
528508
2856494
0
2350
240143
0
291044
225924
1058
507922
0
0
0
