0
5075
3001
1162
1888
2899
1986
4704
1529561
2238
1887
1741
2461
297913
3325
3411
3328
2974
2187
3176
660888
2575
9707573
2886
3133
3258
2055
2551
2127
9993
820763
2871436
3067083
1697
229464
7276469
2402
2356
2180
2228
1981
3269
1978
2582768
2698426
1908
3663
2311
2220
2128
1715603
1882178
3253
2974360
1975
2821
1943
1560
2205
878
2028878
402523
2433
792355
1825
17491082
2571
1880
1628
5145
2118
2197
6167147
3714
1222830
1342512
2288
12485989
2500
2654
1387241
783
1545
2166642
1829918
1652
2445
1226339
2162
2151
2631
1210618
1241
2175
1907
2584
2392
1942
796473
2059
6145
1769
1733
749426
2274
835003
10385165
1760255
678146
2131
139180
3017
1381198
3827
7845820
2838
480969
2196
1491875
1631
483172
1630
1240
553380
3267
2054
33667670
2717
35424104
1417592
2571
2053
2298
6199461
2652901
1992
3135352
268209
1533
2552
27135180
1692
2622
2994
3209
2079
3445266
2121639
1804273
4983075
3457914
2623
33908619
2327
1476041
2214
2622560
2694352
4382
1854
2376
7969
1625039
3218
10330667
2070986
2616
3950
1736884
3693981
2063365
2849
4112
2596516
2627
3391
2321
37577544
3483590
1803
2911983
2738
1908
3824
3308756
2366376
4745
4321515
5655913
2415
2304
2053
2673957
336746
2038299
2305
23003938
7665
660054
65593246
10877802
2374
2612121
2274
722865
2928
1245996
2268
2101
3015
2574
1610
3224216
3769405
38896600
3792991
6002545
3201517
2333
5115496
3815301
2594624
2097
2260
3227856
943760
2083363
2740226
1962150
3540131
3660637
37724594
1030
906401
2039
470949
3866
1386
1985761
1051077
1778
1802049
515788
1789741
3345
2087
7634872
11291877
2226
685420
2859
2346703
2513
3003
2312040
1971785
3231
4262072
1439456
3054
2473
4125219
1677291
1755525
1184
2441
3377
619081
2854
5826135
1851771
1943734
3496080
3478178
4869586
3053890
2612058
2569
612386
4657206
4570
4548167
1064495
7142131
6262567
2609531
4980439
1667162
721162
2116
3199915
6493426
2230
5160376
55686281
5778
1520
4475612
2877
2362
1602781
3823926
1439
253898
512762
3344546
2390
4134384
5714844
3769350
9423497
1549739
1922
5946640
3917281
3555
2919
5607227
2658860
1642
4641778
2211859
1855380
637039
340022
5256513
3864420
3037
2504
2446663
2599
28040720
662556
2315
4472737
15860703
38208376
1854
2245479
1497206
2749157
1095346
2631
328833
1601394
4096161
783959
8704
32492889
31112777
1555374
1524762
1955196
6549109
558461
7199415
10362210
941106
1887
6533
1092444
3051
2377433
3807726
1917
4596193
6156987
1658051
854916
4985943
2319324
240277
1481795
4452237
1147334
1702095
5614042
2655
7521377
3117748
2003739
1273343
2923
317383
2868
4260304
2824
4736607
2490
1447333
48086394
2750213
1040058
7618270
1930
3850316
6349
3122460
774863
5393428
32505242
3215612
5847174
2219
4154295
3694
2072697
2834
927507
1666
3908045
3267
2795643
3548
1558295
701807
47158312
1773334
3768
2572082
3000
3488337
8199033
22485357
3728631
5828632
1209279
3081562
2303079
3944279
3108
1075083
1491
1315834
734281
2796428
757594
9984508
2719498
3941
4652442
2347335
1155224
2971867
1090818
2345
1490103
2904794
2598722
2615050
7087799
2614557
2117
3471
7095735
3209
10340794
6347461
664704
421798
2941
2011754
1723671
2078465
4508643
1480848
2900
19256054
2631485
1122920
724679
1668598
4215
3033
4481
6300715
2537
221605
827404
1375
2929450
1874558
60306374
2947782
11317179
11522902
4982025
5509964
11504389
6491938
2955
2540775
50338446
2054685
3334212
2307
1937
2621866
2546248
2502
1009800
972550
2830
8355056
4153729
6105141
16716138
4761565
417130
1816916
1140463
10403890
1418
279873
4495931
4494747
9139892
3148981
8146763
56541779
4551023
1293946
1776822
2778
10017782
3151717
1281741
864256
2572262
1695
7809496
2936546
1969602
8788
55568964
2659
4607282
967173
8425427
2473
2800263
1575887
2212757
2503
2877486
2108
2550
2377
1445
1953
4678575
1588962
5748654
3823102
1942
41263954
2528888
2024
1333469
3541
2526621
354152
45673705
2593634
6173495
2769
923495
1292357
2811932
52850186
2828
2883
2190
2742559
1596273
2706858
29421301
1873
1770525
639099
17746200
3677145
23249091
6894801
12785215
2938955
1253842
4769320
855985
6939026
32428326
630734
3748
9048083
2713845
2522
2312853
2735182
1948
15754344
2609880
1669973
3602777
1045963
3719024
1932
2266
4918660
431832
2050
2534
2837
2948
2206
2197
5416904
2797
2296274
7695739
8009079
2814593
2623
3550
5721179
1687
1093847
1670
1714
4274879
3995629
2271
2263
3072997
219742
1349962
4507639
4550143
1150068
3867753
4188914
1597976
6469827
1145438
2067
36671431
703679
888803
3015444
6280121
7395526
1703270
2717
3044
2958
3430
1216
739404
328708
1366
5619589
1310
2929
1857397
921
4646833
3379
5502070
516301
21348153
10384680
1714
2252
80888919
1434275
2462
2707
503182
1837716
2046183
4758466
3183327
5402862
494533
6143
1820
4636612
1945171
1243035
1285378
2168
4391930
2975
3186
4348412
1154551
2645328
6008699
6664388
5736136
8908009
1990625
6137354
8092082
7292276
2135
3721812
2567
31940333
553550
9797554
7649158
822233
3818406
7516513
2216089
2273916
7107137
8988210
531091
8751058
4015051
7408424
82210743
2547077
27851168
1557
9169763
1946
1226493
5229083
4020350
1251859
3388875
347007
3583
375528
3016
3188667
3914166
5431123
1560
1170712
3811621
2150
4517450
9301555
257788
6396947
2815
71299152
131174933
3057
1895
4987558
2018
2801440
4784568
2340450
2583115
88479
955
27193966
2753488
2040582
1370362
1870601
2645282
5714521
5712296
2462
3138
6993565
2512675
3803
3917858
1750
4855307
22231171
2946868
3212
9561848
2933923
6852475
1777787
2897
2814
4044950
1143164
287995
3185
43024122
962654
2703644
5448663
21047257
32841458
2433129
3856623
34437720
8822368
17058581
4675957
5327931
3633536
2819231
6868029
3199093
710013
6074466
863876
1833155
5561955
929666
6057794
2588
1541
4312419
3517863
33382110
4942312
1266315
4221515
2031
3360
1454536
26669484
7136267
2870624
8907937
4547060
2187
3968091
1800
5511744
2222
2161700
5391560
3974294
11124082
5886923
2604882
2803795
1086849
2984206
1752396
2217
2250089
2175835
806528
4088420
1768
5180978
1117661
5179560
7475748
2706272
3659
2913601
2843849
3935368
1288107
2295195
49787068
7328597
10637040
6550940
1744045
1560
1411786
3856515
2460
1335992
12067045
3686594
8050160
1893626
64872255
11499072
4029057
2190338
1876617
34400
784162
6354106
1921816
1897003
5646759
5439471
627192
4290
766250
2566
23030864
5128853
2517
2266
4345952
3573784
2112218
3995
3125
5863548
10755099
3482445
11829887
2603
5891134
2132
2862395
2462379
4148546
2004181
45932737
1727841
2487
5811349
4875347
2298
1790418
3697659
1910009
4189981
32155848
2922865
635126
5768056
2786708
3486425
1665828
8699847
3386
770409
9253003
1538024
3238862
8161161
8434943
4614215
3307725
3795900
3198
4918559
2961434
2585071
2480
895018
1945594
6855155
8458679
2057
544824
26799257
1900309
31530081
2627
3479046
1662
788773
5178991
11957300
5009493
1270113
4540440
3157
6636429
3636
4792578
2507505
6879025
4852137
984490
1287272
3094556
1524591
4092953
4160454
29581571
1716977
4289631
1628560
6524347
2135
926706
2000246
1044927
7726723
2870659
843610
4857863
10729618
2795696
6781970
2209
4873039
1433717
3178551
1989
367894
155185
7131705
7303181
5193634
5954851
1138
12872142
73813517
4139183
7685502
2458
4956809
1118914
1646897
3457513
17428455
1592833
2913
4008178
10080169
9280166
26618657
587330
1835695
1691567
1559542
12195358
8299087
1180404
3154788
4345020
47745498
911367
3271
1151099
1495245
3485935
2568441
775622
3105
3549
3887115
3168952
1683567
3203645
4905699
1843
2118918
4016270
4534198
2561
3703248
5024
6325511
5030456
1031791
5119727
3169
2513893
4080288
2835455
4104
3424
87950518
6183878
632105
58241713
3518
3087550
6782067
5155839
30081541
4484
2956282
111637515
7893888
8822807
4125344
868664
5933957
10127783
2818070
4686995
1505431
4234
4610899
2036
2274049
1558282
2898
8669808
36131407
5246856
4524463
2921858
2962227
30569283
7414218
1727
2805713
12264463
3305586
3008
11770922
6835211
25401507
5104755
55076730
4589288
5583623
2591718
4687597
3742958
3769084
971686
854928
8090850
1503
2341
2235065
5968858
26612758
798330
4889505
8496717
6606997
3262
1733667
6238383
12220959
3274691
1921006
2484
3628
6554459
3755359
2452656
6239258
54124126
2625
3187386
4117965
5705747
4746139
2767
4870875
1361124
11313057
7491299
5768611
4359053
5924665
44105983
2410
7827528
55751410
1419361
1234102
6370571
2984469
3656083
2506592
1089181
8345642
5198481
1107313
3004187
3530605
1933647
2888977
7536464
6355901
604623
6063718
2754444
4806846
1823
5515429
2286828
36271741
2240691
31526347
5065176
11544620
4219323
4476205
2921920
4920919
3960349
18705921
1462075
2279074
3235634
42312197
4636104
4776
6985463
4756571
10063193
8761370
4949838
5258601
8385039
1768040
5523122
4380166
1757714
5399948
4893252
4729743
23193822
995791
3051261
6746668
3728717
5182188
22499606
11074987
3085603
5222366
6863838
2701084
5471
2696856
1784832
521820
20895164
7959171
3077135
769388
2193794
2770168
3664066
3395526
1748105
1533909
4516350
7426810
4690954
3288177
5840346
17814901
2434
4100338
4604791
2582977
2526820
7051715
4987461
2255179
6449937
5261620
2530807
7896951
349935
520995
9282618
674373
3036
2542029
3950636
1778347
2036086
5618184
804565
3440
5884663
5072023
10321995
2255241
2073631
112899111
1341512
8006057
2121
3809051
3966575
881523
2779143
3008115
2294150
6402651
7710915
3591715
6531337
328028
43120826
21785862
2326728
5024991
4076149
3961743
3524446
787698
6528370
58112654
29508722
13066737
3411535
4519082
3845199
16720315
4024
3765220
4437146
3678491
31491604
5841838
4043070
6855868
4069499
5906160
6251140
4714112
13460843
14616740
2605
3582977
6576063
5771710
6607110
10195576
3972791
676592
4177462
9554515
2323
6015972
4467742
43698566
4020982
7979358
21119783
1388329
19873363
3248659
2205
115114711
13142091
7911849
711100
3340780
33894123
4835020
3206
4640979
4920844
52510657
4440405
3201086
880768
25975832
3577879
42644643
7767528
3630121
4179434
8740160
2313
1187987
4584027
3573314
4407639
5582430
11268121
7416128
2602619
2154418
957865
2509167
978520
3238
11169903
6304053
1123467
6190893
7544602
2487704
12567168
2764275
5506066
9236184
8747666
1764041
8389400
2298840
15656021
3751799
6790225
3373820
691818
5168362
6026265
4026
4487861
18217844
9644768
1300660
150349128
3383220
3141888
20347671
2090
6322845
2074
5959860
9995134
42557326
6516299
8246621
16987269
12390634
2438650
2327
44311043
7580937
3623
2517
1887526
1090162
4176687
1330110
3064271
3352593
2335
6209396
3306748
2824858
642550
519818
5202528
2545
4056169
8562575
3168916
3421839
9907065
4230830
9852986
3962604
25037734
4943043
3783200
8142965
1597109
2278904
34527207
4089928
6882817
2563687
1459891
7622202
12226522
4002273
25455058
6605603
567792
42857840
43693759
3674618
12109220
81264
1992
75905153
2200697
17058679
4537074
6841153
4315116
3132
9372271
7645853
6303738
1960146
2330
6262833
5905223
8863396
3554016
5324645
1997972
3560200
5610072
1392499
35586140
5982920
5687047
9196295
6120194
10159687
10099067
7378025
680706
12578280
11903148
6952997
733759
8733824
14724505
233743
6313132
11962821
3349996
3060770
4246944
12009179
4940499
10498856
9247738
8300035
1502137
3882053
7216797
10105484
26807158
2730327
1906495
989247
3653100
6397587
6537726
1430825
5445554
2464254
2125
13292536
2686340
2812
1884916
1414863
7201693
2826852
30636842
7877057
5365966
2466989
2843926
5548316
7981440
1675212
2421
2554668
9200261
4956833
15446331
8121554
8192223
2499720
12367193
8733874
7779106
14544414
8424048
8773325
33312571
14158644
25923398
17627098
3104874
4970059
2054
34567678
37500654
2111365
1211437
3954748
2635940
1534
2945
1786561
10352452
4003
2054964
1953329
7408038
22995813
7366001
5451897
3597649
22054050
39127687
2948857
1035650
8742977
992968
3489
9957174
14503956
7757940
2956725
2988045
6916367
4184575
10881527
10756170
2278414
51773405
6997711
8016293
10630337
3185004
38551302
3410
6915479
1338519
2233770
9489783
1863172
5025370
63763256
60736015
6802633
4371073
534810
20300510
23084196
7768571
1933251
2927368
11344855
7078695
6662264
2678
5172984
4343408
1116041
4081885
12064926
11071399
2057428
2578
9765914
6533787
425586
9111371
7325562
6986228
8439837
2595749
7412689
2381
13927261
2341
5784127
395627
2892
2542331
3370691
6491907
5140042
8119427
46335367
6037677
9436020
6081026
1773358
2096
336566
5083296
2036229
9466937
95912554
541777
7934867
21603065
2959
2138611
2249398
6171197
6090606
5614258
6525948
6146186
3594623
2942772
53521060
3615
798505
6755781
2561279
60374948
13001072
14687565
632135
6820850
1740389
4475441
2966
2489
25522149
9070933
2164498
8690426
6852544
6893807
108638813
6826596
2462
4530571
1948916
16321669
4743135
3607487
24340945
7071781
2492044
16855139
12198932
1686003
2677
2573021
7420614
4155706
8004823
13035527
36951310
5364193
4716047
5669572
9697547
3782117
30368127
673780
2796716
3647588
2855
3435175
6714864
4547287
7784731
17836406
8933187
7524449
2078
6508725
2482910
1924280
1109494
3352
506895
2199749
4870867
15966693
6401446
3100252
2332
2378
20809440
17495381
55546533
10426627
66483392
4937564
25884959
2629726
16364118
7283126
14012508
2795
1879945
1613792
8963242
6202277
41394164
7157249
1520
5728421
30382480
2599
1782780
3208833
11581130
5134414
3476506
52226421
5916307
12322184
5719132
4063883
2012206
8920800
4292675
37422117
3972
3548652
20686953
3024
4242389
14395347
11246369
2169990
7522502
13747316
2168865
57072921
6383040
351870
14685096
6939716
1836897
13111659
18935290
4561028
2983
3623618
4185104
12432375
12975503
17759888
3308074
4881499
24959233
2191001
6475861
16670691
9304291
9958554
4940
915438
3525144
10185350
15301714
9435810
51122597
9685071
9088205
54914675
2182822
11772378
13298086
10825679
7333001
5533177
3544602
10305492
10922601
4233509
80743848
9300713
18456888
5949853
2467
7848765
15193291
7654729
7872980
11407859
4115211
9694286
5092863
6776299
11185785
5031004
1813412
14725120
17971395
7048844
7360374
5421416
5302230
4134928
16773739
2674
6846956
3782644
12614542
24104398
9693847
16752927
5754175
1628791
14024913
14666134
8608924
4060230
6043039
4660337
6324522
6991646
2611
2849
7952133
1913690
12893402
7230615
6281316
2353
22623153
5332516
1288365
10693757
7123311
11636260
3216960
9157574
686059
9735835
17409091
4266968
1377379
9524815
14511635
4619141
28648868
6917549
4597904
2724466
10130997
8581881
7837358
620972
7414324
42243352
84060161
7596508
614721
9271630
8122684
5317302
6944171
26967242
1666704
6159989
1864945
7480018
8581177
663868
7752351
14922140
8210786
5592692
3605417
5927262
3289
6885905
27336959
10781136
26708260
29095297
7867047
13704132
4661845
6512544
110811182
4997446
10560216
29904487
31666916
4227396
1392439
22625185
34917387
5297949
2793873
14310648
9023820
7974853
5273409
3400778
3748149
4431660
1483
8130690
4681
5053333
601939
3478687
17749647
11599599
27575618
3292920
8069688
3305
18335753
19475777
6131341
8177172
3153449
475820
2606
105840702
2170772
4897063
2697704
8073301
7160924
38166732
20742887
44614549
2231
19896379
2834
6554298
2767
1149586
11404415
57705023
7889009
5523703
3328652
7353347
542360
40068204
112270524
2454
5213418
10867399
25144424
4368402
3628220
31677302
4299559
10845997
6237797
17649183
19553086
6094544
3105501
3989846
45038082
12203286
75271312
4739653
75079161
5783229
2627313
21833121
4917812
17416871
16234324
76531449
8246612
7221292
6428716
3245
8046121
6366883
8402238
64871751
18515616
4819112
10394543
29482011
7521812
2291045
3091739
8398964
15394836
3192
3915200
4440894
3234846
60016064
4259110
4698755
7477469
9943810
1840795
76738501
1526090
50581598
10110279
9681520
18028356
9834419
44791684
2899397
3230126
8173102
8290820
17093663
9700571
4236124
4498350
13717087
3675413
7410242
2502011
10847593
8039253
3388
7159111
2595274
17918478
3136
52988744
6210083
2038676
6289031
19642256
6112969
2307119
9670104
5177477
3178049
2491914
4189080
4596827
3269861
1978931
1795
34808199
6035310
8139216
3225
62374626
3287726
24132896
3128609
2824619
11303258
12710496
5146776
63192392
435365
6212882
1505892
9680129
3274776
2276226
4152822
15028302
14353105
6420508
5212655
11893327
7726180
6209805
10712523
86438699
37015166
9622381
2622187
12208656
91718720
1159430
9928739
6848514
29825146
3353
3257
11928904
5045066
42207424
22826382
53466815
53374694
3045
21526924
8695931
2543419
20274565
4253739
11798305
2840087
2331370
205514
4405130
68281567
188569
10505951
14725729
4658
3717
753203
8400209
12004862
9343330
3689
18378280
2201
6817951
11253363
15947834
817649
12093940
5425322
14759740
11562555
33273604
21282382
13684093
9491471
3647810
12659633
21804012
3011
16534427
3809302
64060108
149832026
16328942
9316792
40878235
4014601
2479511
7451391
6954071
3963542
27832193
1106566
9532845
31996213
3406770
3967144
16160146
2110032
17967900
13988649
9965651
5147139
6812481
4177766
16813109
10340522
4392895
22397541
7240659
13144241
6152528
5828510
8614826
286443
13407235
5169648
7385940
12364504
10236305
612931
3160856
847274
18017512
22912596
14523276
9744734
11113020
1400452
5863672
6621853
15042920
1380261
1802767
8072697
6881214
16896670
2170
7781039
25726374
3832182
46351806
11061133
16593031
6779455
2061634
46195732
6701528
5565014
808619
1170247
5282672
3882584
6737249
27254893
6187658
34744870
5576853
2353163
1928187
2069271
118473152
110878479
50182931
23495077
6496017
16576579
65992663
5168372
14033910
2047702
2474847
1922716
3386002
54569837
10829450
4626175
71415523
15392827
5866881
50443106
17735649
41062125
11552502
9202940
3678502
43512170
2095761
4023716
14711370
11059523
15844672
105841288
7151705
10377895
44078577
5262796
11484416
6305466
10401056
23736820
6064998
4297424
3865004
2620
4660901
4249717
70112664
13823995
7462654
26828971
7962091
3921782
61593295
50179638
1980287
1918771
13177091
6158769
11699173
65467316
2174420
61315320
9843814
14876487
2762603
10929170
15866663
10355770
2278
4998800
8994056
953781
4882200
23192410
7652143
11982098
3450
9001955
7745814
5277362
13076006
6228326
3181051
27634647
13007871
15442825
4775623
9965732
8673348
7213359
1989
7362472
43380729
7178599
86047497
2026120
4331332
4666735
5037283
3554092
7858194
29215356
3214043
4268651
17703019
6159707
48760089
1551405
15661093
3660
7113306
22683382
40914714
8155708
22121966
40650222
5685694
9649616
2659290
4888628
3201262
2647915
41948089
2368585
137596491
3869883
10504632
12301436
844983
18167918
3632530
9849017
5707019
8002958
31935919
3819495
10586324
10332020
12623460
36110548
61194703
70957462
15650047
5426
8489100
8416498
18423321
27119884
6757905
61560272
33306484
19873905
7231691
17390356
3007993
73667968
18794730
12098110
5737633
5042521
5521624
8951846
33966816
3531208
9494874
8545003
11089242
9867393
2113
9951710
24152685
6160092
706418
1329401
78008203
1914921
12945793
1867929
7451428
50417118
18775615
26179068
4448325
3607095
2866573
4474033
2981518
7730448
12970749
5587360
27704967
8023714
22142609
12200575
9653589
1899491
77869621
8339807
3964119
12098886
2271759
5985297
61306383
17354561
3451980
6174219
2040351
3133
25438153
15463271
16626516
11205523
7829227
35212629
7587
6569288
12095438
46353386
101384232
10591642
11606549
18718330
10930300
12449217
40741103
16767263
4525611
48109409
40968798
29719486
7543335
4338814
7736932
26747253
29939346
14536756
3576
24362464
23883645
2682221
6586880
80999900
34365787
7184942
1880
50975150
1498525
5698503
965967
57801939
12300294
8998592
9307315
11768248
34589443
4981796
8741583
9438472
2204197
71602507
44930028
14325427
5749075
21264791
13266338
29592993
4345545
727113
1673956
4647637
3720022
5023358
35576952
29368622
42391813
4867860
32299621
2059193
10036468
16109574
15097851
26305995
7568483
12127755
3224810
7680249
36751096
6542061
107596830
5196327
27241803
13191247
95199847
13825624
10619561
96545046
93049436
14089050
44741791
4436729
715097
5155435
9734151
29841981
39086228
38476104
103804340
5858621
16959157
42285663
12601330
17582088
428817
8262825
9419792
7109370
4924512
4970744
12660764
11827579
10155140
766091
7337302
36922783
3901690
2117
441230
8374616
7456132
32725677
7136229
5424827
6172035
43152263
10729408
2347731
9562667
32366960
2785
2378
10288695
3191118
80722184
7227216
12005680
4212083
6681909
8096744
2828187
4346
76094641
5293751
38124467
50160246
75689777
60960285
30970972
2434013
3635
2578463
3824065
7419746
9329079
16965991
1552782
1350956
11612947
17017957
14559617
14317763
3364
59087047
8290051
30624541
7415134
5742806
3892305
15566444
12681032
17535595
12184174
23650440
67342845
31882684
6958175
35608120
10532990
3578
31524499
14035831
9744958
36240207
5836682
5872755
2547312
6131443
1423591
6340683
16238342
21604254
69301309
44830729
18879409
3032360
19060947
71428767
33882683
1385811
10019166
11851156
5912005
13334453
9640149
18338829
35290207
5336446
27591378
11151876
6362558
4727172
22611775
10776634
16322808
9368959
7613957
111001596
8543418
48932356
9923064
33342446
10706746
4704116
6926497
4068955
33287043
20811355
12988623
16038244
2500
6545645
5271070
3808508
16985729
24044635
11336319
13095748
5019373
38392180
49021323
181333322
53877872
31917519
42344868
5622641
17315747
2179497
6971770
2500703
4735418
23966251
4579933
4681978
7407408
52694677
2198
143989309
23446102
7063543
3314112
9019926
39761737
22086877
14357563
5053369
48233866
37513675
12530884
7291460
1910407
6014521
6271452
9178880
15724691
3755958
24857588
23055805
3436301
110393726
22156272
24901382
29085220
2708467
6173594
74900019
66185231
12542940
2502389
2947
17950102
55905491
26434795
10723479
13554538
10580725
64028380
15774680
15911617
2143640
8896707
309889043
8684754
8830500
19164492
4232184
7593377
2871968
8435799
18616399
61049313
9716533
2843486
13913398
111375721
147618737
3072661
25550925
4985661
5269485
29300522
2450
9394448
18968425
9726902
4725725
11349585
26207676
8005512
10329111
38565457
14772495
4396136
22618411
5845858
5402441
30882854
3311110
10779646
3247796
7553241
55889489
2509806
39600274
21910400
6351911
422355
24524604
30178851
16960344
15088613
66985329
19013967
4987182
3778
89431063
3607444
10287157
12274860
12262787
5951613
3380697
66613391
40785660
16654959
37110864
22153996
2049320
15251780
857933
20328064
2762
24808611
8864868
14642551
7789156
9226667
32875224
2639283
51429459
6837154
67050185
17827963
1664639
8199546
6912195
4658131
35245092
41107355
10669121
3506445
5145889
56513829
2947
21103626
21457681
24331518
17455727
6360253
79967620
6005601
11830005
98705623
10862687
18512363
55133500
4577990
7821948
4650424
28108131
28785985
15405787
2921633
44384039
2650646
9555323
38388669
39314671
77175206
52530737
12689095
7661038
63628916
5599017
3629696
35972856
6108585
10786826
165842818
11169523
16032604
29529369
6775902
7162038
25968944
38296490
6959151
5902783
12202530
68355161
10749101
249440600
16857187
9752729
35017715
21786086
2893256
4707116
13453001
27485177
27061231
3419135
216017736
3533275
24938477
16767188
4257313
8081953
4444094
2396
10425565
2680216
695361
17733124
49537703
219865239
3014909
6807924
12053920
9121802
7582771
11873844
2117470
171761344
5445572
543998
2313746
28322875
24048509
3981768
8221102
1098527
13955469
12155847
118372161
21924319
14113442
16668288
32644389
8854185
3069696
7340684
21461697
3002352
120796300
54367000
27810028
5821762
6193663
7561029
2887
12839113
9032736
6726012
15515153
65461180
5089686
6456584
6646931
6695892
7032194
3363884
2878941
4393151
63754064
12532617
14751789
8707690
30558867
24083681
128339157
9530518
16866029
13571107
10076967
240894191
5229252
22983785
105017941
3617977
6768570
4208685
56481887
374772657
9847321
7127776
49322120
10144109
60430243
62618108
81564726
10335544
42456827
6135770
34965794
79178101
6460132
10798551
8548009
10511517
2731
27853431
25119080
4063083
4216161
159209777
10584992
17915901
32574972
3645137
27261679
4845656
20431690
9561544
18795345
1772987
4224031
56052464
5653529
4717876
308690210
21827900
6259404
83479298
10818693
45370436
22291374
13454132
35876971
2765
38001373
24522500
5727075
39135916
36810733
2433686
66640354
108592238
25310027
27989555
71299085
52067614
5868708
4612444
62884617
43854384
10477567
17683783
14535166
27312223
106390813
82540349
57990350
54413576
16209746
24194188
21309950
5202715
23303541
90051897
9907510
664665
27684075
18096772
57589085
10413458
15777430
5263013
6112869
15316308
545609
6364367
10769232
27240974
9657558
15155343
15313074
9009054
1750074
4485528
12258202
12736995
7016118
9625485
13129716
11568177
29370601
40966357
2891747
16600584
109242457
27116365
39394648
2707995
93493060
13949211
11326411
6864582
12027077
6301739
11859947
3764927
49805676
17599063
13327631
43235209
152173467
9211282
21937310
6369001
37482002
19121487
218950439
3170259
17161559
18193807
9975867
5373553
3939068
27233216
23523084
19309053
6661627
4533816
17935847
13142468
6692412
26838409
7678855
54841653
15187685
8997227
12446496
38859198
147699363
3359703
3867678
7851655
3032774
14600484
16154440
2633955
43752967
22376852
7366074
3987254
11678689
13480897
57959589
10174711
17435239
4089
19228038
5313322
101303818
2055921
6609081
6394372
13129948
103115349
8014619
6138952
71139470
17418441
19098447
16029716
4106634
6325135
21093164
7487079
24616922
20061542
37389412
10398961
234881426
25424392
7292845
18862820
5817954
13877648
27104282
26715804
170955085
11920990
18081864
17980863
19705184
13375954
9984110
267780971
41542269
392387
8735059
8223398
70940660
2423211
104212998
336879605
27489374
7954846
107920158
3772865
2407224
2307210
46183232
3319307
146515583
10815390
189771950
4483081
19349751
6597563
7821008
6963952
13416140
16234803
5658827
9170944
21416631
2535
54570789
88680653
101649730
5022261
21865089
1705184
6215626
5167056
4074456
10932153
23729050
8012859
68580820
8684815
20539638
6845585
2367434
17554222
29396216
72197774
8778314
11480016
1500873
19087330
45906522
58174943
23782911
3325967
17500609
78941449
10021598
61964855
9452601
12940674
125921770
101427927
10967850
92623326
4858721
12116608
16648958
12086947
53102609
16529802
14277728
28722147
127156161
3043615
37491200
59767825
55558742
7834791
4171774
19866913
24681733
10429376
10408761
11688930
11883694
27408477
2996002
10998648
15932531
17008263
3311871
189991881
6504575
2094079
7801788
9036590
26460287
8130866
34901031
2087845
14024751
3870699
4079122
18369535
112953537
133126023
18791180
3626818
40924453
2604927
3311235
51335479
17184489
8415505
9695538
13428290
30247740
65701307
45624836
4034607
8288486
8382865
7497366
31314375
3241822
128049652
66981560
66759665
7713901
5981664
34321182
96486104
9564865
6352861
8199448
29496077
24299133
3089631
14935577
10477932
10487893
3780456
4379
2221829
98894214
18248662
65942374
4084413
32506177
4993052
13753772
12492834
10673465
6610796
5332398
143089164
5212593
40081362
59333363
27729835
30609143
21799972
5079553
16449052
2442021
88113309
57527162
26295154
19706696
17566350
17446819
1284910
10382844
34137925
11984670
14022363
8519077
5877802
48543604
50629534
16300563
16560683
25547945
25146176
5840476
4068129
347585060
5182933
201955667
71068169
41479355
10879611
22242304
59479159
191945221
24634471
33505608
7154860
19414820
14045137
7589027
13085419
27606976
15158928
15583314
170520100
952365
28972927
12069982
25808201
93541453
24468335
87691938
24618152
10437864
39009566
20148352
11167315
3754
6460528
10118525
47775714
10158205
9088188
47671452
52657504
18680172
55779526
20481710
117822163
8906133
20979190
361643290
335687461
96101002
33245479
12401595
5838912
6904037
15740471
8591811
14350429
6580725
5140110
8915184
13807670
60111644
166732081
6604576
297467489
41687057
47142938
29346116
7153924
20497901
20056109
24512582
17624728
73316944
2553140
66267615
9977504
61642218
3975618
100312597
15615706
77070946
6566373
11100106
15525025
1537004
73209129
16017821
23940942
4118639
2452857
8389883
22758507
18832702
10069111
2528
5996845
6007330
180744425
37850056
21886674
4194636
57970683
8361783
13953977
7388217
3440546
17911776
43526055
6070076
18590518
144066216
10936210
14628507
1588455
12855764
12937401
10172322
51323160
17538528
41475328
3121101
6797008
8032561
17255841
142556222
8704291
70117173
24624904
9320866
102784214
53812546
12653698
55869180
29090529
22439074
97488020
5340124
8989211
11258498
3551532
7278814
3638
79490247
4460902
13355157
202587950
13370398
52070596
5478020
15827157
266022404
15704081
109271589
6569392
19253709
752061
6647339
32170590
3353783
59024203
10217755
14104143
25862995
10727158
148583743
8824254
39143536
17022873
86282812
101555213
105260382
124522369
1239632
34739661
14072548
4518646
1436903
2528376
4651029
7660076
32637085
12847331
11522723
11895674
14309410
1516881
9468978
14592588
373293462
14364743
12980177
12930947
10885152
12610753
5108230
114753664
34900775
14404983
14282396
42251514
20429785
14853216
4616453
41208931
19020043
34246769
16379247
7922236
69006977
46749856
27584042
112591825
19661985
17292657
3739337
11303927
8362426
46843235
62100178
31800515
20257551
130539676
8570551
8183885
27258169
94156846
48183141
19930596
56217280
72500673
4488873
109682545
8739827
7003960
38838884
280589498
49296091
23082145
11670013
45787786
12132654
43846920
34618877
15910418
226076287
99242146
40951315
10036489
4160079
12192555
11475219
8562269
20666948
18204881
74887665
82352727
30029711
98519150
5726153
22653450
6356606
1690272
26405350
22407361
9118781
10017405
48270654
7647376
5236488
76679598
9006661
348470158
114779470
30214699
14356333
10727624
36868878
289806778
101860045
80333443
48068627
40258780
7164708
25113613
3205747
12108400
18736902
12135488
52332958
4078742
3783411
5597290
9577706
86983198
3104898
22296726
299318184
18951421
9428785
70437997
95827679
6508232
15690694
65102751
15266758
54540182
31077756
31014257
6844621
47329901
12477912
13851751
7871451
24414332
8005626
4928019
4809709
15633265
282145626
122614785
49279983
14668708
58131580
921065
51635495
21788577
28477327
10867623
23785402
5403801
17107880
7800216
21787625
6918972
4577466
14865628
9623432
2100160
26929274
5455596
10543368
53630066
5038560
19532557
64919436
38589357
10607301
3167
19589148
34669731
13775849
81543980
58804945
17914255
204300943
2518641
43757446
6072206
59714663
37335104
28942659
1367116
24147843
10683680
15114040
254199506
67754217
11859288
2112927
24224544
5954147
20442279
7563466
8015763
29244799
19479636
10334501
55856483
5966819
76020497
6640130
51751657
68461033
2453482
42741960
21104369
185700370
7303080
10877227
8420452
9215536
38046848
36029348
23077968
5956216
4590559
11283177
4679459
197301
22805979
48937041
7902381
105533881
19043850
17930760
11769641
13755150
57777079
13682786
14320336
18212373
38391761
6720743
26300662
31721452
2585292
69779287
19646013
24760473
7196654
25072122
3627
30651175
279399083
1317302
4136548
10155318
9620486
6991721
3862
24683374
3974928
13652367
4419969
74641995
4234646
62696284
32542592
6550025
7970797
75022562
9536195
58816558
36347393
5730463
14440853
378150230
21782652
2557
16501748
10185687
22083750
17600080
135950273
3669466
27048757
49474914
17609577
36291217
18736784
6557938
88158998
24830832
7290675
27722612
2880
8365569
25992508
13923785
16285439
134213639
21587477
5408323
49401535
27337440
28470509
113057990
218751601
5659849
4326392
26667647
47254069
13386900
137697575
18588955
415186882
133852593
34777244
6780481
15442894
26857616
15825414
4151462
45598199
9628099
20465133
3702565
1864521
7921650
12727544
12187524
27586745
3756965
13064347
52988890
3491694
207621384
15629488
90500420
7393207
153796691
13501099
24568115
25016261
15632130
63673906
6411141
19585986
33712779
7276975
51161474
15399096
32607431
10008561
107727131
164474633
15493760
49349710
20183716
50527481
13010257
674479227
7617894
28098226
5341256
22015648
31502174
359013995
59013852
8332663
268193194
73978030
5679950
9038853
80375150
10221855
7170171
3927217
108626498
8690869
19601307
12457354
15767383
9905434
87102319
113157596
23843585
5491219
8423728
15376499
13048710
1216856
12615311
7506076
245311734
19661481
12081367
62519501
17045389
12509800
4482779
24645437
15870450
7637323
37142562
3668
27539509
61544562
41956039
38220281
14485987
5406132
69535082
34089254
13424328
187385522
162154257
23798940
6196638
487912283
640367097
33041871
34643606
49679767
23850836
51715664
47876107
151979529
8552588
35144471
19384952
6814187
99109928
6475232
70173654
21322079
296682330
6957798
14537125
9764519
11021388
300477324
1225851
2652299
3725974
25289358
11223503
45513586
9067697
19160347
191617660
738734
10390905
9848146
186355147
21533792
8146703
1098944
9168684
35536837
20569612
8099318
225484388
45014357
35421836
10721655
58515935
63244986
17088038
25854134
132525904
57714452
30873281
8179809
22627125
84385588
39569656
14139541
98423109
80164259
2372915
37816711
109087303
15614503
962093
24048973
10948905
3966535
95984028
207089348
14164943
34863667
3980140
25404883
18989643
27706156
33553690
30188306
23966480
20604240
8346956
21305018
11068828
77607715
7285027
15021793
14238780
39347757
13344776
13492100
56341715
174746203
7834679
16830557
89124840
431170732
36223563
6960871
12908625
7501968
18653897
100114136
51296153
14577035
5050347
7929464
18053301
4473440
27313363
361775077
5780635
98795762
15726231
4201390
43060868
18157781
2751641
15133211
157137862
97898817
13636243
21047978
12979182
13378440
16167079
20073481
4259548
63693768
18244936
37453267
10219398
58642378
63736752
163487493
26281416
10099629
100068322
22198484
75979651
61956822
14983439
51551333
28472166
1630522
3716370
3109800
21792633
72716452
180978010
81959547
11105810
12876492
15484031
6788580
28333030
9964241
72039650
55604370
6625264
20327379
68249906
80650341
10684743
301142125
20908335
15178042
459819136
19812881
40293705
8110443
34674861
31920444
42370725
12396555
52680194
51533548
10757313
11227972
61594908
18830017
19676471
34484807
47750078
12748634
37327479
71408599
11442022
8149144
32819362
2991759
12644178
17123334
4622570
6589166
94192715
32875581
18076084
10454331
6324569
61577513
33239838
31495479
51874128
4970966
6351223
63514801
123590864
64484849
12295741
6166758
11979039
14561605
174390219
14697005
84360686
5320230
21488918
21181647
37591123
80271280
4396780
112873624
3043940
27641326
12287533
320379182
5744615
15500159
10141422
26706982
45009907
67111914
4202385
142200413
32066761
13180833
32170069
8614474
30621969
2973388
107251938
5943577
51473909
2619
38701106
41219341
8312533
81607681
8053095
18372200
117860682
66803772
5174460
34882080
11129881
24340944
30349831
6486159
15764500
7223867
15647709
1640303
20978313
65797959
199341722
3506584
17068437
47694986
3613828
21923562
2683282
113725687
19448163
135745402
57309808
200135023
23678257
69309698
36798343
73124962
47394283
93590568
4559066
1014101
13233516
20285924
41991242
25366121
20156296
13541682
32695184
140830668
32044573
23819739
12842011
8752963
19636966
112117118
69331738
32927762
16164148
25155365
35877887
12804320
11698098
41810133
13214652
50404314
9778449
21684360
13875672
67991726
4187
39780204
57525607
37609902
7677456
286485094
32634176
44830233
42265554
55351573
17138804
239122169
109966490
3124566
14318010
102973507
17201625
13201849
8192493
55295346
7912395
16732077
10919081
212493161
11137014
9707833
166002981
29040360
17872601
32095533
10083376
13198357
9958346
8024085
8167058
71868508
32169854
6228860
4896179
5250258
16468067
90994412
7565224
34995156
26929172
32059600
116441119
22200376
3473790
68078383
13184000
25557741
6427565
84314195
8596032
62536258
10405602
16429249
16644983
31555028
19956828
165432946
6451168
11308076
24333275
16645410
9976560
4883476
20013154
300237583
235349917
16915010
10003400
24749231
9067191
61731927
15808655
4091473
31845753
69893903
29032162
13517786
48091879
35419477
43097320
22351832
13063996
8763905
56642852
122367330
187354312
16884404
128829498
11537346
39756019
7885702
17766304
23659507
177094786
55135580
27487148
7302936
12153352
16016546
259719951
6251428
19657805
37077099
14067750
37200750
23457564
6031220
109926409
5426826
15595509
26871918
105142736
39272937
181361077
47416318
12942198
636835395
64641225
24067341
9676417
58052605
13832486
61932827
48463865
9118842
160256694
9524786
30503119
4442964
21624994
32386152
73924725
20476403
34377328
19584604
12632134
898034
4581054
376287169
48538020
312015177
12376613
14748084
17020814
30145271
3334034
297780385
6964761
15162248
18884349
36856321
143281032
40886100
13502749
455172967
26162966
65205394
115620636
55414368
33264409
189354107
31691954
38224023
5612911
31604450
176444322
27952095
168076178
3980146
22099986
16252667
46702696
20898175
31873815
537163625
22943874
5825007
2666724
17935116
28210928
17393077
36469148
15331697
5262959
93180730
235592458
27103017
347213362
2866
15026434
49745015
16191319
8617647
129172701
10159256
14475616
42954800
3915253
8284731
10612307
1903388
27188948
8078253
3335499
36242429
7837323
58184177
81217981
485581109
11640186
13735119
157139504
34373548
46435909
7711455
16247686
9856795
142316764
2094500
13482836
15670339
57027547
28731132
77919381
20339336
53249310
56214172
159015355
79095625
29447320
16308632
7283104
71630820
46072716
300753961
62451579
9555439
14565611
8992127
6188532
51472725
28588999
42339398
26731101
40396842
13093473
109980387
17269932
11390527
122907355
2169661
233456783
87767840
354485942
15122472
65167409
149670448
43133570
7901585
171593738
28247280
19737515
20707578
15885898
12892918
27841043
92901652
34250170
59035501
9991939
14964085
21833793
192892538
4080120
41353331
15374302
7579501
28575761
43703678
92077141
6430646
3190798
8922672
8474852
10349143
3643914
252837485
57957450
340689416
31136472
8414328
14311651
2853
33332214
12486010
177374473
22530184
7295391
29916049
171362351
64982794
11570926
105849958
10614347
69781320
79894068
36302327
33465482
15727046
9814653
184067197
35955332
3482165
94104166
298303562
10859347
7146919
53534975
23429960
71794303
395299906
10248367
5335690
13794754
84753695
8318711
9259270
239120103
20162611
9977491
64835702
36830013
26671174
691009
3674408
193787212
185880599
121512463
1955142
9247745
75064855
60226665
21747908
14338109
13226956
10015965
37605639
18940060
122409772
101430852
8762447
96406741
9765854
27810871
392231181
111263688
9274040
26534148
18688178
14036759
335359437
37666810
18844056
455585305
59653996
16574265
22388294
25231722
423543434
49196684
155061390
16502974
23791730
169332721
18551467
858212896
43699329
120019075
4443274
88074214
21536223
12516306
133412184
113701458
8514253
31473914
188140000
15544303
149802142
2056526
29135318
15160273
47917750
12725682
21441565
110369022
85545223
116099716
10196414
14134101
87392799
206318368
10110264
4672569
79700066
6325564
47640816
20213415
9867990
4813099
9217585
15897527
6114401
41291627
70526086
10286321
113312768
195740761
42663214
3440031
64897491
26193464
175409106
10427003
16167305
5175071
18111193
34188631
14819374
158421713
11405608
245453921
5124013
23570371
10770699
19617479
85799048
5176982
5278698
28559120
25394975
91887418
17438775
38658314
6599495
955066
104540196
84011955
16596479
263825685
6197204
80667298
16523179
109298349
10733766
49459048
9399043
8106335
27605501
77433896
12762561
13924223
116762211
69660607
108918668
15798410
35081987
118961454
6226134
7087108
37056621
210839106
53086419
60368047
67614046
303187443
34821642
41962955
18913180
16867372
54311328
9978625
3139227
55015381
11343795
55416722
70513973
5284627
263676543
104812156
210553908
13224583
16774435
42332558
52631529
23363181
18437836
65569755
71458124
28979428
6755238
13839112
29747645
4183129
140502963
36471575
24906188
12029764
4476
404091384
134891694
27777265
268431984
47096928
19734960
246187275
58108285
32636151
4356289
41596689
1333509
221183787
13019852
11517917
34591732
251288161
41593753
222521133
19209762
13183556
63258756
17858888
11434882
210713143
50856995
65623960
7005883
148572190
154826714
120824549
47083708
22239182
38908420
41313208
8573220
24222259
206332320
23043891
23960127
14010483
23398629
4086
53370640
267631480
136312312
11064695
261217769
245889353
3867694
6549540
6544280
5085976
46340776
42495653
56699926
18116112
19317061
100839832
20318493
23157017
40939348
9559618
18123509
12825209
11192219
3169
78872087
9016978
11269369
397601746
27698158
5833083
5690842
11223425
4874474
27168958
24782144
3337377
31086949
6286459
5652250
71700531
9620526
14162896
6497704
200198014
8531361
43175666
26813323
39568196
15056908
10244823
42242218
22983181
155997171
56187656
23191959
38847702
15461573
19821948
22257021
11369405
26686981
58889788
44929828
11011591
26491625
15863788
23270234
62017857
48998453
94791720
19719800
26877050
19216605
181325691
26089126
12153300
263222863
52090477
11068090
37749594
185379827
239989336
6312864
32649362
10927301
56143928
60647781
82354570
21415478
38750651
2976936
102163051
72643859
84022028
13627783
48132630
48771153
31887338
9169467
7673595
5821419
21329270
2839141
24603062
22926330
7177130
927752
348118123
77254887
31860503
6935081
14118751
187113984
237733794
54866074
472168244
16140499
37133305
7169707
9728025
16580041
67577119
234941732
12263340
68854454
973095640
21094865
7966696
61389689
406090159
127357293
13394902
30140080
16629093
154166574
28824936
24838552
954469
55916508
117191533
102976283
22924762
126583447
2958
44530193
5840705
58203470
9267055
1419800
15208239
5171636
188435853
110724274
9936332
11119594
8804801
12418067
24803921
6354621
54604594
18485351
11302209
296993685
37727023
15889022
57997558
4303247
24378928
796001
36025681
32846761
6683970
359207956
6066405
17981632
30532895
17486863
46797369
9821814
50917420
78875144
15205306
52390521
41213760
127105987
95861753
9076054
278163066
10642651
45173308
27825977
87826270
79536879
102601802
39220344
76927390
28294949
4856
20108451
13365835
8368308
21742550
41143779
4658829
52733597
40498993
20454686
40852727
353026491
30609621
34068785
35592398
82110864
176719777
68267235
36816986
24830830
127891110
42108250
66680790
48555930
37622831
42995607
61785037
7421788
74916092
19309295
23058259
111973899
146446487
11718651
46719518
21171516
40693463
129291467
18342891
34877568
111969920
23863480
143534133
98887867
9941545
9813694
3975316
146332870
290046143
59055168
138781816
48305612
9634493
7380996
16345609
180651132
9140812
10851973
87619933
85218395
22032212
10719220
13648258
13487690
149528588
57052558
37685205
22474696
17849090
39636909
24417150
25546554
16079448
95557102
76244914
107150992
58729377
319313129
37689972
9435120
139141454
25630105
11722150
2290624
11089388
588787635
72935172
7762816
3997688
3451270
3733745
13278172
38865415
80036810
18486523
480737
32310461
39851878
15556911
92865020
149113101
12647805
8289988
8660781
151322766
13502696
64119506
18404242
21323737
8794136
79057773
41775966
20115893
35206022
3603963
12533760
33653171
29092625
3810908
22315955
29780862
187244860
10456486
39019447
138066613
29363223
204124989
155756452
90880453
30620750
3208
3618
53986134
14755662
7576849
247181229
36331194
170584902
115129340
7925340
9935470
204863463
100080862
302830664
13827331
19162428
248263745
106130793
6883209
10325767
38325346
11857245
40501149
67825142
9850942
17249884
19942771
50650374
3313
60053802
70626786
11496629
23218080
52261243
4464321
10114060
72370535
13342582
21128814
24148111
25988485
11860982
14653550
37083271
11757882
20972032
10532468
76857162
5907672
46507997
3212508
314936042
15264362
25314325
441919181
15936247
275507575
112145291
9647516
90882073
76170880
15585080
32275490
90034254
22367901
20300778
15247453
19387508
31798578
472575798
32724806
14929633
79653401
24831839
15147173
14860854
298780571
49742619
56949071
142785170
138717039
142086079
101779908
1518217
185160856
500788221
135348832
255501557
5480809
119078687
10713950
20739198
85468843
134768147
151080448
12345602
23184735
64708663
95216665
17160742
46990415
54113650
26801379
25013023
10413458
9259676
25805735
18920254
46643850
8472514
53340543
274359224
7998479
29611296
5586286
46207252
233945069
8377024
41835289
49984630
13945165
32139910
63268793
272405851
22027151
16087039
12781193
83915430
11803227
211989285
3403039
42734203
62836576
24391866
69826815
43374727
16040403
7181146
5276871
182483831
48239120
12158705
40245783
70095082
18275985
2930674
68418949
2801974
251652141
69986222
48125420
25841491
420305578
58541483
49797296
171778533
43413833
35593455
135748775
115501045
13931291
200895668
102252449
23288215
10873587
56568211
633552381
4332494
12110999
47369600
52369356
22109057
53272457
8778018
63229348
693695054
190735710
2144786
134313801
225581460
58540843
56571536
709722336
33605484
46200235
251632845
78883296
27313311
3969227
29886787
247342248
11707215
377433346
61977754
13663699
42299397
146893541
231908987
100778176
48532193
45358955
4103421
4299078
145647266
124804666
17598188
67702128
34677799
172721926
80138945
93353331
11570775
195903481
33522285
72070984
220775657
34702528
173683603
46111554
9941371
6549340
14644891
414918839
57902293
128327912
745173885
87002954
82770402
53963261
10100421
365009516
23506436
202962801
41383993
24124892
68854372
38003041
57989713
103435323
645173249
41532756
88102438
19377366
372287389
6739426
33362834
10038502
103023624
106496577
12455249
15537437
44119808
69726727
198119199
183809634
22914484
15155542
94117243
91725704
39541721
3367936
24652393
33121252
141642043
26174370
59306197
13193177
7068262
284002927
26068923
9845736
23767213
107277965
55502600
41392678
19320089
1039185
41530931
6176325
39725028
75961732
619668855
14131752
36715292
124561711
64336658
182746233
47605517
16061941
12113418
29603939
57244322
514794421
39134003
6933702
49620063
35295958
32246097
2793774
34880474
10950013
16881261
163766690
62750409
117327799
6279175
5098960
73288791
67249278
133038803
158892571
18507711
9351090
23899043
247979509
51346632
16453173
521015761
79589820
13691233
28288019
33652461
74582807
151897953
19238002
11413501
124805045
56267338
23441151
61405350
509569895
20800511
143931068
45377402
34092603
6493346
221841625
94542874
150501756
27888274
16066544
28154953
2667922
189611035
140342341
7219463
11849754
250216904
69265626
62314933
40810263
47805944
64647469
240124335
7755965
49647178
80044398
127476471
243357370
35706628
56518083
26637882
50544129
28831478
174359676
30596115
14232927
11619984
192457102
28071138
2581854
88811755
34037379
91298254
9362986
12642111
270496156
13306937
6353760
28072857
25017244
12461009
216244832
99715896
29070447
39651220
23003035
102958121
52922624
45808342
333563035
208042194
29973815
285007671
25823882
31791618
40497399
6486534
4609656
68541358
479184252
16039685
9840399
5548701
164427515
3271
80987970
239471115
11247596
143710198
92391355
78207393
39659044
32131338
31804877
18754836
126425095
26366875
37082487
11550634
29764239
92869166
17080333
26159060
12037286
339897382
8295135
58402983
105923630
398629736
38092524
130216896
9849798
7368749
48281666
36978272
58169496
7760453
12034086
14630799
4214780
10012225
506228052
21835839
252202268
33100374
17487222
25068281
53915631
40176749
224836354
101213561
187500887
110911967
68589543
167375923
34821969
525414324
18664699
121257386
11828410
179132033
53852609
26627060
5815469
16751394
26658945
5365907
22631737
48752814
103869134
55412138
99528428
33413886
228385005
52855244
336312522
34487527
114435032
28375521
54308262
52116805
95327384
95863836
57667951
74667048
36811376
18107271
86991197
12015132
228988294
16806978
359565105
497622651
288234527
42868598
19802311
81311935
95295157
37141544
5932884
205673631
28813463
60594795
16935937
82460640
68294434
18781014
11241069
39406944
21819455
39116490
129276762
12011627
11297601
169185136
2275830
88602370
68406490
465177424
71464369
188789709
248988107
54909728
18033916
22008251
11380645
131196738
8557520
11578487
344498538
536477755
331810186
24929832
98282415
41988327
73098889
495605762
284807619
79972329
55450846
52462866
251215695
174246765
66979317
40381606
7354788
20977269
1453238733
398274538
420389852
2659
42667622
15216003
42312123
112116851
20409642
5254561
141919495
95278677
181258816
44073288
95289804
26238092
66361342
15767807
15806353
83644002
65464796
50009041
7790516
22567282
21199537
104311003
26910209
23427752
140049839
9522328
19366161
8649428
207313087
331925067
151029262
4333881
546051725
6896738
57146221
14802921
16194086
42367815
29268249
17101120
28507053
12039280
39827107
119013819
85775572
94359642
13897169
276084454
49097167
219223642
156563648
77471802
43427799
29038851
24379882
31932245
41334416
192176054
312645393
33704245
25117411
24336610
53849436
8041385
64101801
80960190
13032336
45842293
88919660
111144081
241151327
13335642
40620194
17108672
25229127
80750954
43136757
700628694
8110797
25960413
322850334
66602606
18832074
46702314
3526418
25017783
88327560
23894481
152046335
18140463
53811296
10222981
33239395
7939319
10930595
29010789
34503970
3298152
24682257
91898809
31326279
12682423
192776388
8830031
17542412
17917658
81949454
116331462
77113843
106253873
273818952
17046176
39653982
105546347
28651843
79895268
4064096
8780451
85065638
28397916
418196807
94738462
36604487
6967306
157247219
17278406
15462397
631858492
71669676
18090272
29504804
22902257
144354142
52559475
97587080
22431678
126114567
72538512
391177029
10955415
46270701
9650551
63655434
25406709
10631575
22127064
83335653
76409583
44188827
381026956
4464
29514203
102491848
222993008
12592718
106356833
202041881
5373119
53588913
199739700
11664619
129865606
60671903
8587011
36998321
65993836
15363879
474601483
3106930
54874037
42539565
143436497
80766513
17852603
208433963
13552158
16951525
23969370
77584959
175877450
19912077
145392693
39531341
540594795
6544219
14482380
290412636
31726878
13006295
284891045
3013
62809319
63582859
392026651
36340870
9277069
178175862
5621540
294153232
32822623
16568725
294555144
261627826
77109909
46950315
509617247
3020
289748454
87217356
37599907
38220414
31898667
18613332
7293331
160877479
63245470
53156655
28450608
87472405
16303587
74630827
64161247
123906072
423251886
27008783
383046885
25019485
13140940
74490718
2304
83143526
284323379
20422863
9940524
26589038
238492061
17963097
56339500
223536498
33626466
13616527
231502777
34856719
28191941
19936321
34001309
342403835
7645507
169866898
132996990
90874377
25769514
26158882
12954348
162116868
50634469
4098646
88334502
26416960
632169881
208830808
31826779
24314160
126116414
20868964
1030607996
35631170
218626477
15352687
80732227
72208289
86367758
80888219
126217862
10341020
220366629
179388404
65421877
6923642
89169046
14585210
3105174
111415469
70963191
20022295
42276027
191116471
41290370
162927252
33708899
6697077
49873917
18450571
70874732
9793336
84047888
53678833
170468927
551569417
44487941
6668476
22649677
365544313
45658242
117226979
119379235
363199289
15932100
65518003
237875558
35575614
843521277
75717635
208517840
27389438
8766855
147397063
3066
387817219
154759934
1706419
27836731
255676307
683267337
73905966
458020231
21411623
211081053
106861126
28172640
112597147
22569355
181575794
9786024
162657298
14181061
5587300
507170477
31462217
22728593
139640065
82354392
5606798
9978102
42127812
131838897
43988602
99259775
379236783
82692088
5588393
6496506
122173662
261573105
29878193
61166175
44670042
9006632
18083234
20514800
324387802
428192057
31962210
503378402
42541166
325002487
59921711
6751874
191638893
89834997
10868265
81517713
34572132
6418225
925438
744158395
109803187
64231840
67154758
166827456
154041417
323621219
31427188
299658242
88487886
186232538
10472493
28304736
17859650
116184419
91265080
663680133
15909046
24100235
15183823
43775739
13360266
194058234
6879133
8094505
33607622
290205557
16911292
133760498
147907137
80333180
78681184
53968822
17106585
60895734
119200295
127619565
152365832
48113529
30408780
9889856
424600403
19358430
102078089
43540401
59981657
120967347
22271458
39164741
505760755
47032525
113846968
222452416
478341996
30438213
20737677
22376368
29734944
37654957
71894403
31476655
68287468
51054020
54989544
17892297
52855373
55239875
5336
17157399
936885026
10672971
158033726
312170508
45464963
23910895
31626557
17107331
219330489
10045009
107181781
450099378
10110442
18892171
170330680
130077590
155390468
64333289
30453308
15926377
18332294
62919205
69384913
27690272
210486191
48146906
12554257
238743062
8783714
8689746
90618162
120829494
913590041
3518
41834826
8279991
32742618
131920284
111575149
297987194
38676724
2850237
128321071
199427000
289636284
264984184
16995973
106845106
114556681
89319733
266143858
336161568
2372
15322349
123194659
159167880
11289426
20728906
266275399
49163002
36698976
205689011
19547765
90575335
534176233
85990092
41362446
20117718
515750629
121829914
292605169
43940416
349073533
9093418
20270374
44385149
50702183
8382920
7996694
15225684
170458760
351330209
82734630
26521189
4217
243731651
131925784
348412323
33979032
41422494
27342244
4604537
460348218
793500115
101729915
21490265
41038661
11043944
31500931
2663896
107160212
281585153
98985697
104474160
111131751
108808382
12761491
28610286
308352879
145474367
11072773
15297160
4969182
33855132
310411575
4555315
20213496
37992840
106281325
43276188
69861706
610422618
363998726
63227081
36683753
119382044
54540209
21044049
33396134
144505083
43219956
6379406
323997075
101069325
42595148
135827558
160189797
41160424
8550153
37174252
44118165
35676836
55965836
22280342
13651981
66195576
111241231
117202215
72989630
28140845
23873491
35656674
32543030
34262070
27277227
36723746
117565544
275713345
1037034975
4881159
8105007
13857302
233162058
40313420
855904174
462745366
17500527
164081521
85484465
83957556
18407940
52327199
14976605
84477780
20683228
60780892
9008092
74643429
118744921
17108580
88584193
160829080
56817039
5577795
223336177
41257788
54295893
27796118
246086652
33368052
26205053
345897489
25616855
67825699
57586653
16829365
50194791
131873290
86908014
852242860
7689147
12726966
430883633
127142556
62724727
120586237
10873852
34359396
80180833
74539446
91288765
23047595
74245953
105388072
48706442
27921373
110314513
67260319
156180830
9805313
158537677
16209339
32607125
57045506
12331840
26920925
155437480
179542697
24172060
18139846
107856876
105639880
30878323
23855121
286313232
33830891
48203430
14329876
15124699
180620701
112872890
118071917
586277925
27737675
72770657
105077945
19578244
22537156
8406378
26828579
178658961
399295209
296912639
75885252
18141027
92246866
7153759
47402523
15557350
11938238
52339741
13290748
158879398
324016063
43903260
193060169
167252905
54443584
37210579
156345517
237534975
689745545
106376432
10570474
7876906
121010943
31370372
58752055
61728637
25910961
11953006
77867524
72272994
97085064
47726326
57231390
55168442
86122312
41073889
44939817
163499614
29927113
25454111
28119719
488141512
225297624
11746168
51560573
15573199
34900079
228311574
23000078
51623308
215221022
70871458
26495966
38909489
11179704
217011961
85661898
17868914
75808348
18477251
29721499
11962559
31978349
165727894
652499718
211699849
146131852
36334979
25779749
30852576
89472451
156482616
14332696
166614991
119198211
29361621
7890151
16849665
26210715
10747335
129580773
14747850
61728193
40277485
133648794
19454203
6037532
236045538
71267763
59676787
9047499
57010271
24515618
4675034
444423996
294184723
36435828
178262524
131116639
489804395
28727982
56101163
6749779
10623152
213662500
25385364
88594875
83163105
1069408
14459183
64046896
17807615
10494481
31855000
28310698
123096241
47468584
58941452
69082206
168793058
73750396
55778908
311255755
48612028
27973983
83414781
15128754
9517899
178992636
75452574
8033230
21889554
154759156
133875281
1953499
339472047
28464698
107932882
37711784
46909142
44066677
85637299
8085569
42739563
155411033
74647729
344965440
111390249
6365756
147481449
21009322
11836725
16759797
17555228
24084638
15180433
238929237
378182738
145163099
137612657
135954954
16786424
565388193
21783971
89728468
142440075
135297208
188287854
10343256
584450668
5655120
182224674
184964003
40702808
42060407
201013864
54533884
6958062
37314623
147784753
86450943
7546347
137531802
159184599
19305341
569557084
284924498
45805459
274346710
36409314
35680830
239281382
140735727
295256424
10720649
85397953
27331681
13631457
330359038
575364712
103437887
10320562
13646353
76912689
80362179
45519070
290559066
9841712
105225460
15776693
55457807
379543203
19621590
271547321
126609646
341999086
22935949
101326681
25602565
41804969
11520806
32197998
148622130
27980569
15136215
81836082
163544787
147486961
22424669
1748664
56348626
9659011
23367670
22046668
213842585
7645850
17309201
53915618
14828893
33788021
67058161
15996764
121059514
73207201
140638904
148330553
15016838
22925523
21060766
712894153
100688543
15998500
196378187
2858
18771050
62579577
17600786
23416021
91384847
13999664
7870111
91033387
244091264
798635522
46171089
46440843
344359684
41402266
129342794
498773972
70493368
198393494
6965867
23147676
183540710
136086676
397543798
24659108
46406025
22870553
55898002
316476454
126991672
345416465
45434559
58442212
150923466
117976767
55694665
30345477
13193350
63054073
181291300
269967846
60042966
465884568
55312124
25041043
178497663
120479974
23539262
188105153
439346951
44749574
77388461
251504149
38685163
233145328
25456388
239237724
35382445
526075867
9135013
94863237
11427035
33609735
217608656
28973654
504137764
113912746
36128955
501050313
11216497
87265476
15029191
87103532
341252076
44872901
97374945
18457142
488470470
30116139
10918482
209769491
20317144
59034428
91545711
134187068
14399166
128829852
4314294
100582230
134529699
105408057
146014237
262424989
12897582
254837331
458152942
159722737
662031726
11623563
17238465
17726611
299249101
18842432
212285112
27202164
85694352
14794766
516268928
120070486
34819052
42492915
295349832
37698465
760781181
12153918
28374132
9375155
11268110
22217020
63037192
78962545
10303400
365043701
198264246
169584340
51698654
450253004
232207947
7584283
152997872
19400280
112422716
12407222
77603805
22701576
60665610
595488921
14311521
144051919
44838278
14079361
53777833
5629148
6247345
121273526
33589789
47215945
39748627
187018673
10744418
103682125
112536727
111975759
24908677
140154215
20238591
121175199
95809139
37097254
451489613
229554399
107345972
349843459
895542965
235415334
84334069
438829027
67143296
141532114
36874046
109204455
32972394
11011527
39285894
66191298
38230828
96046787
164268852
232755265
99875192
14268931
53762442
306584092
151929822
157845909
7339908
234452213
518487400
98907648
73464301
61459809
21337002
10847501
92514141
102125836
29699808
218389649
61143729
215912631
151748180
187731017
56794723
203588474
107454005
22777503
67596132
620040325
23230062
65819635
131832929
208050687
302573663
283421345
130770162
73889815
70560293
76710434
8640689
1126867075
35400488
5201421
40211202
55377493
67266396
95859249
383724878
212690440
181476999
13196800
690836769
40355793
14099740
3165477
15180084
237796789
13522508
13791491
191546372
329731781
74245524
117438828
25791796
17713947
655443702
152745487
68950493
16692294
24429187
243504683
170113771
22311912
197372365
13259962
10139781
310732190
17333288
223957162
91074972
976524803
24301827
54335395
21615174
139341984
78857652
550712408
48303259
31229265
49652275
13100966
41720288
152616039
16146516
157514124
23723113
68218110
51945418
102128500
70938348
182226782
223404003
61956189
6933653
10229566
16658390
105088658
34083415
74325747
179149254
19124488
213073114
132931531
44077752
169712796
33398580
41595990
6062890
38265960
54400394
165778762
280587415
4609749
105140073
29771386
39349523
68014836
749126463
82108603
318819168
97399966
204938495
47900368
73900465
106239176
66639580
144236203
402558267
27059386
29600487
67112232
11090617
204379594
71918215
20669573
24535904
286472425
159946772
23250946
25705926
16982956
239195595
10291792
237060125
123192372
201755961
36412305
236049571
2265663123
35472107
43419473
96223981
425388983
76417000
181357711
212991200
117979216
230092833
47424283
268346470
129384149
317320002
21591034
40541355
9013620
35252361
286167882
365353093
51388161
9761260
48223460
115443529
13447710
50015209
17624124
19397896
347876357
301644410
605667039
190767826
234142593
120363803
27762701
152002159
119796151
293496690
51762865
656838939
154210923
849238186
584725759
16535558
19349998
23196309
117162419
57029920
60799206
163920507
23416593
289633947
2773990
8363725
526051242
69304293
107669307
220925440
80252628
23918198
18601549
52313440
61288370
440541184
8244094
72625617
146199607
82714575
177569655
304483340
384637640
5398115
110835122
68445376
55913837
464878550
324760154
58012838
259032894
149658894
99267570
186841337
6728284
47930985
269202369
201052073
410261160
87626111
161814200
23866309
70080350
64508645
16956282
346791990
21576106
43576152
191721269
26113317
8414804
304176661
20669880
912794341
72423048
7808323
86045018
70374157
121534748
23839335
5731718
22377333
9087441
216802666
11294896
573133256
104185681
53567301
123206846
90271402
51801086
10089277
134047972
47571609
192031132
383498817
211857883
56355486
93257940
28964324
54603180
513437287
22340312
223095107
109954349
62672977
233128392
124282656
705787087
50529070
18469893
92999130
394711957
90920609
297824491
317130048
341093512
156330258
24905835
637428097
126262963
405781664
84127159
4116507
27401107
830579026
64587024
25365902
138586778
202826847
220447218
581794698
36311888
165214449
383836258
16486546
30444838
227938096
32235899
190244377
83104019
18107947
33283212
255212314
90968680
17722232
130550232
620293395
74326775
32273506
34816055
397425430
170792082
9741759
191814533
6096748
1920872
354985382
28213601
56363453
47388239
111904062
64895897
10506653
68153631
74026334
163198366
71894778
113079387
98683754
158577009
5896596
33808816
157014024
724407327
106660728
249000713
756728240
46203952
143055299
68323303
270168151
40446377
104651914
66359870
170730538
8231578
148336288
175364753
143841730
310732913
2886861
864374574
167427955
161942121
145116750
16491244
23408514
120253797
920369143
30524155
294240240
148010225
79032803
187434972
15986317
88611568
15531727
106129397
177857245
8538181
160513949
11605283
232846227
150552939
14023114
524175674
55297560
29891265
460007575
1147861260
20961943
7327656
557036585
3744950
161910061
36676086
117876663
14896013
637188377
215729831
251349522
198307271
557954597
65654181
17599403
213562470
215962667
13315538
67304405
34835727
82200694
689360875
670735312
120753368
36656664
80066746
86197573
122631789
12365043
78578090
81972060
126158938
63716915
616372008
162820119
78392596
49794524
51889897
617284400
230437594
448525681
86064574
277148559
20302108
89656247
107766190
238967886
24289466
491752699
65292066
19776220
298631242
182174403
19930241
165688511
191220592
386133510
510538177
15409665
16469097
41116476
11177118
66945607
202865699
10022181
104803862
365271990
634078101
104482571
9285136
36777191
216092074
8774434
40175733
267812646
137431915
100770817
84209710
35709847
25688532
223124053
13771613
240827922
143486216
64550736
587888571
66861073
21296886
362308820
44687502
177824627
148389077
661692406
51358592
89334226
60887242
150270282
254352062
229543835
390585269
6240870
1020217723
252363710
74386168
110918936
417831275
14581479
364198494
29534052
21896818
11946247
21588085
141328553
44205573
27035103
15772577
29381229
23933607
856608419
156095436
107468320
15396303
523695553
266354903
99013810
83283405
72054574
33389017
30642526
92800857
131467314
203796241
6849205
84833406
24629361
9595212
22966415
200791834
585840910
301272184
15203850
197813507
14628846
31453956
257332401
157769545
33628843
271980719
93144648
72741569
118808174
59424814
6234
71694590
134616239
290036575
30327887
69370960
2041963
114272215
26053747
16386383
526689527
25293020
116545436
204497170
57383683
54905931
224266537
40273330
95522549
19816503
56425579
55028875
625622740
14163160
920514318
9923162
57066342
209141923
42320127
23814840
174279171
29552691
79290925
392555329
45766684
194705726
68790433
56065383
14961993
60935102
135702426
4015102
266726626
131909525
16406682
26046369
100327195
108647763
37563805
254569931
108267310
300276007
188669761
112322999
51008113
1006154278
83467982
44221564
46885641
4014913
144400781
280693133
39097571
43727238
25114566
123881547
1676835
196204709
38141870
299049581
388585100
60357652
433917236
207494628
9564887
482675000
786913485
81888064
159622479
99447990
376873592
10475623
13763708
647548955
23419714
34306022
97591119
111948045
155803662
311807801
44961358
12112988
33491171
384824938
87457715
66962834
421630859
47913550
425688474
332274031
15024164
40257602
365768605
20450606
81120523
73309512
120601871
81404306
248389877
446228561
84243110
73684871
64594314
116044901
20528283
716386202
54545738
137104587
565772889
142547138
246109570
70082101
118122291
17063022
319648502
108449780
76467197
98875988
27824799
31665264
417837087
134433685
267805527
18231436
28878726
49894970
21546918
100140423
115922632
317187295
211270680
36589232
183040770
159240565
971885449
57032454
22878057
202072132
456153408
40480536
284674804
36675645
351157322
309918438
217923218
9567670
13077132
69538402
112205917
32108319
26096330
516789520
18864402
91614105
345638614
223616960
188047924
65052391
132997530
60609121
41970332
22001867
77532755
49957680
53961924
24512371
151806120
344432665
99813069
117896225
25217041
187074768
103046054
19653548
11195933
280129775
198219367
23721718
481488866
155815875
36511402
221794573
78416790
120791032
473293904
145264410
42032967
109881552
255643483
115305788
41715509
349247475
167777158
347453154
168992692
676642334
16753281
8062565
148597794
143653078
613125388
135301125
98303676
15593826
727708367
90287502
123220309
85854477
9528103
67222465
6875163
459062285
8697868
24563101
225665201
14302978
10364776
394840884
14375656
287677525
269546618
219151476
115789151
191744104
16617468
13896627
84564045
43085363
51170008
7114270
112972965
66998947
52157054
10551244
62712367
118429134
43396484
26784894
49161798
17618814
10145449
55965059
3571
352607804
18393938
665709918
65690029
70723086
359328466
717418136
238014149
203686550
15344381
102144057
751017456
12396540
189133877
66629720
95877565
37058153
604608692
391070587
290936406
17377674
23594701
263264815
24469116
55658570
6561058
238971929
75534423
74601850
65811090
123489394
272084020
460140111
58659774
111352846
69311364
189549123
164714980
45284289
50347198
81500880
243512586
16768311
14474822
41300513
472150368
250021456
96510386
96771884
2957
27522439
84969553
327905108
90316109
575279548
19227785
616308042
133023139
88134576
403048418
10243249
194673891
206118150
30048834
11597568
9536795
64997138
44702469
35856083
74587596
204757410
257974268
67788590
7996616
96665567
8692982
618543698
83655069
14466965
74906126
32820725
66967301
10668242
238974279
174220260
45709161
344761053
15067999
15870711
3604537
101460243
63134311
255995621
8578267
596609732
39569621
87619394
92924356
16310990
95802886
130587166
75448539
348796845
92645021
260518675
12683858
444148671
139181176
155385154
51121450
124173518
217614095
14991285
22059763
35998888
16049084
483970198
56046209
48037787
319889577
122289297
28059587
855982784
141583230
21245402
663346263
274784464
27686061
36640835
8735193
299942812
34325865
193693570
40656124
273763876
128116294
87210855
87722030
622690615
102994298
97200660
322870330
468106760
10700270
398454981
700558636
380498415
533330783
31709420
803903407
166726003
6447454
564170019
33772069
46181416
53332909
669226628
55146524
705008665
79643833
68722541
494096205
77244341
99449239
109770911
21468260
601731798
56363487
35123625
459235194
214410347
225826116
216361479
32350704
506931619
11053062
41822011
168324225
114535689
267939927
23464052
126298254
108589236
71319240
37006061
229736310
20157279
560440533
176977894
58983407
72545200
183131106
41234455
120170344
3837053
21859813
183278094
76689406
222577835
24182265
13409660
93769104
35683771
363361199
15377411
226090945
474596778
12056345
96129713
16677536
67516026
123982485
189321144
112211187
694909669
69537571
1120191645
72918442
468184963
38389060
145545125
57536662
134177379
489928515
69199928
126612967
130043073
76491102
14136019
212524451
7376274
32858319
98009092
31342187
57006788
490341490
29619454
156409116
96814658
111383765
226142346
284006574
306342223
880203026
112823818
166920606
647728359
9951732
112950946
21549172
114853599
9032391
122385167
110266251
45345592
229849498
476875407
748304781
12345549
170859801
231122785
69171997
111203063
652616888
18801816
671826672
142794288
200089665
17104531
56461446
180920585
72881338
255909553
230075977
897428171
106893889
17553274
148290850
54585881
158030272
22253413
24966045
121652694
39674032
147704355
168432553
11357561
458275908
70322121
555379792
52074258
328365992
102992842
15509254
67803363
884921550
13186574
44996997
837619202
104643014
30147802
47428881
589896628
8250308
51748988
799911126
54299550
49870303
13473474
60485387
150912064
102136776
40949357
127524653
192906416
486722182
399716291
662467461
14210853
26803055
14829661
286121038
19005024
44029780
211617155
72123523
277287892
429605816
17401070
447899678
326437480
14779265
252894773
87738728
132263186
49595091
165438502
165997558
293597877
66155979
11482011
74040187
63081754
57647526
23374009
66201334
291446666
54509597
444954163
32860960
24619736
408751162
422008058
243054265
56167310
87364501
61440252
21021266
147941086
50190155
40935118
25041668
463265487
280797718
78981150
636504898
219835618
784390983
179408423
67558964
218890142
740435294
19107386
186415936
11455701
60515022
60361659
129427011
97189046
292111224
86578219
106421463
9473483
130244483
137410906
56039505
27080889
998867063
495534068
59207316
289488103
42202720
20348797
232813229
382547998
315866140
541177109
439459610
12757500
76413217
24497959
326625840
14183228
7774879
82115468
103440552
190932815
38061836
342122113
38453249
260016951
80363762
23406678
17324356
412466273
87432473
88682914
346364819
46402485
133572490
83016079
15735864
222535157
22025870
33719688
71062117
53659807
23783826
949879980
185470613
620543265
9908756
74185425
145359710
72854918
116620942
885167905
1226200122
284127792
82907961
322933776
221178542
125450224
48097987
8164009
8899602
467433886
116190739
181355675
178639823
371541408
8356885
23787375
117783451
243481967
20150489
53805943
500176378
180368148
198916550
50073389
3902
478308555
354018171
87020977
74214075
13758437
17042117
36764423
183678143
137889477
753525297
5601528
386252497
20321760
2021991425
324461107
59525556
240066507
363224273
48518163
17273550
207102176
135490238
46546064
35844857
19146461
8051592
10777405
190407705
87291894
9209351
11110748
214217659
367664300
63418169
90456853
35882546
117431389
91640888
498575305
222514328
203070467
752250653
46744532
158194560
127525798
163583132
83911071
15287025
201416150
121617893
18084652
91426245
37717477
264449031
153021727
313720489
36118076
64141729
62814064
99303676
100142035
8927288
246677679
21964971
10450896
95029785
471847942
30407030
225712386
509727265
124893287
31692989
133231413
22801898
141821872
85391225
584793833
52693950
22693343
116556621
138550087
662193728
51538873
172061618
36872888
137054556
79640330
150064434
81628896
111300181
102955446
650960509
236090741
12141828
797950261
46414869
44211815
24187338
8485661
424415054
19005212
98047403
142582465
910733393
1305141307
281076749
349948538
78295287
7544934
46397288
36296218
322358818
520923580
29857684
9261333
4131181
128614569
90770880
105952718
153846021
94388671
13975461
110489072
7756239
528552066
43707803
170237519
23722307
384623637
235278706
57187853
20813745
4991218
204440378
17291845
1829240
74025256
46254376
185050787
28842962
135153531
293887120
412154586
44463130
18126919
17358252
136488038
90594748
80057510
262588735
112011230
60283330
16602571
95370023
545820682
246380459
13407577
119003716
96345302
114341381
214786713
613718876
217899699
35488555
347399363
100237074
48207758
86237910
199999812
30631729
651917490
253491939
124185945
38731204
537561184
84568728
66105381
321018674
739986044
92046388
49906669
71832599
702204801
314068909
28193265
137154116
160058400
54939042
581808215
7669469
40013245
165166149
1299180
133946175
287582705
708629236
590661077
60149031
191586671
175375862
10101052
36395560
5952862
11424134
147741821
497013782
48316677
280004380
416613587
233792895
1006685387
95384659
53760402
39883120
8182705
214333137
12622007
114482012
257594510
148065790
202365577
150826361
7784
14386607
131765414
10778675
211976793
669275240
11500834
12086246
84236526
31002513
230348711
299790220
675271895
127429014
464492734
63376312
403133876
458713988
146878236
10753901
61949513
93525489
99110644
540646123
37937709
130104331
355662430
400304596
25819637
57355536
6823364
122983505
800896103
90587172
68617329
15013863
295007869
87071470
14061013
36552627
383398643
46431018
5201273
396990699
280584152
32085877
29202681
48235754
779892607
12993421
204807014
176811343
210518895
78503567
95208453
112008351
473153415
10617224
71185877
79287197
38098078
130933673
100705987
66473188
54487456
10726079
70211120
11958568
81139838
7556316
106713787
361384146
120246203
206207501
244205026
77829756
100353335
58300146
406064051
325336786
37444508
97313302
385425771
19704699
19614320
287008830
44446386
17985682
299631127
53708311
76199481
193628741
107100120
67893105
81560987
410401883
136539803
315587337
800110932
16986034
206260913
317726728
573688555
1682216840
22563176
143119654
14888912
333981766
21076726
38159685
69317048
4968945
568951993
23992749
496614397
132462637
997092529
48247398
1938645
290914629
14858769
81230590
51894537
26711747
43099941
92366521
190092240
474311700
829329679
73570557
246675526
41529719
710422171
204694352
731657997
83355334
24736908
43831904
50252303
54674322
5196635
14141758
106219736
78291515
14592581
496902638
10225909
19619208
695834650
64371778
917124950
282319982
313940617
15806329
110254056
184306194
56305631
32349439
16633529
293524126
226257349
629127041
168918173
64474584
98842718
5527437
426322665
158583696
38174863
263296181
78936865
177566101
540455490
7183449
202228571
418765362
969846463
177924639
389069796
198705711
51533262
124753212
103796286
46364581
9156211
102990516
25916034
1180219051
11605131
52863726
8462351
8585504
491427231
486369480
26112005
28161653
105021856
39273378
253074024
20096564
331461157
326330200
194133699
279895363
7723243
159919896
104803144
245208554
80241679
687547057
116940244
8760368
28121075
240072457
43734515
63646740
205691277
10979845
151210225
141509897
20358902
66243545
217058708
6881543
18817292
25778947
136020449
113119859
727284419
662239191
1196481716
413575089
63110790
10779530
17800456
31707665
114971984
10502520
117468709
571558156
314973616
444208540
869390613
69106796
75675954
78297999
78578491
217715025
25551177
38069249
283590430
41700670
800649762
1043145916
33431026
131972724
119571364
63433910
118129957
136350275
96572978
294476033
12311236
13087060
792184537
31026147
907297826
112574914
218200070
572851937
161327821
23045888
184559563
83858092
47647132
186367122
52847631
417884491
473704139
280589369
165297391
173701745
602028517
206396455
38776803
98319841
741262819
168314982
15881423
12897434
620057195
3548789
69606559
9863045
69707601
396124880
73160764
118789812
237537817
166909269
501720690
49380525
6404094
139718811
64870649
5343142
14579288
19836992
600598443
99165963
36743957
81480224
8091062
27596302
697460256
381867420
380928644
228984925
123308347
44300350
430572294
234740457
15325393
171434061
138556599
267039919
78400923
860707805
199756777
451380412
16198940
12231502
6667193
49966806
353082647
56162549
714901606
72558453
289529734
232684730
540240378
255149750
21374741
1052474526
419883928
22493200
140718292
88992342
139271260
20205451
178596095
69206371
121507454
929201147
447384210
727874642
241616239
16313313
696924566
567544991
392306119
164799677
682673792
20603195
64651607
48199379
100144626
90104767
812213562
100493712
29271497
228941804
56058781
148861757
965717141
288666322
224239706
67625095
463975196
79025289
46518834
242916276
230457297
402042870
30069090
55645019
252774736
597819304
325479907
676543266
160197286
2799841
13578813
855563
15878874
66400052
115561303
286956278
24451964
99984124
78488457
135291741
55289868
745573636
540431823
12889678
91479627
85642480
21850235
114408110
447782511
85956642
309044269
10835962
27465278
32824395
295198528
73778278
94940038
20350044
370567251
139438897
10217904
53509441
7483062
11928494
130372686
167612487
171812783
590039985
36863806
235099978
259653803
21924082
292594345
29687246
56156820
145630114
12754636
93767543
90194352
68788563
79803888
283309620
118270011
14634844
7646560
166624568
62764368
17615580
20932408
140653265
777719015
12088442
43227178
100158786
66420464
580428818
261827534
682560484
140462161
265442965
111055181
392953036
165174924
167020832
161465508
467732149
777332460
468674824
415266119
42654733
156950106
16113717
192078884
494028987
214314798
148815178
48649560
513598222
27724381
351734829
1072915681
129521271
45000112
701056820
654864579
25744972
751900249
39181825
436320141
522449599
919026639
153595144
29934484
102581446
247177077
35148110
265547597
501934940
47832298
205330920
18609327
33219528
806995665
685372619
298387942
209478147
225458913
128918551
39179306
154948684
271501866
550146805
5308837
254857084
1042690670
300535938
310410952
44432917
52282422
132560272
186435160
53849981
16721916
111876740
775835159
707561984
106199630
58418934
31784908
13331623
226133021
247633291
174336605
65666139
1766234
11622299
212301767
17148743
1336324807
449317929
107857011
171577835
112687172
139937989
12674478
84678663
137814179
54770903
153542146
671974283
5912386
565432527
33106380
650749525
280014666
76708765
15931440
145877996
350433779
350312732
109757601
774031222
82768324
53620559
99364341
729621451
12070498
29038506
654878891
41446223
89212083
341436802
62378839
326948618
10837587
109785854
251045091
160864755
47718889
795558276
305389833
196048101
11882748
243576062
23288332
136143865
72008424
334759116
326321421
183874384
382409202
60901748
237718267
12435230
650545640
38407085
146729667
427248268
254970381
32905419
164235164
337225502
53398379
858847010
702535810
47208905
259230351
61324261
44884634
329402209
103414006
436426611
244604332
29667377
270716781
20573145
168049284
924277185
429943369
1691588523
85819358
367584520
163668075
172042921
662277251
691145851
147009439
289454484
74212302
687581749
209909029
140348015
22641023
76496945
38543157
170394455
43215390
43617047
11479972
113818992
171333032
15911275
1900838276
229013300
64815739
566713933
77837922
196782232
282133330
236493908
110632134
55014987
128184264
97193041
306972069
732216302
247713061
37878448
113853854
309995647
288188074
19776959
127836117
312564556
95088454
124732403
614376554
504567066
10419737
790979291
85454883
24043297
249491170
200823271
41187617
148686739
129591176
254897177
24482937
346815434
251875413
244372605
259774232
33989103
122914170
105981186
116260178
8620500
47004988
11439040
294065886
1226479125
954440341
709095655
236585305
622785877
150350006
1207374593
62244618
174141077
378013128
88686372
17081840
705448658
56542458
28547018
163005902
276793348
438044030
109748887
157583965
87043438
216337211
208888059
193051147
434121654
231540420
594912396
28532171
66807105
71990861
492962639
239389148
1637908825
132122881
53683732
518354024
485570127
7110341
377423127
217225239
32240834
491238338
108558834
44186087
54055573
125506789
23733587
555289211
195294957
81934849
446717888
49225447
64702730
180754778
1009942862
47870078
273045157
15879996
253530783
386397076
196303377
416501549
166439176
817191992
873869863
11279528
155029117
75904250
48928078
172152284
458541887
212747531
11441757
76439725
301916353
93796221
95651909
724460064
286587356
83048623
522336404
144214856
190030214
237504249
259316994
1547367268
421385086
811066226
369275553
42268723
48324987
577017984
177658130
301100091
410143798
38792486
20996550
237329475
553144407
207661005
191132105
604232262
12948993
481305444
106867316
138088963
199752783
257474978
231648125
58941833
133117642
284252880
128360651
487654593
93907369
189131699
10698030
387081785
420439807
231804722
19850655
89844311
16752253
64078212
269024230
138498528
270745737
59468677
159489679
55685078
282033975
149534871
17020405
395851754
205034103
129993591
133972373
33044923
182854962
81446528
152834064
227141317
231758897
273040884
303760349
36593742
61755723
357904727
1531598196
161854470
39192591
1143302968
773790496
1925030
161653196
261024617
618305112
5723701
50097189
12694655
398061978
241510105
120416366
138943531
380563308
249577138
380979892
194983867
45979757
9467831
776962774
234573655
52806346
37890118
102966226
199262940
9442273
173959969
39212558
234151776
52353014
30105173
15777433
389140842
114423273
1413205921
276733705
307839852
476918118
20346742
111862915
69889479
85548689
343121405
366928550
191092704
18629652
1028547067
104272025
632255429
17907638
40664918
525920220
541596997
319222915
441243849
181411101
53166269
98762909
170446572
91554503
355469931
261646027
179585557
468455862
509311553
131956639
43230565
152898794
56860102
67250920
20803694
51108875
52164896
29404883
108893795
484456708
23890978
235510697
683642548
621141066
85695466
499750181
533175697
310125531
541920746
453334102
150774505
60880719
335356233
7783427
69807644
38538939
795945842
213817553
7492906
47324757
243905419
323495255
178472903
301753902
160652084
147269095
463074264
662236104
44654330
805641136
529351035
310557257
133236082
409827156
137249409
371492605
11180859
913749125
606085737
270914784
1079670250
157550569
10515596
671367932
769396825
150963967
20294877
19817430
1491326666
107897732
391654968
39383518
185092260
167039920
70055818
44313667
17130864
205066944
13401178
17091422
379272663
147308855
12939573
54015142
60488038
351889340
684116600
88445047
99845133
59592405
216395837
131155273
413157472
478475034
271138009
456425125
136110939
22080589
210076029
63001103
207321304
42729437
7175880
75622444
14156666
187493884
47868096
197887336
54953916
221843230
269296538
117916698
66181332
529679515
120472381
830246882
852163460
48371961
150279822
658317189
12656440
115193874
788629682
428525017
148837328
1290546925
12535997
18651643
95786294
4560879
1476221017
47324181
329248009
11854362
95362870
214951795
192346770
192975342
342896859
681602016
57239384
551716195
143860601
474926431
5285213
54615951
306212806
24477933
909794621
453139518
17658283
43513216
13894530
931235993
694784274
49300033
264923737
58564033
150586973
459894743
1003338041
312673740
67470432
39633433
81264827
116255660
28478370
19919686
1067199282
275358808
63892673
70760837
69500744
70126980
34193657
75349448
151272277
135019642
632355862
128625965
108044170
67749381
348992178
14256554
366125616
71609312
421853013
116033936
73186526
178059736
94266416
225649030
52604010
15930934
573011419
1385466255
19266090
342062675
1367218549
218030761
1724547556
139136047
16158444
195591321
657769454
45342896
692500759
2342683
516758273
457252023
1354323521
997164121
443329106
157608015
278709945
59476477
151505600
230205428
71778596
12459712
162349077
21879068
195242158
471253584
8016305
355192072
56177074
154865958
599216789
13376881
18579754
851150459
263086265
106332998
568938560
551800019
275260527
10035351
1119129430
717927504
48119339
279713084
273889240
177387621
255924925
286089242
316127707
697564640
108633877
266189396
39649910
147307497
22135214
121399163
53962856
198613751
61212429
519240395
332349073
213016463
175811421
247577089
150999472
29859654
135677745
22503697
169826010
114996424
122673878
789506412
246989678
52674232
422034224
955214935
67167421
101806280
50791339
147567663
452865503
85269035
54580845
103631692
12984729
46195718
734883770
204041828
22146452
107594560
26503824
720192594
188885960
330879582
88127957
92911030
581028881
19953104
895458177
255836081
409383702
425791337
94594216
88954322
235104464
24003186
72222217
184256362
452764317
13168137
62926812
202001728
239355220
14029481
701500643
77905455
9764998
1456101177
423872740
106190465
877414001
97699861
41290123
32630205
519321619
24246099
20763845
278551958
40122508
375680002
60111408
168950185
532989662
345986244
601274114
9720245
21399267
63778209
647406659
105345514
396589231
111527981
106155824
16788979
215011267
21450030
306673681
75142397
381797392
32759060
59355490
504500731
10187702
49881421
49969895
740111600
60839450
761388614
12444893
279192879
158456327
96853585
76958673
79672369
105583079
90741888
126860912
254911547
104546774
1102655640
41231373
395318551
118285396
394087095
459931477
7613296
13460798
28732034
264125702
107325873
370857957
285741789
79723657
316270295
61156721
153753161
263710991
1087366342
31640460
987063301
634698390
83758136
1372779522
48585431
335680142
672116339
317587170
523064436
336553541
19071335
187117538
291212353
472328104
265713611
632040618
816295549
25712459
536450417
86936179
428135950
245539288
121098338
112391529
21496395
736211287
639015707
149497028
92185045
79861287
805561272
168459653
330945449
52803768
982571046
157984634
14374654
361789277
377133237
63225885
144537596
289840003
976426497
768178485
26719529
182555591
407562027
365147954
59762974
613943706
213539182
79291067
863368785
133054857
293009140
287977599
59159375
13623900
16300432
130167422
650180937
281999826
24622817
77923588
321614571
191588284
131274852
74011407
527845399
214972907
358500164
230146707
174349595
71493630
29384390
72523596
388574548
14264749
130968761
13860610
114350838
159434367
949670763
44032775
143019975
254148920
460815372
10116819
131889653
1239503610
368518772
1156027319
944782951
403676770
341527505
170969794
144032177
68127069
409898417
93702911
166221987
592987969
742870375
1014986422
958795775
292375716
25059781
941188490
96415736
307085068
899685568
82247315
270097995
309304506
32679758
1131599964
70676341
16197607
691236040
416097301
241094884
162767491
316089271
34890174
15387187
1098164298
188131312
394755568
481894375
461219751
486692539
57580870
1136796940
588172696
415982272
109000759
473212822
97711014
176089696
314850984
442802228
55853804
31281988
95307473
619735420
176135270
182697988
62428273
413598501
342341802
1094172617
157069969
165500641
187528530
20666781
1231864842
496899109
175312528
352471210
47413800
91893926
49104708
58081818
512449033
79631279
456803885
174522657
533848903
95721624
758906747
12911324
36019675
451394622
105142281
58065780
159308492
141635355
451401819
721595849
982703335
517286632
52947072
1485388762
537590737
604645203
437492227
25600324
928542450
105115310
452348007
123052211
5312749
80476912
11789446
341216285
729564225
364804225
2486387298
56198308
1176186359
250498879
404200562
404431741
518975062
114697993
850315199
177939630
215989305
57316672
14529239
324189851
46331144
257404205
217443195
378022419
155658830
1889660
15023732
76243933
1102370799
294834897
233146118
796610766
909980026
314397562
140654551
79405767
813072600
348444121
208880657
189636063
252596484
28202946
12058582
107384538
264000563
112405762
443677925
72194357
6957991
162159813
137716558
100473233
261627354
95786070
202434161
196632021
85435307
20991371
894215721
17718177
22553813
1179709003
220795034
482116635
170363461
28374082
298910030
128712907
436814566
17151774
406004391
81139516
260838380
224471725
410636191
2232024343
306326678
54526804
26306669
52909497
5101
15926679
14381235
1250663948
293323509
20414691
299214147
211264467
677076202
488185789
917909473
250702451
640414670
21094938
20824479
507643357
293578409
169117717
61473777
71123001
516246934
71120474
715002769
796836825
53864965
233918491
19995501
18848264
1281640888
256042318
254196367
227008759
25668274
298808664
115814603
10817364
371261916
225309517
118380641
341276324
60148766
407256963
931155715
355918741
716899368
398415617
628736189
139141506
24374063
231610135
529558142
102880151
107679000
12587252
455859741
288494643
331343956
337471904
152280626
267178770
169197489
520192241
1532024326
448330522
271422707
273824918
65029158
50249758
171926515
266882987
170285662
356890944
37408169
54903776
327323202
