0
20790836
19120684
19819034
19820452
18899897
25641936
25138334
25678970
18906102
19235139
32302689
20017154
25360194
26442164
28011922
32840507
20759466
21354470
19091951
21363345
27039796
22004181
24093287
22398102
18749425
25559244
18764130
25563295
23008983
22692251
25854371
18273980
23148251
20840400
21045142
20002025
42207711
19781146
30036133
19290105
26313316
19515987
22007887
19311977
20040704
24070569
23512091
21824589
31216529
27382304
21427266
21973022
23266335
22601019
28428610
23449798
22538834
18502442
21972015
27856566
26963428
22432392
25173459
20634395
22352867
20850816
18797949
18907264
19804496
23992169
21629343
34655886
28636965
20699033
21357525
19524274
34168673
22027049
25685277
29029940
22747602
21362631
21520956
18793059
22618626
24494779
19998896
18755401
21063255
24573421
22629059
19343195
23106016
28517258
30091227
28685235
28393240
25738621
18758280
25522445
20532326
28951822
18961245
29233216
24682700
22585464
34882988
21234293
20703684
18467817
19667875
19697184
19126559
32365465
25445977
32523340
23234948
19898691
31122254
25496769
26549501
19238407
42146809
21573483
20411730
28379182
24475029
23414393
19370330
20140065
19785752
22000837
19685482
19945782
18610646
21983340
21171555
18474751
19666041
27546119
19455398
19378458
30223457
24923187
21257856
21105883
20983835
19670781
27631009
25032852
31835780
28724983
20211604
27722627
22835690
21430550
23179170
26271864
21668123
32008803
27303163
22077242
29117724
22766750
18994286
18505908
29747527
29918852
19799456
20038681
29598995
25135274
31998471
19547009
20245318
32072302
28002773
19809140
25754484
20684847
22855392
19463494
18616300
20464548
21254403
18200093
30479799
21521178
28943998
25927034
29967625
26893101
20898936
20635431
21248600
19626628
22853006
18308709
36478666
19163303
21744891
19484022
19288185
26226881
22570117
30519497
18720029
23306447
22885575
20247886
23907022
19888556
23062920
18804330
37099516
20346647
22899882
28741035
19855764
20968801
20763787
28313836
37350587
25294428
20901168
25908696
18817653
23922852
20223475
24491616
23841455
26234187
34074738
26122401
39935829
21625005
20804550
19370911
27778343
24349789
19243908
26489225
23772721
23921382
20155415
22840341
24980697
28311295
19970511
27892320
20234499
26411114
18678217
31078758
19457477
24567859
27057274
23835193
20311310
21336741
19886192
22296443
25158397
19291058
21922658
18042947
19748650
20745253
20353894
31901845
19853212
18462802
23061870
18352086
19162361
24981146
21052026
20064399
25974940
19279132
33555378
22327351
19975723
19372975
27399550
22389295
28925477
20785607
21145288
23708084
19088541
36263327
26073262
21453704
26318304
34609489
19530965
21626753
27923954
32741080
21904615
18641389
28005690
31650053
28908692
19982254
18405886
20162490
23692943
21972251
35345783
20508981
27616987
22109009
36045346
29028596
21644441
21031922
18089813
20680708
28345342
25406941
19283574
23026463
27236720
20448461
24882020
21136214
27576999
32861781
21610363
24109714
21540893
25103415
23806848
28708918
27903452
18739740
19615949
23926403
23410586
28843144
24361819
25098626
23171735
20573986
25792114
18427080
26390087
20213618
26510426
20167549
19229739
26489917
19024521
23545199
23153277
20415710
28112356
28621284
29457647
25772635
27544822
18746679
19945506
20771802
19865340
25285617
27876336
25132784
35167258
17389990
18576376
20517676
30335658
20792013
21053359
26149113
27500501
21422380
19577690
25861670
23763015
19364418
18953615
27439013
17799515
28321534
19486051
35079050
23202669
26799788
18873147
39961071
20910760
20398852
22569583
18803229
22543922
20088761
25479002
19182421
19862711
19850646
19204273
21656888
34363615
18721498
32527265
32052654
31389417
30085496
19782544
19749243
33628524
20469611
24131090
23560619
35629470
24350899
27500665
24175840
19410320
19984808
17668092
21196040
32372860
26676024
31098559
20462765
27984482
22383286
18872379
30516240
17856106
21695966
18672613
20743306
26806388
36368817
27809091
24177193
22996001
31327321
29785366
24312579
18269461
19831382
22556333
19648161
29822691
20518385
20327312
22849822
22722444
22269347
22345034
26832503
28459395
26229112
41231195
17948011
27700341
19380450
19494928
22830208
20384560
26591989
21749218
26971135
21411470
31069715
19648877
29292299
31031755
20505387
18956633
20104300
24017020
23464480
18647371
20989644
29453871
32548760
22929247
20721032
26745553
17607902
36020968
23218095
21511151
23414573
31656529
19829130
21523768
21074785
21260435
25591158
24892863
19478780
33132950
22827693
27306036
19358464
25215563
22186191
31794778
21794715
20471057
21760497
27591100
28765370
31793945
20083160
27081464
24486390
19660933
25798581
20785388
35189500
18707825
20115835
21736942
18379249
35418736
17338807
23437239
21434545
28859667
21822648
20708395
36070733
18453969
18329852
24720540
17428340
19290831
26545016
26336525
23495979
29628331
18003123
22341834
33741919
27115807
20136235
21053091
22520210
27730091
24850967
19384972
33411347
27212684
26344967
19525354
29781065
22482368
19899729
24816108
29865246
33076179
19780682
32319322
24636969
29701426
21219630
19254612
24671732
18440939
21140747
24701773
19089511
21579056
23431845
22929570
19602526
19058815
23717984
19180187
27632907
22396827
27900770
20964793
26345468
19469417
19323212
24571500
32766080
25024594
18851841
19119260
22556519
38399791
19683994
24769827
20182229
18058075
22856988
31988913
27678662
21390738
28468772
29615444
27163398
25704386
24011169
30888840
25484133
20090312
23482789
28323905
31166323
26650708
22355104
23025079
26378454
19928570
23618060
20833342
21154251
22710378
31120100
20489654
28884078
32360449
26124824
25537099
19907054
20281057
22751100
21057688
18623401
21404766
33032539
19538885
23315479
24772856
20570234
21867717
22630491
19103215
19144806
27382933
25336327
25020766
24637445
19516251
21065824
34187473
19484455
19820491
29398991
21012455
19897629
25719705
25389350
20928041
22216897
20445951
31127606
31376954
22915285
20496557
23180332
18504504
25332091
35961239
30050785
18526729
20750389
31215495
20520628
27709952
24773011
22352932
25928273
23778934
26115373
25754939
29563008
27608293
28880123
20749752
20504759
27240788
22845713
21598749
21894314
21518580
20896545
28171519
31460175
27328762
20170000
20069446
21095810
19677516
31964857
27355352
28421345
21762523
19874647
22819757
20308222
31639613
19836143
28606675
25584792
30287620
18965513
27728911
20303932
26202098
20308967
27427249
26539889
22859089
32542713
28500844
23036986
21601047
18159527
32685933
26663535
22538670
26836112
28877299
27861054
19844689
18881029
21989864
22912123
20112821
20013231
26667031
20888794
24052527
34622849
25904854
23980543
19799587
22824112
31400478
18982752
20260761
21495984
18619338
20091147
21829784
20065579
27740404
22523809
21916283
32210712
27418258
21132186
33228321
33279676
32868712
19995419
19110253
27403598
26818855
22967368
29982345
21596339
27700468
26917398
20651003
18728191
27080206
30728958
30835955
22454144
20953616
22961636
23724681
25041206
21027075
31645792
19365510
32366467
27554293
23148934
18680074
24318565
33095122
27615951
22060940
19680291
31727039
21909616
35170434
30522082
18798649
25355088
24137397
18576653
20262533
20006611
18780270
22370958
23041794
21201885
20091193
21155573
20458969
20725565
20139695
18227206
21229373
24906741
18936687
18518468
18104514
27584503
17542023
37486035
19886744
22734621
20891207
20046089
21474659
27966753
20527374
22396379
19090223
24289979
20291819
28421654
29192343
23512481
21146070
28686847
19494277
19961070
29702884
19273435
22220737
19906413
26434619
19605405
19162527
20581577
19064103
20402678
19267351
21231325
20021671
25270676
25727927
21790920
31568431
38601028
21653294
25732354
20998117
28138597
18711189
33204584
26474583
45068213
40761812
28025726
23742913
26162747
25073280
24088759
35936052
21046987
20724446
23769660
36444893
21111010
22394486
19066197
21767582
18642459
24771732
18973390
23274310
25006636
26165540
20499483
22122912
19605147
25735773
23533098
23255797
21833697
37260582
20969496
23646890
19714382
29297498
26905115
20602470
25479326
25063242
26536321
29732113
25283808
19580318
26335141
24891787
24389889
37033792
21159267
31806198
29513848
19877478
20642405
19256378
32868240
24953118
30785313
34236185
26471419
25447096
30313647
20853431
23464672
24043112
19563456
20578083
20250392
25849403
22150692
19834965
20950452
21572620
22581698
32839866
17548929
28975055
18831852
21329292
20475428
27790054
22393616
26471014
37035371
20824535
20740171
23108718
27620994
20555982
21081417
24149480
19458436
20281236
21822687
18489447
18344855
19112511
24299939
29242903
26642899
32475991
27868967
30408300
28058686
30252284
20893881
32333826
20741605
30627822
18858462
32219395
31376737
23881289
22906278
22395476
19975700
18549052
27267192
28497230
20504396
31767124
34448914
22415078
19729401
19193089
22004757
25851584
21264716
26710366
31322414
25267776
21551506
19470972
23589040
21003140
19788162
26271346
44099142
18403967
23166975
25230400
