0
92166619
76259082
62552995
80959028
85494812
71601666
68993852
67526665
81938988
84777761
61787438
79688293
79750869
74994918
81458607
70892630
192609406
76398289
78043974
71608422
84498887
75503923
83040880
74536888
59463314
199312021
80798190
83026234
76331757
77624473
75843750
75662888
130270831
74322026
78302207
74972450
80540281
99737502
82403489
79723747
74321850
74395731
67377586
78764641
75981401
80988329
73689008
78677614
78047866
77630580
76230408
79977351
73358453
75327474
75195650
76175265
85102998
77866597
83560951
84882245
71836518
115875920
88688063
77628845
117210241
87107067
86678786
79213113
81160601
71735125
152995405
79902586
133748688
77986272
67489850
142745833
84279427
73596135
74401044
77315931
75216665
72618012
75999477
83238443
80392237
80315640
71404747
80162085
166780593
73051837
76325292
75497728
75861243
78323195
75961955
73616461
68624076
73695902
65472373
259184069
144499244
68151638
71407602
76098722
84699264
82026379
84601244
73958694
76559884
80041245
70654669
76284691
69546493
68386931
143997688
84915678
74531792
72200929
73675626
82193456
76081654
83035967
72978255
82321640
70540353
74999326
81434495
75044716
73217270
80048249
81148772
74277202
79052545
70707238
102558382
73798078
77393947
79796550
78821667
73009765
71249480
71875566
75745734
75947360
127802846
74498806
74442549
79611850
78503387
78546519
78608114
73920075
73239101
64259701
81833349
120395693
75645646
82045760
71865624
78200694
84357084
76847021
75739861
78714513
59752677
73559267
76130423
74340417
76313784
75165373
75562943
73830514
75019524
79141197
74108584
83557933
75626485
78712862
81738129
60356933
80472026
70340292
77622215
72380903
75781766
76038697
79098254
74104873
84729289
71105365
80246527
72946394
67230391
82443515
78187536
77367842
72783313
116616781
76976958
77357159
77846961
76747281
76554542
74240572
79208070
85707863
85242265
81241864
74034991
90313130
77573548
80752472
77305635
139838385
76605319
73605514
75393230
75154247
78970069
74982446
83082003
82501353
78486453
79337874
81392821
74226837
70673870
73926693
82095818
75232833
69368526
68554169
76192558
74403891
79529529
89459507
76981605
91783320
90423779
74566566
160346264
91095026
76677450
77218451
123772723
76553889
83408043
74057058
79817285
108094112
83358696
78555872
69948055
69364620
73015003
72883763
77165034
87238083
70529432
72290020
80247381
75830269
74486992
74724229
80153362
72492926
68773841
69776940
79013929
76231809
81415384
73828654
75214735
84785479
102451937
75873170
78743117
77749943
75559659
81687107
76014253
75336219
147977345
70948010
73797724
76321197
78220319
79356569
75922311
86219575
75536295
66670093
83941636
77497047
73569958
71508809
76246585
134804816
64246533
90620467
79862966
73643995
77132182
75713283
79497816
80544609
309032726
80696353
79577164
91309801
81183537
78491961
72923776
74178559
83620783
84968995
80308485
82746628
73004809
83182256
77593929
77473402
81579771
79064970
66236737
81182166
80659784
83401920
91536334
77652617
75754228
78479052
80889346
79622276
76545861
68929803
79766421
79396382
65236076
71584629
73203688
72434908
78799009
78859588
71486135
144114148
92673263
84103877
76030269
76604723
77531189
81552548
73220077
78132023
77600518
75056910
118486266
174766467
74354990
59996261
115398348
75010236
79924209
70057209
70668124
201032008
76151056
75565063
78138434
78772944
76850947
183127902
231353637
72704205
84382956
74972999
75308515
73905702
81197597
79493911
79810805
78482952
73564290
75865000
75792971
71585609
73657118
69924395
77618827
80565191
78458678
84966044
81778579
81658461
197522246
68403974
78742745
78601076
79610386
80713808
76646402
81740493
78965732
76705678
67492076
73706033
80084255
78989837
75909522
116135907
73288722
173367612
77383834
68714270
79678139
74100039
81966846
79463421
77762085
88779868
78288639
75802481
66458891
81982165
78564828
75118252
78661770
70233007
79107629
77304026
77008580
61197963
81058421
78789719
94180603
80045896
78548301
71659409
79169337
74580094
79458080
79028325
85246332
78610371
74436749
74561107
73879672
82169170
76321162
78491262
152367000
84830507
80671761
85342740
79763843
71240304
78266284
81942824
72881455
65969941
79625484
79777261
73240830
76090172
72003612
70844547
70838595
99079730
78812635
78484185
74082995
69736811
86296658
78096918
74854675
75055411
69697761
79050296
80997194
78370359
78360001
76152604
76091977
172725249
74851419
81042675
74923949
79689256
74703701
127874116
232938379
66478732
69718197
74641044
79557446
75768072
68436835
68362878
80313383
78301071
74697288
80720144
106740740
73082530
73604031
75203357
80543967
81558032
158102037
72269689
79694559
121550932
74646823
82148847
76890180
70987574
65811254
77759358
80240284
70661936
77528463
115328519
77775456
74313699
74240752
80348950
69885247
72529252
75795461
68395975
72619465
101938080
76321420
78818560
76538295
77415139
78718395
83202428
68228001
57546444
79514014
78833073
76929191
83175932
77537089
80518204
77689696
74811553
74601740
74091978
68475958
75270363
89366111
74963503
74885636
74361225
89439777
86147402
72759536
166469600
134313369
73606583
84156897
88208300
74735020
80846053
80241864
84344624
75418804
79532248
79350609
77459381
80857129
74419532
72345703
73379850
79274993
69362663
74435742
79042085
69665625
80713638
79917578
76585228
86562521
78440735
119870380
73378803
158532679
128962292
80505179
79137533
84246675
78973584
78111080
68733986
75923399
75030040
169151735
82820354
79684005
81060577
83358311
77305111
84009318
73444759
76170292
73933930
77194430
81205473
126902320
81494087
89478346
82278480
81747371
80939139
157574623
73039398
130627690
81297491
71389635
76931383
78708759
79423279
72241205
79510846
78975081
80926597
71813812
70947893
69791491
79856346
69726378
73880860
76765747
73023975
79458916
75552712
69509846
77456846
186680518
77137726
79640534
76186644
62789660
73935736
67518138
76191127
76311835
83707689
80800740
73377668
75950570
84694400
79251720
76994820
81682932
83993965
79358883
77140223
72180438
137781350
75955253
71961528
129873930
71854343
76682487
70320073
132962895
63748226
68299191
104891822
77255144
256570386
86500642
73013068
67116325
152143226
80741003
60538821
75012899
76746448
77351157
74030691
91025618
80476708
79122197
65407532
75565132
70602453
77483051
82344673
66462781
77933925
85126280
82097261
78791781
79066993
77234596
76693730
74467595
79192006
78097993
71344169
185329951
75204326
79070526
71320941
73361895
76147831
75959567
80259522
77153786
71695742
76632191
76464206
74406184
71214600
86328853
79433493
80118855
69502880
75287444
78868095
74615379
78673136
73219668
95923203
70722433
76201488
66193881
84989825
74571868
76182373
78894055
79160651
136779902
166232741
87115832
82686907
77450770
79870580
78975538
73236026
114800001
70657993
83115160
77287207
76489762
66560246
69940441
84717007
81632345
79835931
75593491
82341981
55843053
78652876
84431258
75451945
75557637
79108426
70947321
78697970
74210684
77252659
143916367
79522745
128699990
78573932
80742708
68957962
71385790
77046990
80249316
77099634
73693465
71036595
78260837
76788262
77381545
82600103
63130495
68624251
76808210
78364478
81352669
62439579
76930312
75237423
81484592
79932932
78571251
83850452
79130402
79355431
82254268
84436571
77385266
80442064
80981873
77958107
75469653
77542525
81148722
75423398
63069428
82045731
168902052
79502007
76697064
77523619
84084230
135139129
75749468
78635069
93128079
58547718
79042153
87866636
79787366
72759840
77158637
73869738
73802292
78947406
75010463
68965942
70840416
73549572
74974114
65072578
75158964
183703903
63247682
74523300
71444234
75077463
209999512
72611779
131704819
82423767
76917260
79317091
195244132
74786279
55921188
73720517
76781241
78275635
77642253
77543165
79437667
78775128
76705423
77942202
126728428
82687795
78959832
76007161
63813521
79231338
79220626
79204836
76916945
76485878
69360636
83960914
66745482
76869458
77586322
83961820
80457121
77188989
83037333
84393407
109505386
80074325
82371646
74718298
78185917
71287782
77473552
77806651
77408700
74587586
83170964
84949129
203441203
201420726
80503709
73715396
76627769
88282028
76829290
82195115
68890125
152962824
79775841
82207977
123621437
79248222
77733512
74901120
74498302
71212059
80445840
76327177
70274040
93286294
81963860
77882251
68410193
64287593
83046753
76375464
76918738
81466413
80230843
78927100
78663368
76426180
73069173
77167124
68739908
76582918
65084906
76503476
87379879
68131163
74610603
76440061
79097007
74277702
77593577
74994436
79342129
76374501
79320548
80167576
73162752
75642181
75944020
74371020
73740695
76555461
76310004
75684619
82476992
77285201
76254807
79255822
79401855
71441134
77352155
79404513
64229215
73064494
77994808
74634024
76421496
70184839
82556842
70870657
67281506
76908892
60519864
79386271
84860517
79469641
79207141
81393849
204402314
75174898
79512091
186715345
230374915
75559363
77036285
76988452
77428926
77699069
85154767
80814793
81721182
87447446
78275457
80762759
81560683
77565866
73767493
69150529
76629130
73578278
70961581
72572452
75193564
58081195
78964298
79131426
80745597
77655055
73578287
71655474
79327994
75757339
75399023
81958265
72479354
156553111
78150777
77187351
82836178
80006793
125359177
75431588
81428588
77459056
85104807
80479691
83654341
66073082
68450341
75446360
77656175
79082044
81355402
74524479
74084512
74733729
77032702
85440680
77034604
82309536
75523611
74427977
79985253
76841103
81789100
78989296
76158360
78252065
150968869
80897528
127577646
76476358
64751514
88137654
75082827
81019539
79084267
78838908
79800507
101801038
70072886
75012681
77203588
75600267
66858172
134713660
78360840
77427823
76256235
78857469
78988731
78210150
69484276
75128860
76467144
67672854
76716689
75195696
89777788
72498299
84782163
77825460
82916152
76256647
81517737
72893391
79906089
82492480
81061021
119496677
67200196
80551834
79766230
69000982
77739064
75318980
81209658
82826560
83827478
142411171
78811430
79530587
72521434
76360282
77723506
79092659
79454564
81465886
73885189
74756815
79838356
73306504
80608690
76423954
78323320
74278607
92247693
77094814
81867484
72821643
75622883
79473983
225966497
85317153
68673149
94208252
75135784
76276418
119921571
75395204
74297164
154399460
75751909
77041241
72359416
109459517
75452555
78345844
109245011
75205286
80170195
63803876
157829413
82910070
189493180
77520710
76376585
132816129
79575635
76349160
77074220
77775879
79079837
70717663
81784499
78207219
76045031
78319348
74864071
74861725
73397888
74347747
78225608
76028999
76958967
79117882
76706092
74561917
141082231
75134452
72252023
74810062
75711803
142587053
75741333
153697994
72170151
78180277
76166203
77908874
74999276
74308403
65974191
72728877
76337634
74440743
81992256
130487745
78834699
72203285
81121649
71051146
71919799
77944575
76653886
78023582
68835525
85639302
75127310
77930885
74443737
75532897
71643730
78611497
75758115
76190492
82300287
68541706
81719987
75975278
75913020
88305857
169794238
72770103
74178478
84349090
82422153
76602090
80878611
87055091
75317104
79963075
75841261
74135196
69737941
65239716
83078691
81189868
75836253
76196417
74547677
81081720
87687440
83015124
85206981
77406449
76023783
76563863
78818615
70100757
75707577
86821143
68656698
80059948
77501674
77271569
80332668
82252031
76772672
83798970
89017340
75896741
93977273
109096976
74973633
71921865
78051390
84275589
67372709
80106885
75809126
83831070
74879208
73146368
93290447
70898435
56506675
84583843
78359369
87464262
93713866
66765597
75873133
74558083
77655079
96238246
77567978
79852373
79715064
80318519
84142878
77018703
71990088
78960612
125511783
80971535
75459320
78793504
83114476
80419829
76163560
75459783
77464382
72828062
82201101
87539465
86261255
76318740
80146233
76101891
85342896
72657012
69471405
76484718
77163660
75512703
75234913
86606060
81717127
161976671
81253098
84550380
68741278
78383649
75716916
79386969
77076091
75052746
77200031
76757535
74524414
81215830
80072371
75127622
75702103
75989406
78831134
83456572
58771557
65602874
79193836
78168515
72260785
86189100
88340561
80462977
70981146
77949291
91160503
251532415
82122926
78626442
74827625
76915668
81478825
74688985
76961613
71811207
71861796
77310269
76378974
78630021
80804639
78142141
279516022
81442712
69914038
78601012
75190349
68294943
76627786
73720769
75125883
96452551
72746665
75620676
74255503
77130850
74763520
79158316
81654449
75344038
73605775
87537225
80203369
70705594
90028590
88286218
89062102
76036348
75393639
71672150
163003311
77821921
72300085
74104831
81021373
72295517
72781940
73986015
73812449
75084120
76959977
74129210
75328707
81159951
139122058
75622823
75256847
75885767
71844545
75774885
70003481
195777561
79950521
79370398
88517941
79809381
181839267
74825161
74067870
83434317
86528271
71460260
86867669
71339839
74070606
163167404
83515384
79350900
77285846
80233958
79100488
73797118
73756643
78120634
75336648
73634008
79575120
72962374
74184238
81802399
69468769
81958192
78936431
77278635
78335311
81435885
71343394
79128045
70936615
70951224
77818865
82491425
75206381
75706226
81199640
83425477
79454929
72807932
77583187
76366539
82930845
75363825
93320582
74324791
90800814
71917265
74969922
73925820
76833351
76207873
75704112
70209544
76544736
77972836
82885376
78017081
88026296
75342532
74018033
76815619
85829115
83034124
93579903
71818293
69465061
70808648
80800123
76398529
73558591
85082957
78392487
76758975
76091016
73872415
75199626
65584278
90827913
74257589
76992493
60769811
69179400
70684594
77961543
77332550
95637239
76320711
87879835
76987331
56381640
75566008
69807334
77214378
86294485
78159488
79764519
78191201
75434902
79792824
81075706
78017564
81199751
74754878
79764246
77707612
81887382
85112264
77643377
80732273
81116825
76560610
75552331
84159247
75386983
68349483
70283605
88101430
130863549
75161755
72779297
83591868
78151159
69952140
77869699
77056417
77855080
66151564
76948649
81299619
81973969
74876493
84708886
77467289
85302775
73807740
74258944
76643872
77403772
74459660
76907776
70975638
78156289
79814405
76235675
86758699
84320402
85615010
75402259
70532458
78148560
79958871
76668264
75440020
90693922
79404505
69056912
137533904
72861655
78400313
80347515
69015683
72168045
67915319
74402280
84771250
82461532
75759104
80476271
78358754
77657489
76526777
77970490
81652784
69630031
75781537
80183765
78935974
78622202
75163965
79293148
79162842
80191446
68886366
77794637
76428403
77264209
76003330
74011270
77520030
70143200
78899589
79993217
188191814
77681049
75897147
77136566
84994750
73121130
74982210
73896748
77113643
86798848
72775167
80055156
82245746
81024232
106695356
87812070
73348910
76801666
115792171
142135091
71136243
77523513
82049536
77182211
69978164
79134962
81138744
71204797
75921653
84041744
73240844
75989307
73516405
70869509
78573881
75840841
82571281
76084750
75896895
81286413
69218479
68826995
79074182
78715871
76444676
74884961
74322766
78600444
79566035
140653406
83557120
72708496
80955790
87130180
94061345
77794255
67509597
76255152
93427768
71245812
79097210
75994867
75152760
72075073
77009393
85405180
71791399
82504090
77750395
74205310
74975635
78328818
77433001
77209770
67477558
68452250
150035037
83981428
66642706
76226586
119443291
74581776
80964663
83676292
81409015
71335948
73990638
72316805
79435952
72554832
90261702
77145931
85249353
80792819
131301026
130671795
78969824
77878562
78588736
73526986
76449039
76886936
84131461
76207107
74571037
76202109
73047306
74973074
74001188
77263787
74406082
76517587
75405662
77888393
78975562
79211552
78963351
75413187
77529040
72211207
79219855
80725822
193299075
79897200
78237168
65496849
74376005
75146960
228835428
73011155
88130275
75951104
78655420
83682423
122689039
76070294
79189606
78060839
76614325
73443467
72650349
73418602
77183044
77408687
74705653
82342304
72475782
62972951
86131534
79022731
74909854
74378355
71662539
105456106
76762449
68275486
75362646
82029395
79725480
66487657
82053562
82647638
73703536
130286991
82773079
73705604
65861592
77208699
79261680
68760615
83310846
76380307
76792025
69198152
75358909
80596389
79213857
74143900
80766676
70745377
78600901
72915394
75667570
78668542
72017066
84360649
73271968
95315795
74332602
75456683
66646265
135824797
78692104
76093961
75903320
79772520
82494156
72882321
74708061
70432787
74748413
77171825
82489416
71792238
74243588
76763783
75961327
76349173
79262004
76315635
72914296
73902896
79672204
74461424
75652161
81292359
79891047
84061190
72854140
76470641
66832178
97698405
71679808
77196948
78828869
94596948
180549114
81028476
79797658
72389946
80677040
79245592
83406759
73595176
82896137
217944900
70164145
191067321
171171243
84361293
59279446
78268793
80566559
75744093
79616157
99899772
57434086
78483609
78749510
80140792
74461257
84413539
89415566
75061059
72570168
78370672
72676779
78993977
72706177
77644457
77768985
66015990
70399320
79926475
84604939
71443392
75778189
68511194
224062848
70144920
79086606
74879538
84552755
78284928
80269085
86818490
80561439
82367095
72169384
70663502
74512231
83472913
72073164
75403258
117046606
83473948
75866957
81147047
75144198
77371644
77728901
72246624
80974634
76239827
78187091
82159166
75703052
74691248
78445808
68821676
75258035
74937112
76552783
177143933
77636953
78965093
81446835
81910928
63591131
237565696
79516306
81374140
81885605
71510677
70226336
81022232
73707905
75419017
70217869
67624782
71026518
78539127
76707924
63579819
78801773
78183212
74491206
64188835
78448050
62783759
83462798
101792839
76192403
155782504
73646827
69344861
75675743
78262393
80660445
81923682
75817997
74570599
76232472
76239439
73690745
88780653
85214967
77351014
74894928
72923176
72858988
80463845
79489274
75243393
79531448
68621044
81840064
76016822
79067415
76783198
73476541
65157181
106436271
74920316
76856142
81588324
81817803
72002452
88658498
83256290
83611952
70925026
76487884
76071940
70575214
79555336
84149861
71249970
75984957
76796861
75215548
80503166
78382743
83971106
68606189
75157454
76229516
100065134
63453539
70604651
80246853
74141135
85257906
73354406
71530151
77172966
77905843
73412993
77501358
82592916
83534746
73891882
79997006
79706205
133194921
80552951
73413715
75241051
69993849
205027604
78558859
84026379
78484779
114421952
76314588
91204197
78752387
71304383
84583544
95734876
76212584
77706151
70996442
78056214
79928126
88086210
74927103
70190779
73454716
82703831
74461337
70465940
78297825
78542184
71024287
83532539
77087925
72258550
73718465
151620634
76379213
76998141
73402703
75711800
79161491
96123655
71328999
77467007
77425121
90782255
78943310
80542347
73860460
76427434
82036525
73514335
231571193
75726269
75642874
75145762
93003937
64785118
77210109
72430007
190921876
78103260
78070472
74154944
75439314
183801275
132828965
79804715
79531847
143232431
79928320
76056587
70363215
74995408
68149495
75939922
82364830
78265456
84010201
158554132
86313820
77536446
80223469
77822665
76314236
87971517
78731041
81723674
81146939
80072809
81568786
79840053
77991045
76316795
77917236
77564746
72033932
112509014
82556040
79553717
81581356
79939037
74628038
81275712
78649582
75865023
66032923
79059226
75970467
76922754
75983978
81425044
82697100
69094501
79901458
77541848
75138370
75895304
129632471
80399251
72954866
75550909
59854619
187703071
75467468
121927554
79534144
72169528
72088066
257726338
74100188
77585842
75941085
79806509
77227899
74711316
77075542
79597604
87122247
137074160
73168792
71884282
72805954
75892683
80036446
75938531
83157140
76921423
78536515
86200376
70957296
58581777
75899709
76511660
84072764
80396175
77856522
69435695
78500233
76667488
104560286
78543899
90731359
76303199
76296329
74812163
80583487
121867280
144574599
81136163
71988939
83783784
72835237
96509669
79223253
76478879
71130680
74748188
87221184
73511085
71219278
78014330
72498572
74923416
79112546
80962372
63158811
82585585
73022357
80811957
77386901
72420438
76920053
68120014
72040056
71979275
75935843
76132859
88950460
75699978
78518659
78833979
81482450
72286678
61744619
79469760
81403195
74388844
74200025
80967890
74847975
77298296
86925592
135559189
76536841
72293760
78429455
78345288
72271972
72224834
97177080
73430955
234254663
73417096
70563914
68682482
84030886
79390419
78950417
203703610
74019664
75992245
72557016
79584842
146938201
82969936
75705747
89087239
72594302
75483325
78701855
80664730
71723490
79989129
81277742
74226930
76962300
79964788
81124602
86556215
72240907
67232930
72709904
77710699
78601094
81236883
76944046
79082479
72926998
69831331
81996610
78099290
82885397
78447994
79025876
213397436
76745991
80824046
81043825
95167980
75781280
78120065
78437659
75711249
81800969
86171859
78131552
218196710
80528468
80416925
78330153
70730766
76218676
79614606
69365686
80117895
74347520
77716818
60445190
124388222
81274593
69679016
81977729
72887886
149743640
75995127
82722560
80137862
140740872
133398324
80055406
78517619
75753583
76212580
79016074
78459605
77591985
75045873
85161940
74868368
76188188
82630885
78342347
81564745
73368584
81621556
81049118
78460124
77404885
77835451
78481014
77663308
80002672
67564256
77000058
70411501
71348555
78387163
69833085
107017300
77004751
80225599
280149582
75409106
129287489
77381871
81411991
74675852
73449670
77357194
71112936
68437142
70849315
79448056
69471133
74628514
82246086
83689555
66001975
82939526
77215121
64912114
75419301
62272161
76814840
78202309
77009340
163655874
78451171
79824676
79371223
63694078
77748726
75909743
233824890
80234645
80177029
82288274
72313975
67994357
78015563
78649397
79957354
86403811
78066996
79184878
0
79987174
78690313
74667230
80770156
77263178
75693527
79000165
217322999
87777667
78367881
82136882
82650333
74767704
82691633
70264977
75551579
77801361
74393601
64986529
77423583
71834950
84373345
82408029
78889914
73603377
76469156
73827167
202634741
75567739
67374210
79969441
122675866
77325001
72380558
80653942
74216643
70226059
76291709
79532236
77931459
75319125
82269891
79621708
78488683
79832135
76886963
80616104
77983135
68707958
79809231
77117830
84446306
168177934
84820074
113447236
211277713
81807588
75059273
75728491
75778639
75398221
80647379
79578292
75664360
75071093
69330175
79104496
72198582
77447343
76920258
63010880
74621553
81166685
76188987
77778381
79385934
80551310
78231238
74688987
79335944
153490010
67398902
77961836
69638342
77690858
119344595
70086533
72910167
77278644
75310658
74313750
69575898
76133723
76511400
75465382
73071058
76482931
81228890
84119871
79941986
76031352
79158206
82947747
74173598
80103380
89778697
71795722
78466278
77716246
89421898
70097560
84303913
133499362
73779407
70254855
85956299
80977361
74614435
81890465
75987468
82607531
81302215
80892429
78873103
79649200
85299271
72496751
78482390
79329253
73465668
69771982
80923751
75031976
211192497
74713990
75539349
78028382
93917670
77057672
75981723
75991606
80250306
75635506
74557686
77925318
75260472
80963003
77712806
62964932
84342754
77685109
74411840
156494779
81684277
80757784
72490736
78203775
82326099
69120632
81828053
79091537
82650876
94721970
77186688
77993861
119523911
128206280
86113885
68477850
73147553
74856625
80242329
79339776
84280567
83854298
68758105
60872141
74217408
66348489
64014264
81156843
84266241
77842671
64165292
173027256
82127411
79301523
77195735
73052684
111379652
73496270
88877962
77748262
83657517
109955337
70192791
79572261
78341225
77623873
76427839
77884641
70049048
82222144
76836827
81946467
75560498
71600634
76000089
79130929
77123519
79336833
78418740
76301443
79761759
77712859
75359470
78701249
139502198
79355999
80368320
73648934
79767805
78944017
75195333
81812021
80589492
80791602
78357675
72661030
170683291
69589979
70674787
88449774
79453195
86045814
83698528
79871510
88926880
85695506
79453539
74310673
79443910
78759278
163106754
76011044
64728037
83727225
78969649
76367123
135005205
80416274
78655213
91540288
78952500
73897360
80443399
74093950
98396913
78428083
72324463
75630152
79485340
73533993
90246655
136849550
76483725
74340606
71138277
75162751
79531548
78487456
84147981
70724435
70740833
80564769
79818350
78432824
73964146
98124412
71864752
76910188
72098184
80031265
72256962
77231955
133591924
76062131
80091038
84517171
74542878
77855125
72717650
77506503
71863171
90294702
75094770
83374827
80386579
87002077
140497952
68711963
79052662
76155836
80061057
76399925
79636528
96771783
81674071
230260456
70442145
77061470
81457084
171149773
70539901
78296309
83323044
76293678
76173818
72164849
79866039
84831448
123552630
76819412
68587075
78493030
75687761
75936525
71879959
148958251
73909932
79384383
74407901
83269296
82297193
80313636
75296541
85064447
76477156
72168516
77964462
77095875
76607137
79964203
70080217
82021786
74407847
184817403
74272322
79190439
78513536
63698279
79849551
72403393
80934307
71998017
79106486
78902265
126688977
74961035
74622538
78406420
80908280
78263520
74710870
74877888
81463062
119763945
78189760
74279788
72666065
78226204
72309113
79644981
78659426
84318368
76154250
148664417
80789386
76828875
74354644
82252612
68339112
82878422
76628707
79887216
67705581
78655477
76617699
79706094
85094860
79974835
74195828
72124830
82542834
78576387
74999191
77815087
76262501
75258679
128141660
159093251
76551542
73695574
71943311
73899315
78298961
74593158
95671705
74061812
72146875
75680296
75966257
75987802
67119638
84021398
78916258
73185808
82731789
79377307
92229574
79237378
79745941
76085557
82624417
73717690
82376762
84856589
79056680
66675061
76770058
80980432
79536438
80312853
77279760
86321906
84599057
79621070
76055676
75726990
76609386
92382473
68798867
76817247
77501378
77362318
82718628
86235744
227096512
85557629
78836427
75087992
72387488
73004102
74365362
129171385
68032891
83551605
73848500
79187326
79269244
157021901
79403764
78837023
75927713
73250684
71635508
77108697
62591930
75624051
78846935
60863500
169389767
77223801
73803981
75863336
87743572
79008097
75028879
79369621
127995706
80670755
87153056
79480755
76403678
74121683
72542987
67535593
80884359
84993980
71147203
91703197
80551107
98109233
70042871
73761918
69865117
82835583
77166073
104436154
74717094
127404690
80240225
78017082
73839574
86053487
77141566
76002538
86739176
72355092
190081174
88823014
80918983
79563870
76982828
74215626
80305028
75416760
170579103
81451744
78680917
76182219
80378494
84138559
66916454
76337659
78254427
76207573
75080337
84130092
65663210
100326727
80889069
63659664
82199218
81763329
81190803
73634894
75039672
80331022
68435783
199571273
82717481
79829712
73524455
86690896
71938367
77793902
75269402
80452245
83170071
75660853
110700143
76222667
78789259
76042732
75347822
74709159
96729819
71161517
79500935
65753100
79604613
79296262
80855133
81406910
83497573
80903226
77020127
77876373
95781095
77263960
91808699
64691155
79791929
70043399
81054578
80062192
83018039
72935383
75821236
167745937
80300589
77008602
97545672
71879987
80725468
56238696
87555409
64891706
77524515
82938717
71855719
85256366
140463461
77640062
79130523
72365369
76243618
80699893
73483712
79579092
68620064
85998102
82085738
74937611
77298528
77772642
72954221
193512906
81380722
159598431
75565741
79185406
160593516
70930287
70994428
84250748
72036195
72519778
80644621
74905759
75330530
132373443
80563121
77088604
77323525
83548266
75277549
79334326
74411617
83565013
83155154
82091594
78240906
83922894
189836347
76340526
81698354
71880528
82177509
68721882
76254340
72959611
73505095
78932624
72339181
235172159
77838886
75121308
83946559
66711736
75500343
87917610
134735630
75168744
78466989
77575611
94239176
77112260
65887323
111544213
75035595
77328700
76969100
79105652
75596863
74967317
83109588
71840158
74569440
74481547
71756589
81894669
73486689
82622417
78816831
73283431
271165203
82318944
69060361
81357072
76131340
79601609
77792847
78922415
75067952
180183934
76426438
80410900
69484741
76661737
73702768
74576591
147381597
76853195
75208747
83740532
70819490
108075113
77402235
80239281
78119231
72937002
81441503
79535432
76517155
79990742
90977718
73167206
87251538
69259006
79147511
79484675
79813400
134905542
77554166
68736806
134197480
77368620
80803874
81850423
77273924
76521384
78817324
78043909
76382783
76677291
71892688
77697835
72372718
76334696
79397257
74427208
190916050
76699850
95136072
72565810
82792668
68572212
73274941
69215547
68617629
74127796
89359902
77333038
77827416
69736422
80542779
76127504
79876181
75531794
78001323
78679328
74350245
129793879
76655436
73579240
180967433
78515048
162787466
78245576
74273303
78110480
73994860
75148595
88971009
81485279
69710278
70858597
80072583
72161578
72426311
77597499
73329843
57848104
148745315
77984644
68920797
115357574
77305040
74286007
53327927
82549932
83174306
81519582
78105763
76477305
76961152
79023789
86189701
171294789
75307215
80043438
59950356
73642441
76948490
88874427
84171401
80998414
210105289
83351862
83950688
125101029
81491302
76323334
78925066
81071571
66564213
77479062
69390266
71513238
77408156
73838520
71453141
76967455
74258364
90172767
76864058
82515375
81028709
79726077
73439043
72392023
127001754
74064048
80604573
76698198
82412032
79699201
76786662
80190298
67270936
67975607
72967209
78390760
75045991
87038165
86041938
78917353
72568061
65593908
80027733
75198208
69067037
63162285
79773504
85106404
166015791
78819999
79511751
76147965
71283427
73411910
76967386
76736389
112319290
75834362
72715170
79549769
118082850
70724981
78479991
70875037
79057348
73886825
77986604
70195951
74124776
71309665
75098330
71585174
72829379
74852341
70984308
82426252
168587924
71857459
80341783
70863000
77420353
78905877
77188675
171242691
81827162
75068126
82221633
81405820
69795482
76694850
66430057
77978412
70517134
74039249
87262016
76645229
75677816
74278346
81984907
80973260
77032589
80067100
74533564
77460942
77072289
75190190
73359466
66256455
77672152
78174236
76848925
67756139
76396507
77515330
79114501
82620563
74014212
86163725
80505253
82170314
78732045
74706286
72450284
75928364
77073729
72601885
79302290
67858520
79195725
128851487
75595460
92211124
249738076
75491581
74413921
78556041
79703913
81021246
71949644
89670488
73653792
67572641
69914057
76982934
80633747
81953194
116565477
80902395
78151714
78008544
79483229
71635657
81011787
76188591
74698064
76787795
71479872
70807006
69995671
75136473
78047781
73348861
81479946
80189233
74112152
190198149
71890585
73891457
72376680
73954424
274199393
79108504
73560174
71483574
72381556
72411492
76418550
71958293
125193940
71201484
71622700
67040477
98816364
69634313
76919275
78901195
81979282
80496860
79017139
73891167
79751108
68629148
80650284
79699898
77034409
83189167
69796856
84136103
69772335
91311341
80458126
74037267
74939822
75357337
77157062
71394361
75627141
211763803
76694094
89641350
86334008
96431721
68611491
292419843
76581493
74006619
76703107
78104917
73508250
82638713
75854140
66056491
84448837
67883502
146268361
77808616
81780155
73218062
70029510
64312254
81168235
87883485
73530456
75694950
75441892
73515326
81979667
94124219
75765025
71262202
76334780
84518223
228646506
135619210
75028482
73560306
79762093
76243082
74758365
80884445
74041429
77465639
76249826
76855210
69495879
77009361
77945351
73662933
80048107
76834778
72560009
79253768
73915725
68278386
72440840
72908027
80379566
82851595
75434262
79672181
77460330
72558340
84366423
81604664
88631107
74131399
72105897
81989804
257296578
87241505
80580342
79059545
70753463
84304745
80767445
69959920
112244294
74932564
104700509
81591490
80084605
78677889
74310834
70509218
80062584
74298250
80006886
81420614
71047030
80241431
84985079
82006374
78181587
78323923
81986752
73678091
76299319
59998845
72297679
65119345
77012011
81228516
81446072
75377382
79853635
82985689
90995195
76242949
72812102
74103789
77837451
76843897
76410897
79967638
84747768
78344252
80409648
104359513
75145433
77414866
78218478
77254768
70498312
75034104
72625140
74645350
99688842
78470260
84063843
158823186
69611979
81777200
80640991
74639066
75508813
75857486
80152614
72360697
84226649
70876919
73872412
73023907
77055001
92287460
76479398
70164910
80115495
83071114
75643660
73337365
90054140
220713661
72090594
75477592
79131996
119453110
69242743
94675522
76482551
90136900
83331649
81712466
79452893
63324382
77694140
70550650
70415324
78321843
76812168
80043675
80343601
82280756
78799043
77463521
68194447
76856680
78361692
84903662
85602448
72484405
70998088
75469599
75300183
74139233
74363674
80725136
74355155
78987999
77544015
75498599
67522902
72752097
78255322
75657890
82436530
79136445
70553562
76881948
338605239
71378243
77352063
76144381
95688623
58583879
69867625
91113285
80236487
72839214
86216136
75298821
72206795
79918650
73194713
75516563
75714994
80606880
75997057
72917110
86227198
72939527
72673258
78759273
68057718
77760749
188989876
73142568
75308128
184960594
81008766
76255142
71996966
75650162
75929326
86383332
66296867
74342402
100213061
79861055
75791211
70861695
82611314
74499573
76843583
76615217
72360927
76531210
78578210
75918547
68539865
75666007
70840035
72911095
68195070
79516997
81058188
75777725
71658287
84492604
78561238
69914886
75341133
77185528
69690380
78516544
78205107
74334315
85503456
72793258
67727135
75153683
73203635
70738961
153799264
129306382
77892888
79563932
81807742
73971058
72816628
77987650
77110754
70224324
86876779
74475574
73020303
80536644
72634776
73673029
75922895
70276918
81933681
71812828
86608528
78547867
73314889
161171245
181284883
71477218
75475200
79480708
75764054
77442653
87414523
79234169
80460643
75126384
62766800
76101757
79636919
71685909
100979795
83276730
80687778
80861436
81988739
77822086
76142140
76657933
72368532
80660459
76115898
75520053
71875749
78440580
73412424
77108448
78641897
67702198
80225653
81180865
76562698
79772260
135402661
66549855
71018613
54506725
84243712
81307725
75338959
77534860
79113878
78093142
78678277
74007326
65566265
74159257
72088877
70170486
71621657
81944567
71981074
76201560
71131663
81657153
71591733
81324681
73978595
80341542
77434040
72402018
73847505
74885734
90153099
80272572
77018694
90597337
72179534
70933357
81581233
82509484
86048548
77785165
83270912
83707629
77637086
73108370
71954512
73855536
78123196
76995565
77054114
75877918
121872208
90831816
85581841
74560899
77400044
89548035
73956200
82371137
68125398
77159016
81585434
58779551
73618978
72168144
164767967
71884202
73233329
75913283
81725664
77310499
75147175
79115492
75536670
80682704
86116071
71980241
83096240
85066497
77903300
75947393
67606119
76403341
78845966
69789998
84147059
77700430
78483600
77746567
173084516
74391648
78222185
78651483
72340711
80664887
80493885
78409865
75145353
80331964
73109610
77364952
72584789
72942459
85852558
81232985
95829229
80487861
75001781
84900613
76806618
78692649
72882353
80003769
71446096
79430151
123491534
79275850
71093046
78106351
79132782
74544893
76984806
76191172
72236392
81167982
77740707
75662278
78859031
75854087
80658085
81235373
82093831
84573911
77596687
76386372
76259267
78616555
78239457
82869805
76930165
71617564
77108283
74576372
80436287
85205294
69215115
70311310
84676970
76954689
74989383
77451007
76557308
81639766
72783202
85466547
71198565
75145149
137469403
75854562
80478730
74847765
77581147
69099091
82045396
147450935
56531633
72559857
79136985
87941522
76314891
78029994
76956092
78862788
79901384
75111168
76813123
73367619
74106896
76152064
71173686
78909932
77660348
98090065
73399326
75690754
78036880
224761021
86672410
79090892
71533959
70669691
87364716
80069318
173733709
82465999
80161399
72475159
76339347
80303723
69080482
75861052
77278172
65978995
73562134
81643656
85222886
76776708
156557438
75756323
69875165
82341641
75617153
83016008
75831128
77108822
72479418
73223985
74763563
70271214
76656316
80246607
75972455
76729758
73817642
77704870
72488495
74338961
75151203
65967874
82230330
71609098
71822591
72465134
76897954
90180188
77424585
77475895
69108150
76638196
66976689
77425700
82374617
74357916
70978394
75151361
71859732
75265907
81690087
74895431
77115296
65659599
78377766
77351216
82031558
72512792
81953425
82223844
66771403
77927118
78094257
71944169
188118340
81667443
76795694
73671818
80694168
156077701
82250922
83164303
64419535
73616619
70058791
79704021
77345296
167050760
73747287
73457170
81766584
82041561
82408540
79013012
82387328
71917007
128167059
75633159
80177110
66090396
78057070
70378674
84170859
84680637
79191251
74883061
180751378
78786716
79985297
59521677
68984188
87847873
75147059
77516818
88697971
82936711
76797274
84453777
80936317
80735331
76700927
78094446
75435391
67120472
83051812
88628368
76062075
86910507
80662032
82327881
126530301
73923377
77629000
73572208
80795683
70279858
75382968
73755212
81695094
75129234
77136238
82045231
78968641
77340345
75494692
73708941
78238711
90423552
90389240
77322821
82776965
78924559
70438799
77100408
64474916
137006250
85114419
77665276
79478286
72057610
75126117
64614871
79986964
80437889
81731780
78984181
76384755
152921846
63192619
73804740
77718346
74295718
81973612
72765083
81443223
81144360
76887899
76170696
68968550
77964111
76494552
82165392
77420896
74453979
78843589
149583117
81450369
80083122
74370604
85034648
79740615
76239179
77095069
79891942
79217743
82569227
78146899
77045854
74061850
57260384
146572126
81713626
82306941
76523457
69951332
78805676
82998475
77743529
70179607
81070993
74715816
72099389
122757150
76985577
72150758
83050609
80185467
74788554
79278798
127123193
177961369
66969245
79500123
103253567
72168428
77818627
75869936
81660317
79715100
73425559
74685278
78649584
69328374
73919558
83343771
79494326
76546958
75612525
77768968
83110037
156982305
83700661
67856465
80560212
77413546
86796749
74055894
82044157
74877183
71265036
76549694
70940785
77115998
80609291
76727177
83236129
76583396
77491076
76846184
78125444
70310829
274590317
74211316
76971553
79729164
77265626
73484544
69604289
61935107
159773143
71035698
74643560
77673172
82558688
74036586
82507157
74772415
77153127
73167447
80665148
74833292
79804970
80504208
81923186
69166188
78824658
116717968
86405545
89555782
76725671
71820441
84140892
91752150
77321540
75078340
78711073
86443230
75371627
80356500
73030109
66647896
80805849
74278055
80521044
70563723
81179116
81566475
196718529
75291699
66338510
74344387
74057074
74870163
80138631
72649236
76927584
80913289
76168562
135419439
69290614
79619067
77471129
71307271
61060907
76657283
69110764
78994735
58818029
73647679
85511038
77625318
76041831
74613240
69839115
82583141
80857219
72898878
80534766
75838532
74032597
73822976
78888335
76951257
77038856
68954320
79361006
83719745
79993881
84268798
75759119
73311838
71890451
74279806
80176536
78854666
67251652
76574795
79490028
146440941
67967842
71475473
132865278
64878317
81772985
76723125
201293962
75442772
77946366
77205967
76250244
72990138
80610286
69862494
78857478
67886110
71713812
144600026
78103471
77656769
76262237
71772675
76230419
80484236
74841358
74426356
83078572
123521440
75241352
75505409
144365374
77163287
76127986
127601516
73088841
85170389
77676359
67502746
76310816
79190487
70898637
99208617
78325731
80631477
60223683
76611203
73519033
41763503
72986990
78033980
66648985
74778102
78206621
82894261
84729459
69701715
75298219
68841074
77135383
77342391
76098444
79524243
78062777
84912112
78674577
81556308
73034970
82858426
79554236
77746120
79523274
75878148
68510999
83865577
81045250
78781715
72247647
76370022
84549661
79995683
83271421
77726394
78404194
78137882
74141693
74552775
81653815
78381139
73385753
85541719
72900663
83566957
68908382
76721423
77293082
76026464
83301904
80193030
82462673
79134001
134660697
164765314
75495748
75532137
75929951
77765288
66394400
74341883
81758525
76364166
76399689
71499478
73712977
80119255
73440245
75952276
79298406
76361813
75662110
73306824
75123723
78628553
83359287
80112624
69890530
93090810
76657345
73732317
80874026
75461709
67327020
75006330
76355488
81693752
77752428
74303476
76523768
77617481
71852366
74432556
74631885
76693573
76672012
78399854
81832698
72553440
73709356
76798652
73495031
75507875
83398575
80843705
136396268
78038994
76733395
73122753
59014381
72369851
79182116
76757816
76403396
73530680
83418061
73250478
71678683
73062211
75848460
80078098
76748458
77306624
69107266
138209382
102143344
89653236
165232537
79383925
80459568
84800271
81994477
68103113
81065698
78451766
72772743
76820724
76647370
75348628
72112599
83627467
76512628
82459092
76141440
114616401
73458667
82964311
77756608
76263867
92990386
76054008
74329863
70961348
78131670
149504786
79856326
77852646
74693004
64565110
76898052
82009130
76103898
72509573
77743362
71099467
73844439
79445181
79936622
72628236
75981373
78659689
79265755
134056467
76985891
112305465
72454880
77794480
90683324
67928379
80044329
75882111
77295204
73379378
76089421
84245504
77656754
82442051
83516089
76826494
79838091
76541606
74831868
75814250
74241791
75157474
78126094
63871317
73653351
75791653
82975158
80360399
77677818
75634745
182305604
74805101
76774917
89613341
78091543
155705979
78563334
79551987
83857955
181861913
78682653
74642160
75263138
76216585
77112172
88940517
71597249
72641823
76789248
75378503
239554588
79313064
77057406
73832007
77047077
87581330
76289696
80711552
195792384
70467953
77260158
75397087
77859135
74280396
76053073
73890526
154669003
73848770
73029823
80401625
74933046
69679381
82194765
256037386
80251926
137958129
142584368
139698144
77665738
86965753
74787163
68333743
79328423
77860738
70301924
71615299
75931261
74656895
76475576
70939074
76039744
73782405
73082407
77177767
81454410
77372438
80218552
81242167
85288298
93334920
75238499
77580216
74239959
79104662
73193732
83367106
71814385
81315476
77894249
73259161
68199365
72520339
81283087
80987593
81831792
72296796
81404879
75683776
85082230
74670257
71669428
73500769
75182195
75506186
74336248
81058826
89362495
75869994
96285278
79232878
71130231
74318054
131976223
75733057
77543950
76135727
77271881
77283322
78174079
82150132
77451242
76921383
67270446
76146988
75394158
81892334
139408192
85989068
76414689
77667928
76715017
85179183
176932142
78105940
83089632
78123362
83760840
82425194
80909175
158363310
81502721
75264015
76563359
87656817
82115029
74495588
76032410
304500697
153586565
80155176
183632658
83263929
148637719
78210154
77982124
76261759
86731036
78849828
79260021
61708197
76936251
80827312
67257763
67669033
82541435
81366861
78563427
74636364
71815643
71047536
81327535
82862724
68286148
109689431
81624001
75662685
77132303
78110776
72835780
75705049
76324854
80342883
74775287
75603630
75087003
74249342
80479489
69026249
77580350
74554278
82641426
78202429
78406103
83445742
78852184
70483033
152791062
77409723
73847133
79496335
78206298
89370651
81060670
165381474
81708780
83364365
77249107
114576568
82520511
68415089
81575782
79979837
82377475
80854150
79437837
74314509
54414616
75439973
79151258
80329365
77486451
76921845
80500961
81963836
65230396
70579753
77410512
86294203
75510556
73205346
75577979
79893323
70182591
79839536
76752507
81305743
120463028
75795942
81265164
77749305
79679754
80773806
76884942
81096834
74462668
151333078
70666705
83076162
70542554
72285301
68913883
87188956
66809852
79135100
78719920
65615832
77045441
72892231
79382733
77903492
78450907
75090535
72156083
82198936
80655451
79411168
74489029
85503561
75607524
83551211
71325281
75569294
101347787
71425478
67269800
81574403
78951779
70759747
74886731
74647368
76469418
74510059
75083635
78335406
77513902
70487168
238038076
73419908
69607102
81350156
76326721
73788704
81535583
79228867
94020262
75717184
73080770
67675209
66985929
75062904
81348743
77708612
76338725
76634084
83024348
76825770
77471988
79209285
74866630
73787601
79238331
80976020
82198126
76019236
79655494
74090606
75931911
82458120
90183250
80202698
98986469
74486884
77044937
66389145
79874284
79065647
84046147
160414458
72921462
79605804
75638789
73672315
72488835
71783669
71338404
75232601
75358186
86017446
153508762
82867447
81477788
75476010
80293969
91906874
74910305
83684006
72665504
80320991
81192329
167426383
80214229
83720894
74007903
78601283
84201356
76710189
172956064
77944966
74422136
131401878
80741188
78383987
74235432
79479023
71843566
71655672
75961015
87367155
77047084
78793960
70601271
122076189
128130851
73218919
73222811
75081097
79107267
79376633
68938779
78289641
79638723
79824760
74882670
80401694
77697064
77628903
81910682
73049746
79211622
78376929
71877317
125519391
68209410
78502095
78785063
76594861
80927660
72159559
69964047
73411937
74524790
74059655
70510973
91725416
83877826
83520315
156739344
81396894
67128527
71900979
77762825
74852880
75023944
76985391
70576274
77003652
82516288
78595290
72817243
89091976
67438469
76508387
77867910
80278859
76461833
73876755
74207842
78010845
79630990
79693229
77565360
78089926
72933882
77202265
80484628
75323658
79587258
69199901
81653700
80371081
80002970
65340846
76040231
73553392
78352774
81102390
74575625
82131473
83661604
76349340
149807269
78451165
83690527
71947770
81380487
79930579
78636770
73458635
82772284
79100264
80154214
72648217
76470243
73204019
94865459
78006604
158328329
164416538
120798196
74418956
74437365
82409463
82283416
99211106
79947244
76166849
72893002
85457719
86643380
94718902
73559118
74911834
61990052
68438407
79022896
76699074
74172895
76417092
70760346
71445947
73582017
72245095
76024349
65684981
78613682
81637480
68159918
69794202
73201963
82849069
80165215
75946809
70561365
155203733
74041139
72027199
77866621
77890255
78796714
82092902
75852036
77255832
80666030
75429793
72519911
73695920
77917590
259648085
75480308
72363206
73441654
84572474
78473466
170329476
79490543
79044939
75318318
76922356
83464799
72406817
74446019
95109583
79453819
81244324
76757561
79105016
75872877
81038645
138003940
83995431
77382244
77887880
67249059
64280645
72918474
76669358
76521148
79294428
78581989
63198831
69230082
72811548
72537129
82734946
75984112
74905695
74678955
82502110
140365935
89840095
83843738
80024755
78986121
76029813
69654648
79299859
82683784
79474415
75128169
82509997
77939203
77115986
79529668
69741279
67987654
57741139
83197817
73307865
72607769
80289566
75425342
76978260
73438662
66786312
88693415
77984166
77558096
89611084
81772181
78060698
80350327
74742391
76171554
86168010
80162575
76021491
81278779
74748018
78649341
75696384
77655057
71542704
77849611
82505211
80961515
71772943
67159439
73288090
78953249
77024958
77877248
81999962
72073301
81019552
76070411
73074068
69776234
88920121
72202548
74655145
71857650
58453397
70197820
76372417
77181466
77304409
76723389
74959482
80784558
76373369
76146843
78087070
79471369
70819050
79084286
77609165
79586603
77868358
73778857
78518532
74403427
75496926
107580270
74006289
76196559
77355209
77835266
78285532
71141112
76301355
74547276
66211074
71336786
72046938
76651258
77846645
74322427
79677621
77767231
78895148
79122938
74489844
63995006
72274307
75080045
134853395
82997389
76704719
81453804
76074627
69949547
80530048
81606128
89505394
68855354
83254148
80092736
78468346
81814632
75753885
76236580
75729087
132484277
78700141
93303798
81404875
64758966
350821681
74235353
77561399
84184214
80368190
83140041
79268972
76783436
84609520
72685250
75390689
79471610
73238585
75872020
83056136
74513242
74047155
80060139
77925062
78965542
74922990
75771436
80997084
125041920
133218096
82747377
80827422
79099240
80575155
74616896
73625413
79272385
67366144
79477604
77361173
62442337
69260630
110227939
84449161
75887029
75194158
79144324
194348340
70066885
74173872
80032435
71830805
95696699
81598242
74918865
80246747
77303034
83700969
80082938
74055350
76760550
79601032
75448544
78041529
162430392
74057290
81095127
179754832
322256668
156638998
77662401
76556821
76098976
75467621
73612665
78491343
95189314
74033938
86588075
76719589
74860646
81655266
80302646
71534740
78927117
75380466
74347622
76955603
79230747
76174901
81120394
74932059
69665162
79368637
62352208
78258671
80035506
74749060
75162285
82396931
80310721
160412329
69787891
74536533
68256168
80015414
76063306
75787997
76721526
81949163
74309707
200159075
73210738
67402895
128154210
75370410
75928172
71545262
81393393
83556421
78713185
77081547
75112031
73847048
78868362
76164020
88012032
133351934
72376500
69172222
75861248
80738491
80561840
72608974
76840558
77584436
79538780
79954881
73911973
77769810
76767111
76808194
72778821
75084021
76384659
78478077
84048407
85634254
78088676
73048126
65633617
74799991
72608671
71974872
82094767
71259236
79154852
75573969
76309144
71843973
80626809
76454702
65438927
80427421
77731735
82747387
78296421
85137564
73552402
110700545
75713374
84085783
69257353
90616834
79955122
75037928
85472442
72832164
78039152
66172168
77463542
77076561
74027893
86787457
134073131
80905497
80236235
159018110
57298316
67678851
77655367
82017056
134630223
81730148
75998520
75979073
117835649
80963305
69528158
73268384
89697038
84570024
69246949
78308353
67580253
95602090
79983231
67676449
76600473
76188837
82855502
75363930
62674742
71743826
66936366
73261216
74964582
76158960
74167342
77368768
78432229
80880271
74648356
65808056
72345664
175578303
81434184
80065393
79234522
75222441
78879823
85746542
75137158
80007351
78262498
76600431
78825316
71309934
83850591
78941661
96097736
79448074
83140987
77491057
75177604
80425014
127857014
76503502
148684623
79775012
79715865
76593812
78495688
68545954
94753561
75691123
78214976
78087118
81477585
80295141
76740225
86351900
87837627
83144685
83316499
89102552
73283627
78180791
78549928
75013741
76697358
86142104
69650624
79345931
76371712
79081373
75612062
95219575
74852488
74247676
69768546
161765434
80107229
80216727
77810877
73608255
182698331
84933701
81322723
110044528
74902395
82080917
72067918
79649617
84943405
84914883
74611726
76692933
73988096
72756633
69723142
71924609
94919226
77475436
78649960
73908111
177475479
84189686
77735091
74168749
70130676
76962764
77132813
79152235
81440602
84317362
79118494
83957848
79369652
80849295
147382507
76144085
74507380
68120360
77466592
65792942
73617595
77461815
121230458
75488589
79725372
77116254
79183359
87875671
73915086
78602571
76227624
73218650
76579216
74356362
75912486
83266452
71987426
80179704
80121305
82149074
75582353
70432217
132492299
84553585
74320148
75158974
80790177
78599867
73028377
251228170
80805005
78989835
74183848
220125614
82806280
77760950
78997356
75091659
67760405
71212442
79273879
79448456
78041181
78655969
72187430
78710624
86341578
70942270
74676220
74834572
81010249
67711820
81674772
84531752
77813518
75943841
78582310
86182598
78451126
79170552
77047273
75528047
82537720
81681146
79223554
81571546
75356276
110665752
78744658
82152330
88744773
66922559
69898824
89218002
84912569
73113954
79597382
169779362
77850816
75467146
76643630
78277827
74031085
75582032
151327922
207415585
75864915
77766316
65358538
77921955
145469773
81296989
76821232
83339235
77189241
74250656
176251035
82224073
86152048
76242155
80248575
64704467
73945793
202594755
78467738
79989296
83483513
70025116
82230765
74997741
77331438
141492611
73505958
76858745
69453895
77130604
78388289
75099000
64683136
172538272
75138353
77344045
78777751
78582991
87219936
72389572
75703616
73699657
79266170
74299232
140816777
125156590
82521178
78408901
79540239
97159404
129798999
74890306
70461203
65364407
79849866
72619358
56118723
74213732
81282639
75452416
78219054
82522648
79653656
77955470
78100901
74615145
76541217
81318241
131471988
75648827
78754714
74884500
72283141
71911915
118172029
77117221
79040409
80361984
74805239
74774664
70165984
74484761
76092255
157864876
89591949
76797513
80597110
89318321
72776609
77268648
79142063
74321607
77597087
75411842
77944377
81214462
74111904
69431973
80466434
70149560
77106735
78686728
80647195
84098630
73564534
69005051
77168518
67867374
79351021
224340971
76148419
71314780
82817457
78174024
84125626
79295796
132603298
197920355
80695075
72878687
70529866
78708961
73220923
128030588
77191684
76826348
80003945
80893322
68224601
69444111
78772743
75862764
84591535
77784890
75232318
74859791
75718231
77775487
71795589
63125307
77824598
84565648
77996191
74353994
75433273
78079093
72178743
80447304
75183456
118459141
73496212
78291277
91633058
73617546
72634784
71991278
76769120
74221754
87225727
78753963
71086079
184478580
85333755
77106720
71429340
79029944
74242148
75680769
75052610
80066160
169851437
77167222
76060375
211458309
74069330
78337363
75111820
101783439
67757511
88842826
81322648
69559557
76104396
77975215
130394275
151317359
76627847
150444671
75282261
75555660
74548709
77368545
135702954
78292422
78833290
62841638
84804234
75194230
79291856
86623210
76358512
75870042
74400223
70283800
82462680
68316606
81000791
73883366
75733754
75617376
63707464
84641639
76686205
103280414
81295496
78021021
85328007
74560605
77732550
71736971
83280137
71952172
69229749
82099337
78802639
141854151
78040309
139798880
80662187
70482448
81252804
72939652
79442703
101379252
132668035
75863220
75323629
83913813
78261467
73957588
73374007
78309894
75629837
78656498
81722087
73055913
90473232
78713311
103166449
70830809
86955882
78581730
95813695
80949517
80485599
72640561
78365006
87109806
75716860
72588753
68668938
86307339
74279168
75878319
69949332
78040184
80482344
79155746
79318223
92193544
80020865
81166474
75771273
83311944
83182875
81706136
77095142
82905357
68148129
80346655
103259988
76733883
76540673
87691816
75680571
75334537
69010983
86411603
76803192
79034674
75757346
75760297
91236535
74938205
80061523
74718177
84107453
82568142
75911819
76176008
69372356
77429634
77909530
79555965
61458718
78155255
74653769
70893572
78661697
81133547
78493127
82624356
76032794
76749999
74205242
124943088
256894192
79226006
72248416
74942138
77519851
90639779
77037458
242766499
126648580
148942533
73566187
77422603
81142928
77408525
79656183
76159826
80306688
74040841
79947069
75345390
76398106
83218023
83575971
76983219
77026760
82856253
151133781
74491327
79366899
74073449
81354801
77324243
78067918
73045698
75677558
78070052
134972332
91151779
258409839
76305107
84575975
79349490
79398641
72915253
74515287
80852115
78661376
78340085
87172508
76801454
77082852
79450504
71334001
77701291
71601791
82843268
73862382
72908665
80507153
75390503
75702484
74152505
141282761
75797331
73219648
71676200
76597376
78383044
79267550
70336499
83189555
89855682
85597033
76560730
74390702
76066374
79157604
104117531
85698802
81029808
77242949
75306526
77853157
74791525
79850010
70180553
83039555
76725905
77834910
72683319
65237765
82487559
75527975
75142370
82036181
76758156
70500707
82773869
81712654
80258451
77504313
80742956
72567382
75154693
76869562
73752119
81099098
144309491
80231606
79014932
77777387
72216815
78530899
79358262
72818691
158606309
75060712
81581420
68724437
160139603
73570134
79500148
77214748
79580656
80170073
76362402
147768957
72858021
71565219
81085213
78685247
73588173
76016461
71032858
76253030
75443929
80671815
89803225
80018667
130561832
69482085
200794232
78588289
83677647
76924625
79554385
77498548
112212680
77224105
78704276
64840395
77571002
82368669
79255832
77086979
74827436
74847274
77847987
70453294
79152486
72798089
77755917
68014125
74988720
78391327
74237741
78669607
71201777
71648599
78138745
72736979
76297069
83646541
74128019
73038493
81628416
78333885
75179959
172983808
77206109
77990066
68838210
78231530
153014874
86551338
79559875
81835703
78579529
128047851
77287148
75887040
71138573
66440222
77170283
73896479
84961270
107815616
76576417
72505837
73802500
68320690
76780751
78428687
81410824
76250916
70595858
80629768
77633667
77499714
79888577
83256216
75041280
81010084
82002275
77117913
74366664
82735485
76756418
79236945
71260800
182202516
70550331
83442227
80141231
75217624
82792616
70554087
72463622
70893112
75037322
80923227
78271518
76825705
124981877
93252648
68539822
84004530
86535217
65396207
74438569
80208638
81276024
144276626
89077544
84242407
76228045
76705777
82766757
80852544
66578888
81146985
82147817
77331223
75014270
79706123
79361210
77753155
73554011
67937856
70542566
75482729
75273772
66687389
78546450
63936718
78050075
74773773
79659029
80149204
77268292
74079844
79280320
75883475
79369022
93507094
75075334
96425469
72732424
90733546
79179577
70751478
75707661
72516585
83091190
75704383
76657907
85804570
134729086
72809000
82076344
72783430
77805426
78456153
83488370
76120105
76617085
77542571
71587258
74134106
135784217
75357843
198947498
76681693
76664615
74530841
79739634
78950864
76095017
74133666
81259878
74136596
77318261
212937795
81770037
190527665
81197756
82264793
75842104
69668370
75916838
76529869
76971166
71609790
77630252
74562310
75868008
75928543
82127960
80210775
81174907
78556843
80386944
77001081
72803870
76565845
70405529
74618270
86017750
77490952
74828657
78975616
79048209
168974022
81707887
84395895
76953899
77140309
73579938
71898680
74679950
76599170
74080430
75830280
68246628
95350344
68508588
81244315
72948254
82722544
77432025
79571778
75323810
74331631
77549027
78405737
79678642
74499912
77393058
81995086
80461720
69563794
74670397
75629182
81249107
85126847
47957546
151942334
72452014
82966241
76746775
69458699
74748760
77162462
75398718
78870575
74070098
71116582
67281361
79847247
78164624
78689217
77073230
75883547
73653283
77561945
74546628
71928737
85247750
76839446
146167866
74517544
75627055
75056319
78444993
68233038
74713742
79166049
82315086
77223308
79387932
74141014
89227775
77063115
83234307
75876747
81136281
71469937
84033663
75514982
75182429
76271830
73514504
76435810
69515501
76398329
77552104
110204866
78147058
78866819
82521128
73443950
77101092
79010134
79291692
79414849
76048519
81426100
90110136
75602874
76445999
76012957
81086999
81586243
82132989
70848937
82629907
83241548
71468292
78601686
77756771
72533250
76166329
73931240
73629189
83009822
144287293
81295270
75670163
86526475
84011348
76622737
81293576
77782903
71541606
79749963
80778532
74372269
82929032
83248379
80279764
73480311
82421160
82605479
71648463
183296147
68931862
97329221
75297986
81898333
81609321
81371876
82628053
75080914
81855054
73679235
78143931
72076449
225745393
82870822
74675679
69457548
81803146
82907859
77212648
78593253
79650062
74708601
78719074
79886604
72576920
75910649
80121183
73544665
86682838
77594520
78327264
77368935
138735959
73227291
121844799
70959273
132595418
72277581
79711080
76248747
79237578
92012124
77923618
83554948
79533349
70619354
74292801
80072663
77228264
75852936
82788651
83921747
72591269
72741581
74880113
62182395
88809094
77638055
77387959
71781889
175290023
78332069
77482141
76297642
74516987
84632391
175885219
123283684
78093071
75200853
75711551
73534700
74918003
76802944
78093489
78682465
74471226
76165587
96349725
78672194
97862968
76179206
92856273
79243841
69718912
65843549
75621141
79729701
82723682
78781919
74168435
77642717
71917544
75765974
82297856
78424465
77809169
74944491
74715483
78661858
76121843
73139748
75567038
79559154
77751507
72275833
86364056
81156822
74348361
75531192
75089664
79521313
87883886
77910927
81120187
72752585
80948855
80720293
83045975
84404545
79394793
78610797
197874085
114968333
77426286
143585808
77536821
65963546
72169277
75870374
77694198
91764113
77676121
100441208
76566573
75011201
82753813
75663947
80843506
81826643
74160144
62593312
77412741
79947446
149018630
71611151
80608215
75473009
73872460
68162200
63716111
80550384
75908847
83995065
77465257
68591854
74109557
73970856
79157773
78009803
77378841
79716315
76063983
85118009
82608143
73192135
77260201
83602088
83366973
74863080
84339802
79797660
74150616
67047235
76559300
70253676
155347220
78708211
86724762
81887349
79479783
79138054
86174713
77450664
73824306
77400432
71770019
75052242
123237706
73335622
70030767
79549819
67542950
81362085
73592906
82890562
76843584
74694232
69983059
81248184
74166616
107227583
79961961
178787038
76623302
75289876
63048682
80049957
71497224
69824550
76123375
313449896
76432515
83341161
75099909
73533683
80013595
67782243
77360116
78137627
76420210
76958922
70911176
78555120
77261406
89965077
80157487
73908264
78908714
68573433
83810034
134328589
73013189
73295392
72815560
71726529
74741899
131452796
73453148
83494041
74288308
265445924
82486494
79540336
80970654
74437584
76045707
78453017
162913747
77076744
85769362
76232454
74314561
76292369
76255602
85424392
155916542
87477538
77347462
72926712
73890916
78216742
75675837
216802304
76636299
77841552
77252804
78388776
75422121
72698509
82002889
122595994
78890874
219062622
77145987
81638799
72365106
73034736
85923799
74951873
82568874
76729411
74902793
100393491
86354324
98719169
74915456
74285423
76751828
73794718
85376119
77560216
68770594
81513506
74481230
77535564
81357655
76140677
78245047
199131634
174854860
71937768
75613517
83339314
57611362
82044904
83877861
75905753
79667742
72129146
78069159
72957644
156685429
66521978
82016247
74047465
76842541
78310112
114058447
77951839
74661410
75186627
72453444
79107804
75468684
79523052
79956278
88656249
78005467
77191573
78812367
123395239
72480553
63768229
75249471
81739306
73831131
64562429
80901325
65602804
75393369
79089057
74923093
75877812
136766127
75818695
78028121
70953621
84473311
174730563
74813084
80510559
80145846
57298025
78238353
79695548
79349048
72818854
72836716
78708583
75360195
75655819
79079180
70689836
75615526
70753725
65427732
80346735
80539162
72250114
78158592
80892040
80676185
79206769
74589613
78682864
76784983
81836641
74015409
73951149
74237631
76467119
92533670
75420790
79870872
84362438
76207036
72309059
74143954
137922241
85096853
79842732
74411876
73113628
58324446
75609554
73409563
75259639
82818164
72639764
78783781
79630112
199680864
72258085
76158304
79667667
75720706
80969853
85502146
76422429
79977369
76813527
83914667
79560699
185250754
77755383
75119522
66174790
138028843
80724891
74319888
77132506
77874361
72882713
76832709
70453584
81123738
78918773
149663445
69252776
77364351
169646424
76683460
79514949
179757084
79203046
84230601
75375760
83323900
80776305
69429630
121742184
80921485
75305732
68730656
74661154
78227186
79526998
77149209
72712913
83336563
69294169
76502736
81743116
84689463
73339378
75275557
81726614
72328148
76215007
72448815
75050932
75451451
70639403
76933379
79199787
75572857
83624166
76179273
80041510
75669090
81493393
80730750
72487743
73507495
82064261
77832134
67969617
83659493
72786925
81693875
76475573
76324403
79508322
105974794
74498788
82646267
76143202
76775311
76814155
71226481
76914584
77153365
86772857
87730081
72737142
120084947
70119571
74131852
82259353
77140265
78244783
72504776
74232270
65619812
78305482
78859038
77449611
84469825
89224702
78417828
75999040
87710906
68541854
71356367
80317506
130455914
81005532
74797518
70965583
80564754
80753188
84682291
74540959
78623402
77751250
74277253
80756439
79576878
83048471
79421006
76988254
75828967
69724519
79207336
75875290
68764011
85619331
77987581
77248833
67138911
76595260
72225972
79623251
75884033
74152469
79171732
76213751
91842190
76636997
76096098
77100580
142863574
90541324
84115286
79766329
71564618
81141828
80705567
84485335
128318224
79085546
66203926
76592856
76476836
75298181
72930452
82745213
72735832
72413306
80614123
77566825
81921367
112675577
84697107
76780402
79715465
72219611
77708957
133112006
85780966
79533285
81420586
81555135
74871725
72646267
71412397
79950452
70393907
80008770
77732493
90420193
79750474
81594391
76175921
75028920
79562952
74011924
76762888
77898815
89128943
74736097
77632299
71143176
79447144
71039067
77143298
79880895
77806227
75957421
68429074
73634261
83817631
82672664
75704328
77675435
79708424
75319471
85387868
77586044
81507310
71853735
81989540
75900133
73493155
71324052
75148887
83469885
52180890
80518817
81091227
78640458
81713741
77762139
73445085
87624163
80015599
78208057
75523017
80754139
81697215
80584474
76211412
79392963
79430661
76362755
100901747
74866594
83946621
75000824
75796063
76897080
86957394
76780550
85686633
76061289
76929283
78300921
75951081
78828582
165925607
79957527
81348455
75179293
84861090
81253720
74794186
80710884
78763378
87514206
75447922
76994481
85075870
70641869
74728299
77675559
78011239
77820845
81648062
86102935
77852697
77649169
72747771
72208621
78595885
138143136
76607773
73827988
80458235
73607352
76728466
72863473
63545902
82011389
73723551
74213297
75291743
72833417
80091713
65867202
77099288
77929386
75282061
83395995
81731876
78578555
66096008
135739730
74940883
74988666
70065875
91047469
75880055
79677570
72246748
78982709
134143886
83330392
87628007
76460862
77495733
71115985
82132920
75412632
74039355
82496608
73704648
75467406
77339995
77641750
134503814
89604729
72689714
74595058
69494406
69057885
78366194
71644238
72432620
202880307
77248472
90988306
72470044
107096969
75862121
76503018
81399160
77064189
77080009
75749986
75590984
79468583
83196616
81089846
72593815
73595329
71503441
77048190
79283998
78408372
71015482
129578240
79039732
77581898
75617069
81311668
81348739
80648504
74014594
75476017
74448729
80942463
66898819
70666986
77186063
79515950
72151449
65231752
76965239
170262266
78478624
129328780
89173085
79884405
80246916
77294097
81419830
78287411
80710970
76870568
84241229
77918951
79716789
82612584
73474570
79455924
74953170
74035367
75468143
83918035
83123982
83598419
78554511
77443660
84995441
68409864
69037960
75919673
69607839
88218411
81613799
73511571
76803059
74618826
75731866
77211588
76691139
80956673
77940849
73568457
75377937
78852508
75432394
83457975
91571450
74354300
78500745
78776023
77803043
66984762
82526729
78638949
78394998
78094434
144367111
80250150
81480009
190739975
78684228
84229723
83227856
74220992
81980830
76953530
78329807
74136137
78635372
75688456
72173230
80565757
79701992
88558900
75036852
74732911
86952153
80553698
77037074
78794668
72588797
76679694
79274891
76709630
75343140
75276715
79484751
75785955
356230345
80508556
78766585
219851021
79709214
79054030
80390014
72100946
78622429
78724617
85468026
79106375
78757631
72725953
85155267
77458427
73594111
86550741
78286871
82302706
73259801
80979827
77314099
112402797
93576213
77308686
77431722
74983909
81761417
69390408
77135198
73154781
74212401
97193229
77098057
78918577
75235442
76383825
74742144
69362720
59364175
80059166
70335126
70379009
82999250
78466891
75328038
79520103
78647152
75066140
75499656
75510594
87189231
78875689
79416857
69291669
59093500
78531094
78503820
75249760
74412089
80224386
79065416
80407197
78517767
75731371
77985542
73679183
74312258
78220613
81517088
80501815
72278058
66692885
76579865
85179983
80038181
79010405
76328345
72478694
74478244
75565248
77259895
72763186
173627934
62141296
79445322
82469775
77235083
77067662
70636864
74678953
83484557
74720863
67097831
72317073
79634535
63880059
75072948
170796008
78127158
74242110
75671782
76986636
80116597
76987553
75240698
76766329
73767192
69186513
69007940
160823628
74057597
77345080
84726274
74459413
85870353
88686402
240650809
72039450
71971110
67861996
85909580
66977417
79005254
78922101
140024856
72581721
145367119
83527319
76944296
83489250
82278630
68783942
79848026
77349162
75162392
69244263
75567208
73184849
72667989
76262717
69915583
73052944
75966365
75368401
76634857
79981942
87645154
71076631
79366295
82309526
78428035
83016515
72544610
75651594
77881109
73638026
80042358
81116722
181139112
71755333
73811569
61644717
78584553
82284560
73372864
78409270
70497028
78414692
70565286
84085772
81025891
72992176
77224579
75293866
67080810
86509574
76924202
80447778
71251607
69423119
89068040
83271985
78455252
70327493
67802433
76326626
81783481
92730528
77779468
66164103
77747703
77896075
67922762
115037800
68908431
78546042
79089538
76252476
74502835
73639757
79741011
80330908
79679502
94882984
72202674
83988026
74209539
61248566
80706715
75942942
76999395
83374227
74585416
77463700
71572274
60848459
68256744
76554836
76848847
80099232
71046661
76644915
77020758
77337666
75713057
71652862
84650044
99774201
72728726
76415343
87259560
74717785
79357943
76752220
78129058
74479771
79553622
82484003
74695370
222328080
79988818
78871974
76285182
75396763
75164014
151042631
77018479
93588150
78432834
80124454
75069568
68475567
131793093
75872709
77225582
86049451
64666118
80599109
78547975
78900804
76905058
71346242
78447809
69254204
73757695
75409049
75325075
76913802
66231079
86330199
71082726
73567164
72417522
87409399
69896552
70650390
212247025
79392093
136176738
213982415
75448882
67778705
186990146
79522974
84658899
80328362
87052082
70896496
72060457
78893027
80046482
71752362
75748658
79291699
73931423
74202990
71275007
75506291
75639794
77642010
81889945
67637057
79490055
66447357
71148659
81775034
78110722
67262540
73796199
76546389
66114982
75247531
81247038
79119518
78098767
73665442
80916530
76363849
82516556
78166656
79943033
80986834
74184164
80365024
76049758
73705978
73311803
85596802
80856017
78133436
89822617
82620205
76300944
118888795
74476274
71775990
141171806
74862503
75436147
84105110
319482239
81401720
75070258
72400465
78066417
79846275
79183096
68766341
91574864
77239436
75168777
82115665
78948240
81451574
78261793
73977314
77021443
80768394
74589594
143972475
73019753
78329709
55454722
76364834
74003769
80681583
74837172
166569428
78646393
73196679
83132712
79132325
73920630
75660876
66471103
74481319
81985710
79496851
79425896
74259499
66807289
82484511
75865295
81702084
77639159
71285363
71020659
80840168
82810140
68625886
75018042
158753850
73040027
78305074
76182723
78521336
77060258
74932569
79060137
77641912
76518460
72943305
76495361
75060038
81974153
80736517
78601803
89498611
78639511
77278392
81059239
78944657
73881287
165526676
78939217
78864491
78451436
72638691
72649683
77230203
82791199
69542296
69964466
78470467
83507911
79327801
77397416
89224143
91989502
75168193
73944255
145415194
78144712
77994895
71375335
71474452
73113048
69531883
74432984
65541117
71867304
74443660
79829963
76278839
75948260
77581229
159854400
74886756
79275678
77260737
154157632
87622397
77888111
85330195
206045397
78286605
74016395
80736894
83084427
81659819
72401105
69528374
83200374
132173147
80938100
75391053
77658712
76810577
67223122
77034262
69366017
72871673
75330294
84545866
242262235
81087207
76387017
83626806
73965942
76572544
79831939
69394372
73426563
78195737
83994485
80448628
73437235
81870813
76390184
76711297
148264114
71612981
77607680
84561065
79547623
75036225
84859625
76259035
97468862
77533185
75860186
81016623
84960319
79796990
100557346
76264367
94244730
75750494
96021849
75690581
78214715
79802632
69602840
67278121
72192315
76135878
79790084
80117638
77648486
72077916
78171762
61547247
86981410
69933234
76104747
88902811
80999800
82025828
84553530
76491081
76544718
77656718
76997746
75931572
76491651
77346840
77281848
75111015
60827021
80099082
83836712
78032794
87820450
81684141
81263976
85785943
73995732
78135748
78874041
73564948
75593304
83606449
80418695
73803432
73893016
80536797
69367496
75765531
77937254
85016763
79651176
84113339
78634882
71998429
83966260
78345929
128007694
77358661
78285006
84808534
78344029
174211182
78524232
75709590
119968517
70153812
170060198
90685851
76877664
73491842
80439273
71234730
75965275
70989058
67901567
76533792
71381189
83330795
99446825
75529408
71809518
72513429
72724275
63116457
65742026
79965506
84010693
66839751
78588388
169370835
81484702
79698533
74403648
74648007
82063721
79099638
74471037
69709066
71958818
77394459
70601714
71414528
152836394
72491902
79991397
75440331
81819968
75847592
69575881
74389871
85404975
134131124
64463211
79622935
77094734
83477227
187246083
79551874
71309503
76461893
80274216
78777756
78263681
76810018
65795117
78241269
72481426
81243993
71848922
75962714
72572299
78704897
81739147
76022868
80117609
76387405
85254621
74298082
78963157
82633104
79804010
72460763
130158463
76864968
76342564
73538194
78800640
80002049
68206139
133112260
158779066
83128259
79921843
71261594
80481215
78138185
74393972
71782010
70064354
72243148
68515005
73133016
70547842
75833924
81215447
79961165
73534063
76792034
76612662
80966020
67992350
77559236
79167491
78547920
75564621
72502140
83604773
220803759
260379510
73291332
70758894
79395637
78449334
73225106
76382788
75397482
70920895
75844683
79590417
77481092
77997390
80478415
152872069
82134403
79984740
78154901
78990845
73729224
74652807
84800933
70197892
69323743
75308793
75021076
81984724
68320540
78615951
117626304
78725455
79557347
76464119
75111373
74463893
78759526
81822717
81118434
71797475
80659274
78847855
80150502
69613020
69371257
77689675
73889125
79173695
104144083
79681859
88250771
77372855
72819529
71197724
118914656
85261751
80938143
139448198
90138919
71728781
66707573
81463057
77359773
74231727
81055424
72477192
79191091
78483869
78455730
77864575
98197318
79085055
116053523
79835154
212260886
78640310
76243609
107219194
83527179
81725397
73624405
76223590
75244954
72573575
79879029
77412263
78684214
79054120
193540454
79697604
81884785
74602289
75891162
123933544
74920074
76048751
73316544
80285938
80797287
66907635
75667909
111092168
73195115
95120348
69912130
75034692
74373971
78508086
81096523
79361474
72356098
78845331
72345728
74348543
76505592
77250334
82204602
76037810
79483323
77303295
74360735
75076339
74310041
77575400
74820253
84519517
82236534
76750938
77680288
82646750
81998210
78185611
76814762
70695379
73159737
192176204
75037529
83223409
81738776
78107627
83406510
87315374
76751541
86609966
82640868
53000953
73516639
80552127
73757868
86794335
78322815
70764469
85307214
85035362
77375472
74863461
140741479
64429518
87226191
76180821
74727550
84852278
69463513
74275527
101168307
77427242
103655337
81085461
73783186
83426475
78799307
77797841
80182771
91360469
189441621
72087556
72119642
72480020
79112419
76921516
84460378
83745629
171633614
62871142
77718044
111539164
70434445
178427587
81041190
73550103
68140327
80878573
68943745
74881389
85459385
80575864
87621011
77184706
73568523
73334531
70118764
76576126
79126051
79110263
77754886
74586356
81217477
79401108
79592291
79182702
78235396
72833296
71159518
92812952
65884838
84179125
81523140
79164594
77696658
75370214
85130826
72048842
79208550
80696021
74709260
74147013
73492471
73485021
77616366
72612043
67356859
143497838
76713204
75431054
82108628
72096357
81044964
75331918
66449968
81414438
81759000
76362356
70154517
68856612
80622211
78870052
113774009
77952284
77342592
73807980
93237981
73814802
80644395
75365805
71127514
75125368
75421927
87422470
79053884
74438914
69847837
76249696
79261069
83168478
75823734
81204480
77421654
80327073
75840164
81787653
79422811
76256213
82917709
76486016
78099072
79471760
73365583
84166604
84014907
75298654
73321897
74866073
76404232
123292334
81492077
71173514
79975420
75075969
74349289
80727858
79416848
73399879
83379934
81701777
75693470
77236063
71315624
79641827
81916129
85549674
74979703
76557266
91647974
75876002
177590252
76040248
81563439
69524865
78702078
80424033
78978774
159554973
82425029
82761750
73245851
77005956
79159978
77988272
102097054
71102941
82452244
76598336
75302199
171469266
69182986
84439526
74252126
83200688
132324593
80705401
77044512
90046236
77327432
82123374
77125697
82924176
72293911
79797300
137402965
84212893
77376354
190148400
72166931
84015586
76216293
79351091
82133544
86679777
76155591
69031441
73127450
70330860
77602425
71323499
131153292
70327700
126441569
75490025
77263876
83003889
77510747
66056692
85455404
82035214
81541924
190380981
80245419
104657103
82817298
77696071
78619597
81578755
74172374
78669626
73947455
75848869
73908788
82478448
69251365
81828797
79457122
79760354
76570784
79919928
78651779
76871234
81651411
78455708
75499151
80967136
77803713
72428305
76988768
74496332
86900756
83528769
80651539
69016304
78064714
76663985
80034299
78517022
71540721
78886835
77949320
74394623
81085841
78684225
69827216
79403386
80350796
77701841
163468297
70237875
75447270
70158472
78213641
81792578
77857081
85003694
286056280
82704590
77340035
78986707
79604556
97063485
77521706
81106254
78233803
75561006
121680186
74368555
78384072
80108627
78375583
78894504
84089113
78363815
68945762
75543944
75709437
77147735
78583658
74164235
78135310
72521285
74926825
82642557
85834852
69070358
81944128
76357995
85095235
76528309
220868243
102183715
76374394
79511751
76734931
80989751
70913325
79650326
102189284
79829121
72418518
75205077
77936308
75638563
77222362
95962574
73197005
75590741
73008624
78150852
71419944
73731782
82208548
81650881
74469745
75358348
78755837
82656349
80456923
83170729
76565644
107854219
77596312
73392404
78759909
72363669
81654244
64504789
71882429
74102608
77388619
135552435
64232873
84898190
78578665
77915103
82889355
69652207
69739237
72103100
84686529
70481801
70732232
77535691
78841209
77932611
82194816
80931630
76063534
77800404
61616224
289622512
73683529
81238686
73968087
76123498
72628286
76708703
79953718
75499467
139551523
75458419
75978280
75781930
75258571
79869572
79105393
101566844
68897279
83353901
78492443
79508084
76189295
76833746
77979100
76280319
87623325
79294201
74438076
80700713
78750188
82271015
72294317
74890664
74814734
156850551
76852889
139815604
76218563
77111477
77051779
67963643
127605876
77122263
78022487
78937224
67777319
78255465
81046779
76464864
79341958
79338674
74880948
118657351
76494120
86020431
78877986
91405242
77953630
77893697
78899207
77848612
76554422
75324148
81653411
83926096
147820744
77423366
87276479
82764240
75348859
137587522
77745057
78640747
71749123
81684051
73814560
74450892
77397569
77682118
118201872
79159055
71666048
77454281
77543391
81384251
70764723
75634023
80587684
78044067
173898752
75789485
75583155
78884981
78433969
76038545
81666190
69608638
75153838
88417301
88385031
70608710
79835192
81301630
69556064
72872530
82221275
77496861
79096902
81002673
72327879
75174073
65919848
71684232
77516960
71427928
94370573
92018728
137608980
74407673
76247862
76961896
81663794
76409820
77640513
71838452
81961549
209665776
74428411
67178361
76315517
78307707
86768901
83176296
67825626
69406208
75855869
82497709
78847865
63731938
76476168
75192975
82158072
76269858
64716614
76688337
80302172
69907176
86219771
86651976
74375971
75778921
85212233
166323197
90835918
71424169
82199850
78265887
113179361
79658123
75151181
72007518
73986796
80003462
103412609
76273666
266683522
87481814
75364154
75571424
87484614
74258697
155564545
78961803
78638198
78675442
76089697
86220343
66240969
80820189
74456487
73410012
71349665
67181631
94775249
72544262
82876842
83647215
98720479
77297276
79130138
81589663
83078297
77964301
78619862
81481057
76383824
76082487
69051665
82828285
69333274
74045900
79338844
75577610
80638597
79488897
61726290
189841072
72759509
81608076
80075490
77384578
80240720
77880081
74180688
72882369
73945343
80300076
77332544
65512800
81539549
78711554
65221380
80435051
79520650
144004940
78639178
77438300
76108481
69908430
78758901
78484964
71080560
80642434
73822570
69883499
71812178
78360547
78361219
94610139
65740031
78193755
83657562
78701707
83225006
71394766
81666542
222130139
84100262
82984456
74672015
79852329
73804303
79734763
78467821
79015184
81841674
85180558
71641184
76862999
73286212
76305769
78465583
69825071
71346248
76664200
71316673
87565140
80977350
77093924
79172760
73098235
86902076
70661356
78920270
82437309
76384610
76231795
74271543
72306286
74904314
76904583
68064908
75357353
74953707
115386095
75761281
72175379
160919076
89444500
129388825
131029474
72572142
74740712
82027036
87493360
66340465
77920319
70894970
76680400
77551719
83375832
74859279
78064190
78977122
80490985
81041791
87859623
72211334
82078289
75476215
77431937
84019919
67020781
72064328
91866940
66671940
79516614
76432621
77921862
79012175
83330834
152384170
79127380
113230277
77930161
77246273
79263243
79292671
73874835
73198606
113567862
81025731
85107568
77423127
76432113
79319755
79952153
74267324
71598079
79775017
83080048
77847153
79083848
70761028
81575082
91837737
75787658
74097537
81566544
80981685
77866986
86364883
158409436
73237153
170406871
75028494
77425288
206450834
75085286
70627665
72360671
70121911
77012612
79637827
74113672
80108065
172415171
149486169
68945457
73981970
69436591
73868177
79261178
83127439
75583602
78941104
79530568
75374866
80072503
74951768
76932747
67223257
80547090
75063370
309386618
137905412
73499109
76669589
83181888
75978430
76846178
77654312
81738446
67882903
75300854
102154376
71332500
79346059
79587519
78670405
69124557
106997298
72507357
75542758
74638111
75329737
77638398
73892391
71791477
80032886
76017266
79094017
81075110
75778882
75840159
76076114
78053002
74340144
75126840
74278908
65617482
75831864
79005398
82862395
76107141
92880000
80680290
76135866
79621892
70429330
77096795
69049548
70696039
80468760
84640258
76141524
87963416
78441136
95739075
71222519
81720722
79994727
77690357
70838025
76578449
76271757
80172520
83072742
73697154
76236826
76548514
82043697
77673121
75068686
70212758
85325058
84089066
79983327
78959992
233778960
61299838
74705074
72436901
84299590
78043193
80319234
78390041
75698465
160269892
77510614
77445927
81557706
66196305
75273397
80122594
80348848
73582364
63668866
71163157
74458135
73255644
75181216
74716202
76530693
73834803
73596616
81174250
71518040
86530953
105947274
133290766
79504392
84204541
77078694
77715232
80957869
82325430
72533417
66976912
78855161
144359411
72175063
92518482
85151246
177786848
81280924
77222233
73285391
80507010
81009490
73248391
64851677
76989543
71540375
74092220
79498949
78353331
66808233
84551719
82729066
77983656
80688084
77314994
81015738
80644159
86405148
83573893
78283616
82848666
74887623
79223697
80861409
71271357
76278658
79286149
78429307
76757012
74163891
79671022
68974198
74413270
73493299
74692243
137856982
82497943
74153780
75934787
72734207
156499462
79413332
77730191
75564442
76148462
77451905
78878034
80928343
84371354
70140371
76444422
79279828
153341603
70856830
76240280
75947540
74641733
73527512
70422059
74527838
82736460
163060617
79506878
86563569
77275341
80859663
79402993
74316167
78809224
77690908
78075871
76136731
78585817
84656733
81643408
79115075
77496778
76349160
75322210
76073457
82928023
72059302
69208069
78398897
84693015
76295210
248316021
75809820
82152038
84373205
74143454
80936948
78000361
76981469
80317045
73162388
75665905
72859142
72462862
80157786
127081519
80405850
72446085
68277644
88901425
89337380
74179185
85025630
79536344
77877271
67487325
75723138
69703187
77882662
76790779
83014297
87508007
72679492
78855809
76824494
78874237
77784042
78791765
76215763
65815800
71387712
78872231
77679783
75859454
65263380
74451759
68989685
82503768
80117335
73615941
74488835
82635250
73972299
72806312
75604758
76444025
77530801
82095121
76019494
59434352
81672659
85204230
75391847
99837915
81781141
73155016
75476287
131973584
79754021
74098195
72330631
73426151
77565007
77622593
78230888
78236781
75604754
77450068
79212224
81254441
77462931
79050209
75684888
80415345
76223608
78627011
78990060
76254649
80743565
77954255
83101289
82370677
73151309
78304273
77676244
77972857
73661276
83279194
84530599
83635161
86501387
623164214
67940797
90841178
82736242
66831437
76527518
79793676
72869125
68878028
118243379
72477172
73504774
77476792
77202290
76355009
157448938
78853886
77667741
75498927
73245535
84858848
84328381
77916899
80916026
95386585
75341489
75455537
76539177
79837633
77741406
75458786
74316580
76069738
82428813
94674165
74367854
55201498
77465146
62452260
69914061
80296102
76364685
70240867
68479775
81006143
158670840
73709539
73776438
79749825
75061566
75135166
59924634
77350903
73365855
72512540
79180062
77372261
74491658
77962001
77330193
82509054
74525744
85668306
72975613
74807735
83050302
77195933
84144025
77665581
75922330
70171573
74865178
74171373
78387493
84735418
76212600
80328777
72806514
74888090
75587804
82369834
82331181
102390125
68635899
82890817
77420776
63958922
64629136
82001205
81521935
79019635
77329551
74149421
74195600
77445633
74679214
82499107
74564386
83134462
76993340
71835567
82409318
77715918
73549097
72846157
91096609
72027007
71260819
73755643
76857797
73166639
79512861
85494336
79376419
166812657
78552941
79282909
70712537
77362591
69497293
78968160
68857910
78428712
73774281
71462330
77101556
78217434
86460334
103347814
80150356
80752329
123692607
73648028
98185369
72926050
73677559
73539820
63053506
81669923
75407049
74003296
79604323
78182375
77437099
69657290
77591345
72085530
82211273
155611196
91693002
76775283
79749366
83802720
82361233
75917356
79678370
64977277
82539389
82873152
83460606
79172689
72193105
79313259
81936754
78988350
74787197
84811664
82017070
83508245
180015248
75657010
53594487
66621715
71444549
76735535
79423006
69098696
147331836
81433913
89270192
78767708
76633039
85298408
80312342
74855863
75705421
81313761
74772500
82286104
77623304
75008766
78742524
76160168
87149621
76777785
77621655
74253779
75726839
59984953
79468191
74076689
76066865
85012477
69681477
74132591
80341864
77325864
151704176
75995548
71315117
70929571
144813765
75752286
78714456
81812610
77269425
76332826
61195968
68802096
79901766
76544977
80677200
96814536
66989074
72690529
86793104
74819314
79672407
80091208
73640889
74691308
74681739
73420950
84085234
80465600
79406546
85598934
78289484
82041739
78539658
60173385
68735423
78194368
155700839
75810495
83579424
75592068
79039227
87808470
78098621
161119822
79518220
67938382
134339133
77261791
76119043
65029447
68255150
72908894
81101941
69165163
72921396
82826139
75730029
71731654
68341845
78683664
73313629
86028780
75656800
80463077
79920289
76490927
70330856
72954281
75189497
170361357
73540295
74676114
77877183
80662170
75595900
75595409
80907278
82744952
74565871
81994893
77607546
77749599
75919742
76590576
74965096
77167401
81745102
76271199
64659404
75412323
78170326
131895275
72510220
78251009
73527900
70998177
66691550
75801691
76463682
139267708
81596103
70969567
80147886
77034308
69907012
75885976
71701524
64989596
75536831
72659155
79445254
73246023
83594899
78383048
133040374
77895031
82549460
68707343
81197524
83045605
83121089
75756811
74524709
76486804
76792405
72698563
79581411
83145328
68427310
73516970
76394909
78036566
72935636
79560014
87988217
78708416
79197490
79216528
73709290
73381438
94564567
65424168
64118883
74404334
67280189
79313774
79485805
71631041
84321527
77103013
79622497
75331442
73306135
71755769
79228042
78351023
63935145
71193024
74318979
73255702
76774959
70870997
85992406
76967795
173081562
78781321
107793115
85328012
70057228
73132878
76578773
78476721
81295030
74760334
75953766
171029217
67980868
85241115
80969420
81103099
168931896
65810399
78849465
65545132
80826528
69365115
64517913
163104065
79084521
59252063
74748612
85198014
78976315
154377399
79163703
78358083
70825008
73813858
79269098
80687373
74043193
68291815
78093377
77266755
76735704
75716206
84846442
78261130
75006806
79170693
74301018
82489674
93644472
77324323
78376550
79957892
76522109
75840067
70388232
81313090
274354688
77872892
84719434
77786326
76761438
83682571
83529887
75998526
67754018
85438156
58525946
62349689
79968974
159643630
86695159
73809652
74640146
77403641
65912118
118592430
84096114
142350962
85272546
75933512
77968068
83298477
74425815
60702254
74737393
75496060
84132493
77432046
79628485
79325747
84406468
73230877
72949743
76327284
79723710
76675571
74551266
74088278
75610064
72290559
74766557
80257038
79750507
77442220
115840995
77538616
72847084
70947554
82911539
75398945
80355257
71562904
76703847
70222489
72999283
75472370
74630353
76732932
68541416
75924453
75255214
87882285
77553608
78802835
77249098
71973866
72267830
193607009
75168147
78908429
77420103
81348958
70833401
125668622
79403117
74925927
75382156
88006382
74786679
76950670
71791398
77423267
79829029
79256040
69259177
72846844
77756145
82501134
80845094
82001019
74754827
72604594
70444533
119328298
77262290
75717187
79871900
74560833
73724039
72674833
68913892
81242295
75418752
82538562
86280535
74347511
73474193
83074877
64141810
139113514
75952192
74174177
85531354
87764771
80978973
75932115
71957537
72665598
77911756
79468287
87837487
71484558
83664546
69796628
77904758
76840328
76908580
79176410
75510190
82763948
77012992
84723130
81569261
75745520
78421232
77237901
76144174
83985585
77824358
75053895
154514243
68434002
74821324
104720986
78263199
78848673
74689261
71326005
77439303
163677764
78253253
80370935
76184196
83597415
64219160
77178231
75717480
137025535
104668854
77696453
75414122
65696473
80711549
76261896
77387692
76174110
92553973
77084595
73754097
75769328
105285381
77464216
76596654
72387761
71622987
163461735
71406005
80252649
71016396
75697734
80539885
73268930
77148767
75544837
78916582
68040735
83006802
83681166
71894339
85744343
80543258
76837556
76746543
68804570
79094566
80029297
78116080
127751524
79961071
83222741
68097508
80450113
118731174
67258092
95332707
80109498
77919961
80552718
80349551
72786991
132826813
83345463
75216963
78272621
77054571
77080993
79688289
75751965
82306401
80665131
86673017
80744494
78322827
70724653
76051858
74071356
73607173
74580003
71734349
76283786
74457616
73571386
70459007
112699680
73634670
82534989
72442120
101472608
78541873
70175856
86432273
75670665
80955396
79707497
77045441
48957897
78722446
74861556
76386671
65831081
75311842
74867116
84391163
74961433
68693096
77942401
80753442
78988726
76139183
81019292
76520427
76762872
84906706
73210079
82885007
83401555
81865712
79771486
81197127
77232839
72733661
74799463
78135475
94899721
91175257
82135850
154275645
78496529
74371242
80799441
190285813
75849593
81169180
92978043
80316969
80015802
88872275
74432756
84495170
76007053
80237171
77469604
71228186
73643193
139186619
76204870
74983827
71859576
79486231
79759812
81621596
75469094
69520373
101986138
79672402
78093185
91370072
73539139
81227942
79566029
78219293
82329806
131535496
79279071
77974904
79451446
82001897
72741088
73782200
115461219
74855256
86447990
70540336
81806268
75079428
77473730
72960016
73647655
84595960
185546233
77264266
76022509
76296288
89209468
74819853
70515361
79668008
76811394
140577713
77094553
80798631
72496870
82676043
74881887
77872396
70788918
78161356
75749926
76611079
80571974
72534273
81797055
80694984
79165267
144736795
81516711
76401427
103915158
77342107
77740201
85700757
76699229
79984018
79718986
74478835
75073212
77934472
74621080
79624773
74167283
80367390
71483983
76674952
71172704
76950902
182155403
76642217
78435238
83354034
75774809
75845922
78296444
76431700
77726421
78233378
83301635
76440620
74707196
78690370
71559040
75316020
76426500
78994577
73738123
76935274
74819300
74533870
74902604
74250619
80137088
81056059
80088567
76574023
75560306
71147696
80100354
73545060
78806740
153792843
74091314
81631459
79380995
80064124
80423720
61958184
