0
0
0
0
0
0
0
0
0
0
0
0
0
0
0
0
0
0
0
0
0
0
0
0
0
2450610
0
0
0
604516
0
0
0
0
0
0
0
0
0
0
0
0
0
0
0
0
0
0
0
0
0
0
0
585612
0
0
0
0
0
0
0
0
0
0
0
0
0
0
0
0
0
0
0
0
0
0
0
0
0
0
0
0
0
0
0
0
1416578
5235740
0
689153
0
418762
0
0
0
0
0
0
0
0
1157806
1127081
902441
0
0
1652445
0
906804
0
0
0
0
0
0
860792
0
0
0
0
0
0
0
0
0
0
0
0
1118362
0
0
0
0
0
0
0
0
0
2479927
0
744207
0
0
0
0
0
0
889930
0
0
0
0
0
0
0
0
0
0
0
0
0
0
0
0
0
0
0
0
1179581
0
0
0
0
0
0
0
1091784
0
0
0
0
0
0
0
0
0
0
0
0
0
0
0
0
0
1004506
0
0
1945657
0
0
0
0
0
0
0
0
0
0
0
0
0
725259
0
0
0
0
0
0
0
0
0
0
0
0
0
0
0
0
632446
0
0
0
0
0
0
0
0
0
0
0
0
0
0
0
0
0
0
4194858
0
0
0
0
0
0
0
897296
0
0
0
0
1174161
0
0
0
0
0
0
0
0
0
1658881
0
866143
0
0
0
0
0
0
0
0
0
0
0
0
0
0
0
0
0
0
0
0
0
0
0
0
0
0
0
0
733764
0
0
0
0
0
0
0
0
0
0
0
0
2393787
0
0
0
693700
0
0
0
0
0
0
0
0
0
0
0
0
0
0
0
0
0
0
0
0
0
0
0
0
0
0
0
0
0
0
0
0
1100110
0
0
0
0
0
0
0
0
0
0
0
0
0
0
0
0
0
0
0
957389
0
0
0
0
0
0
0
0
0
0
0
0
0
772491
0
5061996
1108611
0
0
0
0
0
0
0
0
0
0
0
0
0
0
0
0
0
0
0
0
454101
0
692724
1053638
0
0
0
0
0
0
0
0
0
0
0
0
0
0
0
0
0
0
0
0
0
0
0
0
0
2394502
0
0
0
2323741
564372
0
0
0
0
860760
0
0
0
0
2617405
0
0
0
0
0
0
0
0
0
0
0
0
0
0
0
0
0
0
0
0
0
0
0
0
0
0
0
0
0
0
0
0
0
0
0
0
0
0
0
0
0
0
0
0
385141
0
546619
0
0
0
0
0
1126136
0
0
0
0
0
0
0
0
0
0
0
0
0
0
0
0
0
0
0
0
0
0
0
0
0
0
0
0
0
0
0
0
0
0
0
0
0
0
0
0
0
0
0
0
0
0
0
0
0
0
0
0
0
0
0
0
0
0
0
0
0
0
0
0
659632
970051
0
1016936
0
0
296463
0
0
0
0
1076813
0
0
2344
0
0
0
0
0
0
0
0
1071630
0
0
0
0
0
0
0
0
0
0
0
0
0
0
0
0
0
0
0
0
1800787
0
0
0
0
0
0
0
0
0
0
0
0
0
0
961028
0
0
0
0
0
0
1389718
0
0
0
0
0
0
0
0
0
0
0
0
1158935
0
0
0
0
0
0
0
0
0
0
0
0
0
0
0
0
0
0
0
0
0
0
0
0
0
0
0
0
0
0
0
0
0
0
0
0
794734
1005461
0
0
0
0
0
0
0
3405802
0
0
0
0
0
0
0
0
0
0
0
0
0
0
0
0
0
0
0
0
777455
0
0
0
1018446
0
0
0
0
0
0
0
1090264
0
0
0
0
0
0
0
0
0
0
0
0
0
0
0
0
0
0
0
0
0
0
0
0
0
0
0
0
0
0
0
998421
0
0
0
0
0
0
0
0
0
0
0
0
1194512
0
0
0
0
0
0
0
0
0
0
0
0
0
0
0
0
0
0
0
0
0
0
0
0
0
0
0
0
0
0
0
0
0
0
0
0
0
614921
0
0
0
0
2060130
0
0
0
0
0
0
0
0
0
0
0
0
0
0
0
1201165
0
0
0
0
0
0
0
0
0
0
0
0
0
0
0
0
504103
0
0
0
0
0
0
0
0
877829
0
0
0
328321
0
0
0
0
0
0
0
0
0
0
0
0
0
0
0
0
0
0
0
0
0
0
0
0
1554108
0
0
0
0
0
0
0
0
0
0
0
0
0
0
0
0
0
0
0
0
0
0
0
0
0
0
0
0
0
0
0
584102
374780
823209
0
0
0
0
0
0
0
0
0
0
0
0
0
0
0
0
0
0
0
0
1237262
0
0
0
0
0
0
0
0
0
934592
569964
0
5073657
0
0
0
604655
0
0
0
0
161244
0
0
0
896002
0
0
0
0
0
0
0
0
0
2735133
1243042
0
0
243165
0
1335346
0
0
1502692
0
0
0
0
0
0
0
0
0
0
0
0
1479976
0
0
0
0
0
0
0
0
0
0
0
0
0
0
0
0
0
0
0
0
0
0
0
0
0
0
0
0
0
0
724096
0
0
0
0
0
0
0
0
0
0
0
0
0
0
0
0
0
0
0
0
0
0
0
634866
0
0
0
0
0
0
0
0
792585
0
0
0
0
0
0
0
0
0
0
0
0
0
0
0
0
0
0
1192340
0
0
0
0
0
0
0
0
0
0
0
0
0
0
0
0
0
0
960946
0
0
0
0
0
0
0
0
0
0
0
0
0
0
0
0
1339894
0
0
0
0
0
0
0
0
0
0
0
0
0
857397
0
0
0
0
0
0
0
0
0
0
685928
0
0
0
777885
0
0
0
0
0
0
0
0
2404954
0
0
0
0
0
0
0
0
0
0
0
0
0
912413
0
4352124
2579592
0
0
0
0
0
0
0
0
0
0
0
0
0
0
0
0
0
0
0
0
1104354
0
0
0
770102
0
0
0
0
0
0
0
712059
0
603903
0
3243463
0
0
1829099
0
0
0
0
0
0
0
0
0
0
0
0
0
0
0
0
0
0
813305
0
0
0
0
0
0
0
544999
0
843404
0
0
0
0
0
1156537
0
0
0
0
0
1079939
0
0
0
532684
0
0
0
0
0
0
0
0
0
0
0
0
0
0
0
0
0
0
0
0
0
486858
1012385
0
0
843830
0
0
0
0
0
0
0
0
0
0
1305960
0
0
0
0
0
0
0
0
0
0
730493
0
0
0
0
0
0
0
0
0
0
585192
966371
0
0
0
0
0
2380177
0
0
0
0
0
0
0
0
0
0
0
0
0
0
1231535
0
0
0
0
0
0
0
0
0
0
0
0
0
0
0
0
0
0
973746
0
0
0
0
2283312
0
0
0
0
0
0
0
0
0
0
0
0
0
0
0
0
0
0
985989
0
0
0
0
0
0
8241729
0
0
0
0
0
0
1686421
0
0
0
0
0
0
0
0
0
545013
0
0
0
0
0
0
0
0
0
0
0
1011901
0
0
0
0
0
1322387
0
0
0
0
0
0
0
0
0
539431
0
0
0
0
1161853
0
0
0
0
0
994034
0
883491
0
0
0
1219934
0
0
0
0
0
0
0
0
0
0
0
0
0
0
0
3155763
0
0
0
0
0
0
0
0
0
0
0
1145739
521542
785756
0
0
0
0
0
0
567533
0
0
0
0
1445949
0
0
0
0
0
0
0
0
0
0
0
0
0
0
0
1384699
0
0
0
0
0
13408969
0
0
0
0
0
0
0
0
0
0
0
0
0
0
0
607614
742899
0
0
0
0
960556
0
0
0
3365231
0
0
0
0
693144
0
0
0
0
0
0
0
0
0
0
0
0
0
0
0
0
0
0
0
0
0
0
0
0
0
0
0
0
1627461
897094
0
0
0
0
0
631548
0
0
0
0
0
0
0
0
0
0
0
0
0
0
0
0
0
0
926446
995480
0
614327
0
0
0
0
937962
0
0
0
0
0
0
0
0
0
0
0
0
0
0
0
0
0
0
2490245
0
0
0
0
0
0
0
0
0
0
0
0
0
0
0
0
0
0
0
0
0
0
0
0
0
0
0
0
0
0
0
0
0
0
0
0
0
0
0
1126302
0
0
0
0
0
0
0
0
0
0
0
0
903427
547706
0
0
0
0
0
0
0
0
0
0
0
0
0
0
0
0
0
0
0
359655
0
0
0
0
0
0
0
0
0
0
0
0
1549572
0
0
0
0
0
0
325098
0
0
0
0
0
0
0
0
0
0
0
0
0
0
0
0
566063
0
0
1924364
0
0
0
0
1128906
0
1103053
0
0
0
0
0
0
0
0
0
0
0
0
0
0
0
0
0
0
0
0
0
0
0
0
0
955223
0
0
0
0
0
0
0
0
0
0
0
0
0
1109689
0
0
0
0
0
0
0
0
801059
0
0
0
0
0
0
0
0
0
0
0
0
0
0
0
0
0
0
0
1335311
831226
0
0
838411
0
0
0
0
0
0
0
0
0
0
0
0
0
0
0
0
0
0
0
0
0
0
630566
0
0
0
730367
0
0
531816
0
0
0
797117
0
1068404
0
0
0
1232587
0
0
0
0
0
0
0
0
0
0
0
0
0
0
0
0
0
0
0
0
0
0
1150298
0
0
0
0
0
0
0
0
1247635
0
0
0
0
0
0
0
0
0
0
0
0
0
1148689
0
831843
1154993
0
0
0
0
0
0
906836
0
0
2471594
0
0
0
0
0
0
0
0
0
0
0
0
0
0
0
0
0
0
0
0
0
0
0
0
0
0
1254217
0
0
0
0
0
0
0
0
0
0
0
0
0
0
0
0
0
0
0
0
0
0
0
0
0
0
0
0
0
798252
0
0
0
0
0
0
824189
0
0
0
0
0
0
1966586
0
0
802847
0
0
0
0
0
0
0
0
0
0
0
0
0
0
0
0
0
0
0
0
0
0
0
0
0
0
0
0
0
0
682767
0
0
0
0
0
0
0
0
0
427270
0
0
0
395715
0
0
0
0
0
0
0
0
0
0
0
0
0
0
0
0
0
0
0
0
0
0
0
0
0
0
0
0
0
0
0
0
0
0
0
0
0
1542228
0
530293
2316133
0
0
0
0
0
0
0
0
0
0
0
0
0
464480
0
0
814433
0
0
0
0
0
0
0
0
0
0
0
0
0
0
0
0
0
0
0
0
0
754217
0
0
0
0
0
0
0
0
0
0
0
0
0
0
0
0
0
0
0
0
0
0
0
595315
0
0
0
0
1320017
0
0
0
0
0
0
0
0
0
0
0
0
0
0
0
0
0
2043356
0
0
601656
0
0
0
0
0
0
0
0
0
0
0
0
0
0
1926375
0
0
0
0
0
0
0
0
0
0
0
0
1178651
0
0
0
0
0
0
0
0
0
0
0
0
0
0
0
0
0
0
0
0
1345437
0
0
0
0
0
0
0
0
0
0
0
0
0
0
0
0
0
0
0
0
0
0
0
0
0
0
0
0
0
0
0
0
0
0
0
0
0
1039927
0
0
0
0
0
0
0
0
0
0
0
0
0
0
0
0
0
0
0
0
0
0
0
0
0
0
0
0
0
0
0
0
0
0
826318
0
0
0
0
678285
0
0
0
0
0
0
0
0
0
0
0
0
0
0
0
0
0
951042
612758
0
0
0
0
0
0
0
0
0
0
0
0
0
0
0
0
0
0
890862
0
0
0
0
0
0
0
0
0
0
0
0
0
0
0
0
0
0
0
0
0
0
949128
0
0
0
0
0
0
372004
0
0
0
0
0
0
1008104
0
0
0
0
0
0
0
1057454
0
0
0
0
0
0
0
0
1229787
0
0
0
0
0
0
0
0
0
0
0
0
0
0
712839
0
0
0
0
0
0
0
0
0
0
0
0
0
0
0
0
0
607297
0
0
0
0
0
0
0
0
0
0
724723
0
723907
0
0
0
0
0
874189
0
0
0
0
0
0
0
0
0
0
0
0
0
0
0
0
0
0
0
1057291
0
0
0
0
0
0
0
0
0
774378
0
0
0
0
0
0
0
0
0
0
0
0
0
1089583
0
0
0
0
0
833044
0
0
0
0
0
0
0
0
0
2658291
0
0
0
0
0
0
0
0
0
0
0
0
0
584484
0
0
0
0
0
0
0
0
0
0
0
0
0
0
0
0
0
0
0
1296991
0
0
0
0
0
0
0
0
0
0
0
0
0
0
0
0
0
0
0
0
0
0
0
0
0
0
0
0
0
0
0
0
0
0
0
0
0
0
0
0
2078426
0
0
0
0
0
0
0
0
1707201
0
0
0
0
0
0
0
851179
0
0
0
0
0
0
0
0
0
0
0
0
2722045
0
0
647615
0
0
0
0
0
0
0
747906
0
0
0
0
0
0
0
0
0
0
0
541504
0
0
0
0
905249
1006772
0
0
0
0
0
0
0
0
0
0
0
986779
0
0
0
0
0
0
0
0
736368
0
0
0
0
1019329
0
0
0
0
0
0
0
0
0
427692
0
0
869447
0
976005
0
0
0
0
0
0
0
0
0
0
0
0
967147
636041
0
0
0
0
0
0
0
0
0
0
0
0
0
618519
1076962
0
0
0
173755
0
0
764907
0
0
0
0
1157445
0
0
0
0
0
0
0
0
0
0
0
0
0
0
0
0
0
1027369
0
0
985985
0
922141
0
0
0
0
0
0
0
0
980776
0
0
0
0
0
0
0
0
0
0
0
0
0
0
802948
0
561790
0
0
0
0
0
0
0
848716
0
0
0
0
1579918
0
0
0
0
0
0
568367
0
0
0
0
0
0
0
0
0
0
0
0
0
0
0
0
0
0
0
0
0
0
1009081
642015
0
0
0
0
0
0
0
0
0
0
0
0
0
0
0
0
0
0
0
0
0
0
0
0
0
0
0
0
0
0
0
0
0
0
0
0
0
0
489055
540735
0
1130412
0
0
0
0
0
0
0
0
0
0
0
0
0
0
533974
0
984154
0
0
0
0
0
0
0
0
0
4348509
0
0
0
0
0
0
0
0
0
0
0
0
0
0
0
0
0
0
0
0
0
0
0
0
0
0
0
0
0
0
0
0
0
0
0
0
0
0
0
566222
0
0
0
0
473500
522530
0
0
0
1064559
0
0
0
0
0
0
0
0
0
0
587437
0
0
977437
0
0
0
0
555621
1767529
0
0
0
0
0
0
0
0
0
0
0
0
0
0
0
0
0
0
0
0
0
0
0
722269
0
0
0
0
0
0
0
0
0
0
0
0
1242580
0
1377178
0
0
0
0
0
0
0
0
0
0
0
9586711
0
17455025
0
0
1209954
0
0
0
0
0
0
0
0
0
0
0
1826083
0
0
0
0
686230
0
0
0
0
0
0
0
0
0
0
0
0
1205080
0
998050
0
0
0
0
0
0
0
0
0
0
0
7084967
0
0
0
0
0
0
0
0
0
0
0
0
0
0
0
0
0
0
0
0
0
0
0
0
0
0
0
0
0
0
0
0
0
0
0
0
0
0
0
0
0
0
0
9506090
0
1130724
693997
0
0
0
0
0
0
0
0
0
0
0
0
0
0
0
0
0
0
0
0
0
0
0
0
986809
0
0
0
0
0
0
0
0
0
0
0
0
794397
0
0
1596131
0
0
0
0
0
0
1193133
0
0
0
666846
0
623295
0
0
0
0
0
0
0
0
0
0
0
0
0
0
0
0
0
773609
0
0
0
0
0
0
0
0
0
0
0
0
0
0
1818851
0
0
0
0
0
0
0
596893
0
0
0
831591
0
0
0
0
0
0
911752
0
0
0
0
0
1851553
0
0
0
0
0
0
0
0
0
0
0
0
0
0
0
0
0
607639
1165932
0
1275309
0
0
0
0
0
0
0
0
0
0
0
0
0
0
0
0
0
0
0
0
0
0
0
0
0
0
0
0
0
0
0
0
0
0
0
0
0
0
0
0
0
0
0
0
0
0
0
0
0
0
0
1229840
951054
0
0
0
0
0
0
0
0
0
1305235
0
0
0
0
0
0
0
0
0
0
0
0
0
0
0
0
0
0
0
0
0
0
0
330924
1160893
0
0
0
0
0
0
0
0
0
0
710256
0
0
0
0
0
0
0
0
0
0
0
0
0
0
0
0
0
0
0
0
0
0
0
0
0
0
0
0
840191
0
0
0
0
1075528
0
0
0
0
0
0
791100
0
0
0
0
0
0
0
0
0
0
0
0
0
0
1983328
0
0
0
0
0
0
0
0
0
0
0
0
0
0
0
430304
0
0
0
0
0
0
0
0
0
0
0
0
0
0
0
1173042
0
0
0
0
0
0
0
0
0
978191
0
0
0
0
0
1463689
0
0
0
0
0
0
0
0
0
0
0
0
0
0
0
0
0
0
0
0
0
0
1125976
0
0
0
1198037
0
0
0
0
0
0
0
0
0
0
0
793968
0
0
0
0
0
0
0
0
0
0
0
0
0
0
0
408424
0
0
0
0
0
0
0
0
0
0
0
0
0
0
0
0
0
0
0
0
0
601447
0
1353577
0
0
0
0
0
0
0
0
0
0
0
0
0
0
0
866065
989064
0
1160567
0
0
0
0
1311158
1081983
0
0
0
0
0
0
0
0
0
0
0
0
0
0
0
0
0
0
0
0
1256006
0
0
0
0
0
0
0
0
0
0
0
0
0
0
0
0
0
0
0
0
693493
0
0
0
0
0
0
0
0
0
0
0
0
0
0
0
0
0
473663
938167
0
0
531236
0
0
0
0
0
3043529
0
0
0
0
0
0
0
0
0
0
0
0
0
0
0
0
0
0
0
0
0
1176852
0
0
0
0
509437
0
0
0
0
0
989200
0
0
0
0
0
0
0
0
0
0
0
0
0
0
1125133
0
0
0
0
0
226915
0
0
0
0
1832451
0
0
0
0
0
0
0
0
0
1095992
0
0
0
0
0
1229740
0
0
0
0
0
0
0
545853
0
0
0
751947
0
0
0
686259
0
0
0
0
0
0
0
0
0
0
0
0
0
0
0
0
0
0
0
0
0
0
1009823
0
0
0
0
0
0
0
0
0
0
0
0
0
0
0
0
0
0
0
0
0
0
0
0
0
0
0
0
0
0
0
0
0
0
0
0
0
0
0
0
0
0
0
1140104
0
0
0
0
0
0
0
0
0
0
0
0
0
0
0
0
0
0
0
0
0
0
0
0
0
0
0
0
1151642
0
0
0
0
0
0
0
0
0
0
0
0
0
0
0
0
0
0
0
967886
188854
0
0
0
0
0
0
0
0
0
0
0
4349426
0
590908
0
0
0
0
958417
1378926
974476
0
0
0
0
0
0
0
0
0
0
0
0
0
0
0
2379505
0
0
0
0
0
0
1245589
0
0
0
0
0
0
0
0
0
0
0
0
0
0
0
0
0
0
0
0
0
1505506
0
0
0
961373
0
0
0
816586
0
0
0
0
0
440519
0
0
0
0
0
0
0
0
1934480
0
0
0
1018148
0
0
0
0
0
0
0
0
1009816
0
0
0
0
0
0
0
0
0
0
0
0
0
0
0
0
0
0
0
0
0
0
0
0
0
0
0
586501
0
0
0
0
0
0
0
888951
0
0
955218
744597
0
0
0
0
874140
0
836988
0
0
0
0
841905
0
0
0
0
0
0
0
0
0
0
0
0
0
0
0
0
0
0
0
0
0
7242362
0
0
0
0
0
0
0
0
0
0
0
0
0
0
1507220
0
0
0
0
0
692127
0
0
1430593
0
0
0
1444413
0
0
0
0
0
0
0
0
4425593
0
0
0
1237226
0
0
0
0
0
0
0
0
0
0
0
0
1818156
0
0
0
0
0
0
0
0
0
1143711
0
0
0
0
0
740423
0
1007801
0
0
0
0
0
0
0
0
0
0
0
0
0
0
0
0
0
0
0
0
0
0
0
0
1818915
0
0
0
0
897236
0
0
0
1286133
0
890014
0
0
0
0
0
0
0
0
0
0
0
0
0
0
0
0
0
0
0
0
0
0
0
669028
0
0
0
0
0
0
0
0
0
0
0
0
0
0
0
0
0
0
0
0
0
0
0
0
0
0
0
0
0
0
0
0
0
0
0
0
0
0
0
0
0
0
0
0
0
0
0
0
0
0
0
0
0
0
0
0
0
355772
0
0
0
0
0
0
0
0
0
0
609704
0
0
0
0
783140
0
0
0
0
0
0
0
0
0
0
0
0
0
0
0
0
0
0
0
730299
0
0
0
1006798
0
909998
0
0
0
0
0
0
0
0
0
0
0
0
0
0
0
0
0
0
0
0
0
0
0
0
0
0
0
0
0
426802
0
0
0
0
0
0
0
0
0
0
0
0
0
2436431
0
0
0
0
0
0
0
0
0
0
0
0
0
0
0
0
0
0
0
0
0
0
0
0
0
0
992562
0
0
0
833198
0
0
0
0
0
915286
0
0
0
0
0
0
0
0
0
0
0
0
0
0
0
0
1073138
781932
0
0
0
0
0
0
0
0
794054
0
0
0
0
0
0
0
914706
0
0
0
0
0
0
0
0
0
0
0
0
1326940
0
0
0
0
0
1305545
0
0
0
0
716441
0
0
0
1094962
0
0
0
0
0
0
700012
0
0
0
0
0
1674054
0
0
0
0
0
0
0
0
0
0
0
0
0
3167159
0
1151730
0
727659
0
0
0
680750
0
0
0
0
0
1166064
0
0
0
0
0
0
0
0
0
0
0
0
0
0
0
0
0
0
906765
0
0
917611
0
0
0
1310163
0
0
0
0
0
1230600
0
1732134
0
0
0
0
0
0
0
1154272
0
0
0
0
0
0
1158882
0
0
0
0
0
0
0
1633382
0
0
0
0
0
0
0
0
0
0
0
773449
0
0
0
0
0
0
0
0
0
0
0
0
0
0
0
0
0
788791
0
0
847917
0
0
0
0
0
0
0
0
0
0
0
0
0
0
0
0
0
0
0
0
0
0
0
0
0
0
0
631927
0
0
749721
0
0
0
0
0
0
0
940729
0
0
0
1074771
0
0
0
0
0
0
0
0
0
0
0
0
0
0
0
0
0
0
0
0
0
0
0
0
0
0
0
1401181
0
0
0
0
0
0
0
0
0
0
0
0
0
0
0
0
0
0
0
0
4282793
0
0
0
640779
647387
0
0
0
0
0
0
0
1050588
0
0
0
0
0
0
0
0
0
0
0
12923993
0
0
0
0
851787
0
0
0
0
0
0
0
0
0
0
0
0
0
0
0
943743
0
0
0
0
0
0
0
0
0
0
0
0
0
0
0
1248563
0
0
0
590003
0
0
0
0
0
0
822645
0
0
0
0
0
1146765
0
0
0
0
0
0
0
0
0
0
0
0
0
0
0
0
883709
0
0
0
0
1132812
0
0
0
0
0
0
0
0
0
0
0
0
0
0
0
0
0
0
0
1167280
0
0
0
0
0
0
0
0
924792
0
0
1024663
0
0
0
0
0
0
0
0
0
0
0
0
0
0
0
911667
0
743493
0
0
0
0
0
0
0
0
0
0
0
0
0
0
0
0
0
0
0
0
0
0
0
0
2028495
0
0
0
0
0
0
0
946917
0
91895685
0
0
0
0
0
0
0
0
0
0
0
0
0
0
0
0
0
0
0
0
0
982866
0
0
0
0
0
0
0
630819
0
0
911493
0
0
0
0
0
0
0
0
0
0
0
0
0
0
0
0
0
0
0
0
0
0
0
0
0
0
0
0
0
567239
0
0
0
0
0
0
0
0
0
1595604
0
0
0
0
1929681
0
0
916456
0
0
0
0
0
949394
0
0
0
0
0
0
0
1213458
0
0
0
595582
0
0
0
0
0
0
0
0
0
0
756517
0
0
0
0
0
0
0
0
0
0
0
0
1067616
0
1197119
0
0
0
0
0
1115996
0
0
0
0
0
0
0
0
0
0
806866
0
0
0
866045
0
0
0
0
0
0
0
0
0
0
0
0
0
0
0
0
0
0
0
0
0
0
0
0
0
0
0
0
0
0
1080786
0
0
1255263
0
0
0
0
9021097
0
0
0
0
0
0
0
595982
0
0
0
0
0
0
0
0
0
0
0
0
0
0
0
0
0
0
0
0
0
0
0
0
0
0
0
0
0
0
0
0
1058436
995606
0
0
0
0
0
0
972276
851099
0
0
0
0
0
0
0
0
0
0
0
0
0
0
0
0
0
0
0
923413
0
0
0
0
0
0
0
0
1158475
0
0
0
0
0
0
0
0
0
1236153
1210255
0
0
0
0
0
0
0
0
0
0
0
0
0
0
0
0
0
0
0
0
0
0
0
0
0
0
0
0
499386
0
0
0
0
0
0
0
0
0
0
0
0
0
0
0
0
0
0
0
0
0
0
0
0
0
0
0
0
1076717
0
0
0
850726
0
1099328
0
0
0
0
0
0
0
0
0
0
0
0
0
0
0
0
0
0
1381687
0
0
0
0
0
0
0
0
0
0
0
0
0
0
0
0
0
0
0
0
0
913679
0
4349343
0
0
0
0
0
0
0
0
0
0
0
943136
0
0
0
0
0
0
0
0
0
0
0
0
0
0
0
0
0
0
0
0
0
0
0
0
0
1463072
0
0
0
0
0
0
0
0
0
0
0
0
0
0
0
0
0
0
0
0
0
0
0
0
0
0
0
0
0
0
0
0
1149716
0
0
0
0
0
0
0
0
0
0
0
0
0
0
0
0
0
0
0
0
0
0
0
0
0
0
0
0
0
0
0
728627
0
0
0
0
0
0
0
0
0
0
0
3126305
0
0
0
0
0
0
0
0
0
0
0
0
0
1727461
0
607693
0
0
0
0
0
0
0
0
0
0
0
0
0
0
0
0
0
2068763
0
0
0
0
0
0
0
0
0
0
0
0
0
0
0
2472360
0
0
0
0
0
0
0
0
0
0
0
0
1078627
635463
0
569519
0
0
0
0
882250
0
0
0
0
0
0
0
0
0
0
0
675923
0
0
0
0
819776
0
0
0
0
0
0
0
0
0
0
0
0
0
0
0
0
0
0
0
751418
0
0
0
0
0
0
0
0
0
0
0
0
0
914316
0
0
0
0
0
0
0
0
0
0
0
0
0
1012472
0
1217477
0
0
0
0
0
0
0
0
0
0
848433
0
0
0
0
0
0
0
640542
0
0
0
0
0
0
0
0
0
0
0
693283
0
0
0
0
0
0
0
0
0
0
0
0
0
0
977532
0
0
0
0
0
0
0
0
0
0
0
0
0
0
0
0
0
0
607707
0
1062086
0
0
0
0
878719
0
0
0
0
0
0
0
0
0
0
0
0
0
0
0
0
0
2056011
0
728221
0
1758432
0
0
0
0
0
0
0
0
0
0
3146688
0
0
0
0
0
0
0
0
922240
0
0
957291
0
0
0
0
0
0
0
0
996416
0
0
0
0
0
0
775687
0
0
0
0
0
0
0
0
0
0
0
0
0
0
0
0
0
0
0
0
0
0
0
0
0
0
0
0
0
0
0
0
0
0
0
0
0
0
0
0
0
0
0
0
0
0
0
0
0
0
1064679
0
0
0
0
0
0
0
0
998558
0
0
0
0
0
0
0
0
0
864386
0
1713327
0
1161594
0
0
1337960
0
950978
0
874002
0
0
0
0
0
0
0
0
0
0
0
0
0
751796
561002
0
0
0
0
0
0
0
0
576614
0
0
495871
0
0
0
1122811
0
0
0
0
0
0
0
0
0
254358
0
0
663983
0
0
1045067
0
0
0
0
0
0
0
0
0
0
0
358356
2667103
0
0
0
0
0
0
0
0
0
0
0
0
0
0
876886
0
0
0
0
0
0
0
0
0
0
0
0
0
0
0
0
0
0
0
0
0
0
0
0
1085498
0
0
0
4168377
0
0
0
0
0
0
0
0
0
0
877157
0
0
0
0
0
0
654440
0
0
0
0
0
0
0
0
0
0
0
0
0
0
0
0
0
0
0
0
0
0
0
0
0
0
0
0
0
610595
2325800
0
0
1110977
0
0
1020151
0
0
0
0
404000
0
0
0
0
0
0
0
1331067
910663
0
0
0
0
0
1106342
0
0
0
0
0
0
0
0
0
0
0
0
0
0
2026784
0
0
0
0
0
0
0
0
710994
0
0
0
0
0
0
0
852296
0
0
0
0
0
0
0
0
0
0
0
870536
0
0
2051174
0
1123547
1364382
599928
0
0
0
0
0
0
0
0
0
0
0
0
0
0
0
0
0
0
0
0
0
0
0
0
0
634656
0
911368
0
0
0
0
0
0
0
0
2222760
911072
0
0
0
0
0
0
0
0
0
0
0
0
0
0
0
1402940
0
0
0
986762
0
0
0
0
0
0
0
0
0
0
0
0
0
0
0
0
0
635864
0
0
721254
0
0
0
0
0
0
0
0
0
0
0
0
0
0
0
1824117
0
808619
0
0
950022
518545
0
0
0
0
0
0
0
0
0
0
667627
0
0
0
0
0
0
0
0
0
0
0
0
0
0
0
0
0
802371
0
0
0
0
0
0
0
0
0
3344497
0
0
0
0
0
0
619218
0
895205
0
0
0
0
0
0
0
0
0
0
0
0
0
0
1058860
0
0
0
0
0
2011325
0
0
992429
0
853616
0
0
0
0
0
0
0
0
1159799
0
0
975568
0
0
0
0
0
0
0
773500
0
0
0
0
0
0
0
0
0
1709761
0
0
807990
0
0
0
0
0
0
0
0
0
0
0
0
0
0
0
671951
0
0
0
0
0
0
0
0
0
0
2110852
0
0
0
0
0
0
3319099
0
0
0
0
0
0
0
0
0
0
0
0
0
0
0
0
0
0
0
0
0
0
0
0
0
8251920
0
567552
0
0
0
0
0
0
0
1056617
0
0
0
0
0
0
684162
0
0
0
0
0
0
0
0
0
0
0
0
0
469938
2358228
0
0
0
0
0
0
0
0
0
0
0
0
0
0
1865566
0
1276771
0
0
0
0
0
0
0
0
0
0
0
0
0
0
0
0
0
0
0
0
0
0
0
0
0
0
0
0
0
0
0
0
0
0
0
0
0
0
0
0
0
0
0
0
0
0
0
0
0
357684
0
0
0
0
888269
0
1189724
0
0
0
0
0
0
0
0
0
0
0
0
0
0
0
0
0
0
0
0
0
0
0
0
0
0
0
0
0
0
0
1483173
0
0
0
0
1349879
0
0
695221
0
0
880986
0
1065485
6621253
0
0
0
0
0
0
0
0
0
941101
0
1106031
0
0
0
0
0
0
0
0
0
0
0
0
0
0
0
0
0
0
0
0
1080986
0
0
0
0
0
0
0
0
0
0
0
0
0
0
0
0
0
528729
0
0
0
1858533
0
0
0
457839
0
0
0
0
0
0
0
0
0
0
0
989778
0
0
0
2031464
0
0
0
0
0
0
0
10233
0
0
0
0
0
0
0
0
0
0
0
0
0
0
0
0
0
0
0
0
0
0
0
8632290
0
1135932
863841
0
0
0
0
0
0
0
0
0
0
0
0
0
0
0
0
0
0
0
0
0
0
0
0
0
0
0
0
0
0
1005512
1308973
0
0
0
0
0
0
0
0
0
0
0
0
0
0
0
0
0
792576
0
0
0
0
0
0
0
0
0
0
0
0
0
0
0
0
0
0
0
0
0
0
0
0
0
1410086
0
0
0
838942
0
0
0
1888670
0
0
0
0
0
0
0
0
0
0
0
0
0
0
0
509088
0
0
0
0
0
996229
0
0
0
0
1038840
0
0
0
0
0
0
0
0
0
0
0
0
0
0
0
0
0
0
0
0
0
0
0
0
0
0
0
0
0
0
0
0
0
0
0
0
0
0
0
0
0
0
0
0
0
0
0
0
0
766317
0
0
0
0
0
0
0
0
0
0
0
0
0
0
685435
0
0
0
0
0
0
1315971
0
0
0
0
0
0
0
0
0
0
0
0
0
0
0
0
0
0
0
0
0
0
0
1625107
0
0
0
0
0
0
0
0
0
0
0
0
773617
0
0
1533919
1228622
0
0
0
0
0
0
0
0
0
0
0
2227083
0
0
0
0
0
0
0
0
0
0
0
0
0
0
0
0
0
0
0
0
0
0
0
0
0
0
0
0
0
0
0
600081
0
1010998
0
0
0
0
0
0
0
0
0
0
0
0
0
0
0
0
0
0
501634
0
0
0
0
0
0
0
0
0
0
0
0
0
0
2020588
0
0
0
0
0
0
0
741044
0
0
0
1043057
0
0
0
0
0
773439
0
0
0
0
0
0
0
1166896
0
0
0
0
0
0
0
0
0
727238
0
0
1136072
0
0
0
0
0
0
0
0
0
0
0
0
17453999
0
0
0
0
0
0
0
0
0
1246820
0
0
0
0
0
1847570
0
0
0
1647164
0
0
0
0
0
712134
0
1865693
0
0
0
0
0
0
0
0
0
0
945144
0
0
0
0
0
0
0
0
924694
706428
0
0
0
1086389
973950
0
0
0
0
0
0
0
0
1674109
0
0
0
0
0
0
0
2030837
0
0
0
0
0
0
0
1237950
0
0
0
0
225823
0
0
0
0
0
1737834
0
0
0
0
0
0
0
0
0
0
0
0
0
0
0
0
0
0
921621
0
0
811400
0
0
0
0
0
0
0
0
0
0
0
0
0
96618613
0
0
1251093
0
0
916344
0
0
0
0
0
0
0
0
0
0
0
0
0
0
0
0
0
0
0
0
0
0
0
0
0
0
0
0
0
758278
529023
0
0
0
0
646662
0
0
0
0
0
0
0
0
0
0
0
0
0
0
0
0
0
0
0
0
0
0
0
0
0
0
0
0
0
0
0
0
0
0
0
0
0
0
0
0
0
0
0
0
0
0
0
0
0
0
0
0
0
0
0
0
0
0
0
0
0
0
773868
0
0
0
0
0
0
0
0
0
0
0
0
0
0
0
0
0
0
0
0
934976
0
0
0
0
0
0
0
0
0
0
0
0
0
0
0
0
0
0
0
0
0
0
724327
0
0
0
0
0
0
0
0
0
0
0
0
0
0
0
0
0
0
596732
0
0
0
0
0
573353
0
0
0
0
0
0
0
0
0
0
0
0
0
0
0
1113551
0
0
0
0
0
0
0
0
0
0
1610160
0
2258481
0
0
0
0
0
0
0
0
0
0
0
2341153
0
0
1065421
0
0
0
0
0
0
0
0
0
0
0
0
0
0
0
0
0
0
0
0
0
0
0
0
0
0
0
987778
0
0
0
0
0
0
0
0
0
369121
0
0
0
0
0
0
0
0
0
0
0
0
0
0
0
0
0
1329808
0
0
0
0
0
0
0
0
0
0
0
0
0
0
0
0
0
1222197
0
0
0
0
0
0
0
0
0
0
838413
0
0
0
1246652
0
4168699
0
0
0
0
0
0
0
0
0
950072
0
0
0
0
0
0
0
0
0
0
0
0
1119705
0
0
0
0
0
0
0
0
0
0
0
0
0
0
0
0
0
0
0
0
0
0
0
0
434871
0
0
0
0
0
0
0
0
1979748
1160639
0
0
0
0
0
2027429
0
0
0
0
0
829609
0
0
0
0
0
0
0
0
0
0
0
0
0
0
657759
0
0
0
0
0
0
0
0
0
0
0
0
0
0
0
0
0
0
0
0
0
0
0
786292
0
0
0
0
0
0
0
0
0
0
0
0
0
0
0
0
0
0
1563407
0
0
0
0
0
0
0
0
0
0
0
2824714
0
0
0
0
0
0
0
0
0
0
0
0
0
2475941
0
0
0
0
0
0
0
0
0
0
0
0
1051658
0
0
0
0
0
0
0
0
0
0
1838085
0
0
750425
0
0
0
1596478
0
1078425
0
0
0
0
0
0
0
0
0
0
0
0
0
0
0
0
0
0
0
0
0
0
0
1048219
0
731046
0
0
0
0
0
0
0
0
0
0
0
0
0
602028
0
900020
0
0
0
0
0
0
0
0
0
1367375
1426225
0
0
0
0
0
1329571
0
0
0
0
0
0
0
0
0
0
0
1202468
633381
0
0
4402301
0
0
0
0
0
992310
0
0
0
0
0
0
1156930
0
0
0
0
0
0
0
1136753
0
0
0
0
1939976
0
0
0
0
0
653224
0
0
0
0
0
0
0
0
0
1107977
0
1272967
0
0
0
0
815576
0
975166
1063202
0
0
0
677657
0
0
0
0
0
0
0
0
0
0
0
0
0
0
0
0
0
1105831
0
420838
0
0
0
0
0
0
0
0
0
0
0
0
0
0
0
0
0
749547
0
2065356
1842303
0
0
0
0
0
0
0
0
0
0
0
0
0
0
0
0
0
0
0
942241
0
0
0
0
0
0
0
0
0
0
0
0
0
0
0
0
0
0
0
0
0
0
0
0
0
0
0
0
0
0
0
0
0
0
0
0
0
1013364
0
0
0
0
0
0
0
0
1248908
761417
0
0
913295
0
0
0
0
0
0
0
760476
0
0
0
0
0
0
2551482
0
0
0
0
0
0
0
0
0
0
0
0
0
0
395983
0
1428500
0
0
0
0
0
1621399
0
0
0
1220423
0
0
0
0
0
0
0
0
0
0
0
0
0
0
0
0
0
1798748
0
0
0
0
0
0
0
0
2467639
0
0
0
0
0
0
797871
0
0
0
0
0
0
0
0
0
0
0
0
0
0
0
0
0
0
0
0
0
0
0
0
0
0
801577
0
0
1043626
0
0
0
0
0
0
0
0
0
0
0
0
0
0
0
0
0
0
0
0
0
0
0
0
0
0
1835849
769792
0
0
0
0
0
0
0
0
0
2472855
0
0
2102684
0
0
0
0
0
529676
776630
0
0
1513602
0
0
0
0
0
0
0
0
0
0
0
0
0
0
0
0
0
0
567376
0
0
0
0
0
0
0
0
0
0
0
0
0
0
0
0
0
0
0
0
0
0
0
0
0
760833
0
0
0
0
0
0
0
0
0
0
0
0
0
0
0
0
0
0
0
0
0
0
0
0
0
0
0
0
0
0
0
0
0
0
0
0
0
0
0
0
0
0
0
0
0
0
0
0
0
0
0
0
0
0
794511
0
0
0
0
0
0
0
0
0
0
0
0
0
0
0
1135527
759071
0
0
0
0
0
0
848740
0
0
0
0
0
4275612
670435
0
0
0
0
0
0
0
0
0
0
0
0
0
0
0
706938
0
0
1044868
1700683
0
0
0
0
0
0
977470
0
772246
0
0
0
1106214
0
0
0
0
0
0
0
0
0
0
0
0
0
0
0
0
1023683
0
0
0
0
0
0
719026
0
0
0
0
0
0
0
0
0
0
0
0
0
0
1135348
0
0
0
0
0
0
0
0
0
0
0
0
0
0
0
0
0
0
0
0
0
0
0
0
0
0
555333
0
0
1378250
0
961586
0
0
0
0
0
0
0
0
0
0
0
0
0
0
0
0
0
0
0
0
0
0
0
0
0
0
0
1548246
0
0
0
0
580704
0
0
0
0
0
0
0
0
0
0
0
1683814
0
0
0
1103105
0
0
0
0
0
0
0
0
0
0
0
0
0
0
0
0
0
0
1108219
0
0
0
0
0
0
0
0
0
0
0
0
0
0
0
0
0
0
0
583864
0
0
0
0
0
0
0
0
0
0
0
0
0
0
0
0
0
0
0
0
0
0
0
0
0
0
0
0
0
0
729218
0
0
0
0
0
0
0
0
0
0
0
0
0
0
0
1846427
0
0
0
0
0
0
0
919451
0
0
0
0
0
0
0
0
0
0
0
0
0
0
0
864399
0
2452434
0
0
0
1009452
0
0
0
0
0
0
0
1098956
0
0
1210680
0
715528
0
889263
973672
0
0
0
0
0
0
2915588
0
0
0
0
0
0
0
0
0
0
1631017
0
0
0
0
0
0
0
0
0
0
0
0
0
0
0
0
0
0
0
0
0
0
0
0
0
0
1464419
1447713
0
0
0
0
946333
0
0
0
0
0
0
0
0
0
0
0
0
0
0
0
0
0
0
0
0
0
0
0
1295803
0
0
645005
0
0
0
0
0
0
0
0
0
0
0
0
0
0
0
0
0
0
676247
0
0
0
0
0
0
1124482
0
0
0
0
0
0
0
0
0
0
0
0
0
0
820474
0
0
2167477
0
0
0
0
0
0
0
0
1581066
0
0
0
0
0
0
0
0
0
0
0
0
0
0
0
0
0
0
0
0
0
833046
0
0
0
0
0
0
0
0
0
0
0
0
0
0
0
0
0
0
0
0
0
0
0
0
0
0
0
0
0
0
0
0
0
1233600
0
0
0
0
0
0
2981782
0
0
0
630908
0
0
0
0
0
0
0
1625469
0
0
0
0
0
0
1279021
0
0
0
0
0
0
0
0
0
0
0
0
0
0
0
0
0
0
0
0
0
0
0
0
0
0
0
0
0
0
0
0
0
0
0
0
0
0
0
0
0
0
0
0
0
0
0
0
0
0
0
0
0
0
949104
0
0
0
0
1205900
0
0
0
0
922877
0
876290
0
0
892515
0
0
845222
0
0
0
0
846252
0
0
524204
0
0
0
713469
0
0
0
698021
719359
0
0
1363312
0
0
845015
0
0
0
0
1823479
0
0
0
0
0
0
0
0
0
1192051
0
0
0
0
0
0
0
0
742805
0
0
1972391
0
0
1209750
720530
0
0
692957
0
0
996371
0
0
0
0
0
0
0
0
0
0
916965
0
0
0
0
0
0
778479
0
0
0
0
0
0
0
0
0
0
0
0
0
0
0
0
0
0
0
0
0
0
582410
0
0
0
0
0
0
0
0
0
0
0
1770189
0
992770
0
708880
686961
0
0
0
0
0
1268608
0
0
0
0
0
0
0
0
0
0
0
0
0
0
0
0
0
0
0
1195732
0
0
0
0
0
0
0
0
0
0
0
0
0
0
0
0
0
0
0
0
0
0
0
626423
0
0
0
0
2313608
0
0
0
0
0
0
0
0
0
0
0
0
0
654749
573225
0
0
0
0
0
0
0
0
0
0
0
0
0
0
0
0
0
0
0
1406545
0
0
0
0
0
0
0
0
0
0
0
0
0
0
0
0
0
0
0
0
0
0
0
0
778044
0
0
0
0
1225672
0
0
0
0
0
0
0
0
0
0
0
0
0
0
0
0
0
0
0
0
0
0
0
0
0
1189871
0
0
0
0
0
0
0
0
0
0
0
0
0
0
0
0
0
0
0
0
0
0
0
0
0
0
0
0
0
0
0
0
0
0
0
0
0
0
972754
0
0
1191545
0
0
0
0
0
0
0
0
0
0
0
2626170
0
0
0
0
649488
1155157
1696751
0
0
0
0
0
0
0
0
974986
0
0
0
0
0
0
0
0
0
0
0
917436
0
0
0
0
0
0
0
0
0
0
0
0
0
0
0
0
0
0
0
0
0
0
0
0
0
683029
0
0
0
0
0
0
0
0
0
0
0
0
0
0
0
0
0
0
0
1236399
0
0
0
0
0
0
768774
962610
0
0
0
0
0
0
0
0
0
1099588
0
0
0
0
0
0
0
0
0
0
0
0
0
0
0
0
1256183
0
0
0
0
0
0
697453
0
0
0
0
0
0
0
737072
824756
0
0
0
1921489
0
0
0
0
0
0
0
0
0
0
0
0
0
0
0
0
0
0
0
0
0
0
0
0
0
0
0
0
0
0
0
0
0
0
0
0
0
1299605
0
0
0
0
0
0
0
0
0
0
0
0
0
0
0
0
0
0
0
0
0
0
0
0
0
0
700572
0
0
0
758903
0
0
0
0
0
0
0
0
0
0
0
0
1166068
0
0
0
0
0
0
0
1813594
0
0
0
0
0
0
0
0
0
0
0
2479441
0
0
3238163
668856
0
0
0
862869
0
0
0
0
0
0
0
0
0
0
0
0
0
0
0
0
0
0
0
0
879899
0
0
0
675488
1042276
0
0
0
0
0
969268
0
0
1793871
0
0
0
0
0
0
0
0
0
0
0
0
0
0
0
0
0
0
0
0
0
0
0
357438
0
0
0
0
0
0
0
0
0
0
0
0
0
0
0
0
0
0
371241
0
0
1652913
0
0
0
0
0
0
0
0
0
0
0
0
0
0
0
1242895
0
0
0
0
0
0
0
0
0
0
0
0
0
1069290
0
0
0
0
0
0
0
0
0
0
0
0
0
0
0
0
0
0
0
0
1091338
0
0
0
0
0
0
860505
0
0
0
0
0
0
0
0
0
0
0
0
0
0
0
0
0
0
0
0
0
0
0
0
0
0
0
0
0
0
2914920
0
0
0
0
0
0
0
0
0
0
0
0
0
0
0
0
0
0
0
0
0
0
0
0
0
0
0
0
0
0
0
0
0
0
0
0
0
0
0
0
0
0
0
0
0
0
0
0
0
0
0
0
0
0
0
0
0
0
0
0
0
0
0
0
0
0
0
0
0
0
0
0
0
0
0
0
0
0
1806908
714451
0
0
0
0
0
0
0
0
0
0
0
0
0
0
3371157
0
0
0
2009260
0
0
0
0
0
0
0
866051
0
0
0
0
0
0
0
0
0
0
0
0
0
0
0
0
0
780476
0
0
0
0
0
0
0
282178
0
0
0
0
0
0
0
0
0
0
0
0
0
0
0
0
0
0
0
0
0
0
0
0
0
0
0
0
2387227
0
0
0
0
0
0
0
0
0
0
0
0
0
0
0
0
0
0
0
0
0
0
0
922528
0
1426638
0
0
0
0
0
0
0
0
0
0
0
0
0
0
0
0
0
929381
0
0
0
0
0
0
0
0
0
0
905611
0
0
0
0
0
0
3397450
0
0
0
0
0
0
0
0
0
0
0
0
0
0
3233364
0
0
0
0
0
0
1717721
0
0
0
0
0
0
0
0
0
0
0
0
0
0
0
0
0
0
0
0
0
0
0
0
0
0
0
0
1848731
0
0
0
0
0
0
0
0
0
0
0
0
0
0
0
0
0
0
0
854901
1208065
0
0
0
0
0
0
0
0
0
0
0
0
0
0
0
0
0
1127323
0
0
0
2149958
0
0
0
0
0
0
0
0
0
0
0
0
0
0
0
0
0
0
0
0
0
0
0
0
0
0
0
0
0
0
0
1069356
0
0
0
0
0
0
0
0
0
0
0
0
814932
0
0
0
0
0
0
0
0
0
0
0
0
0
0
0
0
0
0
0
0
0
0
0
0
0
0
0
0
0
0
0
0
0
0
4091415
0
0
0
0
0
0
0
0
0
0
0
1944521
0
0
1689546
0
0
1522996
0
0
0
0
0
0
0
6575895
0
0
0
0
0
0
0
0
0
0
0
0
995512
1173750
0
0
0
0
0
0
0
0
0
0
0
0
0
0
0
0
0
0
0
0
0
0
0
0
0
0
0
0
0
0
0
0
0
13313813
0
0
0
0
1181455
0
0
0
914966
0
0
0
0
0
0
0
686412
0
0
0
1125503
0
0
0
0
0
0
0
0
1027917
0
8214407
0
0
0
0
0
0
0
0
0
645243
0
0
0
0
0
0
0
0
3366221
0
0
0
0
0
0
0
0
0
0
0
0
0
0
0
0
0
0
0
0
0
0
0
0
0
0
1964519
0
0
0
0
0
0
0
0
0
0
0
0
0
0
0
1013674
0
0
0
0
0
314725
1705142
0
0
0
0
0
0
0
0
0
0
1190586
0
950706
4319142
0
611198
0
0
0
0
0
0
946086
0
0
1142940
0
1111873
0
0
0
0
0
0
0
0
0
0
766250
0
0
0
0
0
0
0
0
0
0
0
6619024
0
0
0
0
1076961
0
0
0
0
0
0
0
0
0
0
0
0
0
0
0
0
0
216723
0
0
0
0
0
0
0
0
0
0
0
1642851
0
0
0
0
0
0
0
0
0
0
0
0
0
0
0
0
0
0
0
0
0
0
0
0
0
0
0
0
0
0
0
0
0
0
0
0
0
0
0
0
0
1402838
999747
0
0
0
0
0
0
0
0
0
0
0
833980
0
0
0
0
0
0
0
0
0
0
0
0
0
0
0
0
0
0
0
0
0
0
0
0
0
0
0
0
0
0
0
0
0
0
0
0
0
0
839008
0
0
1195764
0
0
0
0
0
0
1051062
0
0
0
1082681
0
0
0
0
0
0
0
0
0
0
0
0
0
0
1145321
9428323
1536586
0
0
0
0
0
0
0
0
0
0
0
0
0
0
0
0
0
0
0
781809
0
0
0
