0
3162249
2761737
3323881
2445538
2731443
3083191
2347930
2086466
3372539
2826468
3685601
2889652
2588944
4075380
2732081
2426531
3798969
2710969
3671401
3804838
4172167
2274615
3824777
2568718
3153992
2305100
3245223
3305479
3423953
2059918
2555908
4033869
3577959
3070499
2938925
2636825
2655079
2684100
2350547
2459672
3247573
3007356
3426094
3696726
2697714
2937626
2550745
2534719
2345858
5172322
2400665
3261755
3446759
2482958
3087495
4261387
4693298
2476326
2057166
4663137
3608908
3206461
4215494
5446739
2430723
2517177
2520796
3325754
2964182
3203359
2465471
3505589
3694039
2883063
1952275
2524713
2628548
2721447
2883568
2274768
3224431
2244163
3913854
4649094
3216543
3254055
5336587
3253218
4895802
2677416
4204389
2635629
2477726
2755818
3832317
3448653
2279655
2884569
6075022
2531740
2562534
3164477
2162667
2894852
3143664
4102458
2240115
3095535
2845816
2441400
4855247
2985764
2606392
2410832
2550430
3052771
2659291
2770271
4069376
3149442
3112491
3089346
2338373
3308775
2141354
3809731
3592276
3481393
3045815
5056399
4176113
5449830
3010281
5534615
4692501
3411883
2305452
1977528
4372818
3155576
2597830
5864475
2866462
3231719
3431726
2321598
3474288
2627213
3375504
2635149
2333236
3250643
2803395
3681126
2682819
2265217
3257119
3487925
3238722
2782539
2290003
4166694
3624840
3133684
2313157
3398058
3429032
2646603
5934887
3427318
2143299
2380177
3103843
3291579
2939423
2791354
2483584
2674639
2764303
2788476
2181583
2419253
2545796
3434253
2652781
3453784
3428170
4855066
3035848
3123726
2993984
2455905
2386811
3218483
5815940
3000370
3815679
2966246
2275892
2734144
2122724
2501076
3088568
3961197
2707938
2342722
2569642
2764829
2937122
2590538
3146290
2859414
3285045
3198765
5706756
2804728
3792343
3349168
4946732
2666493
3043474
2298885
2348977
3468961
3449284
3081663
3379363
3149617
3728431
2404911
4912965
3280291
3335241
3632258
2594172
3392043
2496055
2531522
3595958
3266323
2590775
3612226
3234236
2931159
5830594
3693881
4340822
2399379
2529945
3185673
2373798
2674830
2493469
2367315
3927347
2542352
2496031
2209762
3246063
3388796
2892294
2773716
2673806
2682494
3666030
2583321
7624989
2510907
5004643
2301943
4409131
2611978
3478231
3659174
2754185
3113038
2120160
2932045
2813981
2756518
2647022
3879891
3232466
3062689
2337228
2263256
3383421
2448209
2779394
2803582
2324185
2673782
2637306
4348534
3622364
1689039
3091906
3187526
3089005
3357132
3366767
2692464
2578893
3005236
2739146
2631170
3731736
2496893
2603106
2831609
3807482
2380484
2209617
3267855
4075872
5486910
2877044
2473475
2744426
3173821
4699761
2901774
2660251
2165112
2214781
2889920
3121748
4142145
2985527
2182054
3840435
3130986
3536683
2510000
7849271
3093315
2966934
3232012
9288369
3754651
2720832
3204439
2738661
3507235
3482347
3754597
3061640
3529766
2324114
2997660
2282078
2791460
2224391
4154595
3385965
2923326
2632004
3211725
2375330
2918510
2701321
3091914
2524725
4709222
3024043
5144185
3211031
3068472
4556901
3742072
2833962
2363425
4383181
4239053
2486975
3275083
2153846
3977850
3203577
3849638
3631963
2421174
2676440
2450052
2590631
3877854
3404125
2455631
2464978
2760123
3440598
3278487
2268828
2901295
2437465
4249356
3302605
2745672
2467171
2183280
4241354
2411775
2508915
2696616
3737459
5033813
3390256
3613072
2250939
3342121
2488897
2745692
2431729
3631074
3010281
4214547
3647115
3771507
3983963
2926355
4352480
3356594
3020562
2478585
3000630
3101466
2295977
3123310
3606798
2881934
3515993
3239086
3268387
2872332
2788484
2613574
3717661
2185908
4607016
2157746
2687552
2854813
3137740
2259085
2757662
4654380
4453377
3132798
4190517
2804321
3208758
3076382
3292165
3383503
4566476
3163332
3712393
3835481
2371120
3238459
2724940
2407970
3777680
4243610
2913872
2907388
3140098
4747563
2432950
4200714
3754056
3162159
2481764
2913751
2188084
2178781
2606722
2429462
3552851
2718255
3273527
2936561
2771878
3009661
2310021
3574784
2514710
3151415
4463073
2872156
2530158
3032698
4568355
3296899
2810799
2464688
2900667
3775571
2037431
2785031
3281393
3033135
2358686
5855913
3510760
3533954
3593514
2268599
2748632
3889123
3523283
3563880
3544517
2395779
2272102
2610773
2718961
2475213
3394813
2770189
3106685
3321521
2186341
2286940
2186228
3041193
2565175
2105288
2547217
2821464
2276119
4404251
4875451
2739347
2100939
2560910
10599011
2818506
2910672
2384432
2540787
2419411
3148469
6142873
2203609
4332216
2634398
3687027
2591411
2583360
2999665
2428511
2585890
3979342
2092264
4296915
4694273
3112709
2426323
3044083
2892775
2634690
3221466
2445167
3221751
2534034
2351079
3026432
2737304
2665005
3050862
3068153
3401171
2814329
3516620
3351775
2079176
2592319
2770102
3351493
2370625
3631116
2458191
3106781
3358839
3426285
2896603
2633084
4132241
6797911
3474800
2602808
3727112
3416794
2432351
2537887
2108400
2844875
2461499
3669808
5100639
3220621
3513928
2796029
3302925
3212246
7130314
2705755
2573627
3152877
2616404
2295711
2957086
2844773
3544585
3471120
2765753
4721683
2129384
2192189
2226669
3312979
2310368
2423564
3454268
3101491
3177246
2467763
2904800
3089770
3257937
6709196
2519371
2994579
3183667
2716149
3741788
2259071
2904697
3963022
2567050
2702554
2702138
2793065
2644814
3190052
2503651
2759628
2819932
2282377
6106543
2885077
2973296
2797604
4499315
2850718
3761335
2432077
2388470
2443082
2368321
3119852
2467248
2738140
2741616
2688810
2404766
3655740
2759160
3228829
4752555
4275223
3667386
3469709
3954764
2618224
3812821
3486222
2495058
2426084
2602921
3708468
3263790
2951031
3219911
4461968
2762162
3183582
4200522
4045853
2635887
2839882
3320113
2520835
2474580
2691613
2795030
2763623
3281872
2207940
2928390
2922946
3448046
3508581
5027325
3686554
2515057
2572009
2927839
2440250
3363439
3811341
4094886
3200594
3477985
4136174
2383862
2252017
2729198
5462749
2471243
2912476
4982159
2967283
1916141
3565280
4155639
3166757
8494802
2343541
2271575
5216617
7064933
2777330
3579243
2467822
3038236
2629654
2904703
2644825
4863509
2365774
3298641
2482545
2784899
2163418
3602204
3157152
2955101
9056568
3631479
2507716
3320199
3709391
3310016
1837432
2637837
3081791
3043370
2668708
2606832
3754954
2486930
2944051
4047759
2891785
2590614
3598406
3930352
2372749
2817111
2472905
3234534
2689486
2943200
3609467
2518518
2732698
3854196
2264841
2747092
2690437
2997143
2580401
2802710
3013641
3493060
2934585
2192863
3394637
2564945
3094022
2798268
2671122
4258438
3049324
3416917
3219449
2993462
2540021
3875652
3607202
2324446
3352756
2676265
3418614
2839987
2543385
3854371
3825047
1800468
4162281
2840113
3631494
2789301
3674510
2717559
2791112
2473632
4267685
4371177
2545349
2441814
4386789
3894352
4784025
2248290
2867077
3199193
4254532
3403052
3245618
2549198
2893736
3223933
2685258
4556791
2231693
3383533
2755231
2301507
2433283
3050079
2398307
2754686
3200958
2311299
2299574
3563581
3973033
2282971
3499882
4954971
2810083
2338598
2443292
11880969
2259521
3401480
2855705
3716019
2697895
2271550
2622125
3178509
2558082
2267680
2591718
5057348
2443592
2557256
3656359
3894052
4689909
3852461
3060365
3240955
4169380
4328143
2547949
3270012
2758799
3124701
2942072
3090199
3450960
3812412
3839476
3006728
2628821
2905427
2624573
2282195
3008771
3762119
3533490
2696398
3439053
4507961
3416024
4167368
3527380
2313194
3236478
2893070
4344086
2625544
2975575
2828432
2560440
3298043
2546205
3194392
2628668
2525180
2764270
3056717
3987789
3823938
3146522
3304109
2596803
3175499
2606013
3289845
3068398
2696591
2368198
6294329
3156207
2596880
3236294
2590202
3241186
2703498
3621151
4038202
3570917
2476977
3137478
3213562
2816795
2594079
3258395
2320401
2593199
2589414
4179918
4189940
2958997
3596960
2671284
2647989
2160090
3986769
3416261
3192730
3162041
2442079
3754301
2695515
3369908
2461281
3182163
3012986
2480374
2348869
3723379
2774710
2390368
2529365
2758856
2911069
2706773
3080432
2731464
2732738
2842308
2557347
2297843
3163873
3876035
2936312
2474110
3576531
3557667
2935649
4583736
2416324
2924284
2409209
3380382
5207968
4738679
3658632
3137360
2194850
2103710
3268300
