0
207615
400925
584
875125
947
66269
5277104
269801
1432922
1591634
1002899
412667
2359339
722184
2235277
446305
2310734
1523786
489601
456324
2800717
358356
5025382
4771810
1343544
1786784
754143
301513
4102385
1803350
1027430
1335123
382940
4194918
1840271
5598612
3245588
793366
363428
544859
5537112
2345335
1019735
2854664
7287198
1333732
10128562
6379071
749268
866458
6997163
4255479
3287611
5887206
953777
2874705
363341
5750614
3792175
3540088
479174
1156315
1333867
1767245
1229806
1491386
5183409
15125429
4592958
3706069
5845661
13267559
7917866
1053323
1596612
3175259
2086540
2654108
2059156
2467895
1630623
1085276
9300612
11435584
7704157
1223713
10826498
8419679
6092522
11986370
1429628
3105562
6591458
2322141
6205369
3555055
5789818
11044778
13465362
5110928
3599009
3470251
2415566
4619215
1307849
24144854
7439953
1335942
4863030
9847235
6228678
18183183
23196097
1730392
4218862
11551225
3636478
5592446
2485559
6204016
4523203
5626416
20229977
12909449
11066684
2398218
20421781
4139770
33814755
2553710
3284005
14037516
3836074
10347710
2726102
6090677
7192410
8251930
2705048
15602958
12369298
17923686
13403542
7593595
31323665
3063166
9174423
8612997
15378382
10711869
12335753
28907727
3129031
2585932
4480040
3812877
31565184
11216504
2516987
7337317
22277910
11864016
3015369
7053832
2202056
6007315
14942881
2918784
9155166
25857475
10532153
18035540
19105460
4696499
10283970
5861326
9938055
32201798
5666433
1643925
17161681
6613347
7621678
13261498
5186137
2803279
14688682
6697627
4564825
20077829
22199071
24448604
2315455
5531959
13295014
10834542
4611659
21892464
2474386
15939040
3192533
5638458
8223835
14625722
5513039
5978303
16303971
34605013
6386942
11915083
40518287
18419883
4916256
13451675
28533167
26998076
7740622
62462945
18126333
19550863
19787282
10447730
19536828
40448588
8528646
7409009
9716436
8146892
15562658
2604265
21609043
10732144
27412967
8452641
6896548
14672463
10218418
11184569
15331008
22047152
3911086
11645714
26359524
16427725
6270983
30727481
15734965
8626388
16900692
11785832
9879012
18813463
20273038
19838322
51531822
10326172
25158460
10994304
28533483
49747821
6632029
43193579
13852454
7884861
24048518
47765752
21898997
46975002
5383134
20240269
32936352
54873278
20167903
10045596
21170200
30570117
12370431
16529569
17603219
22952245
12139990
14134011
44688233
51857950
13763115
12060462
12425961
16886466
19693626
6921230
9289165
6676206
8907215
18880749
13243828
48336028
34515683
17622344
20769945
39458373
15025849
12769561
14979546
41100976
41671277
15745388
6968885
17203986
46709233
25400747
25805584
24668268
15495047
30175148
14753426
35910653
15840162
27990493
19609972
17386248
11173850
18398798
27754270
13655872
38948288
17922007
15155536
17949732
32464170
32386808
15308228
25188596
22049020
6237858
18347277
26289753
12785559
37654701
29231943
41314205
27259672
18377693
21723699
28881793
55432233
19841085
32164829
7574471
7852810
40921834
46831325
23771783
38417502
39053280
51609153
28264402
30381667
22330934
31996258
20656519
46806713
39434468
25992640
32043112
48644011
31762556
43662661
38015303
34609331
45640797
46716578
34536751
28959943
21468848
49062108
28353875
10493113
54134944
10915367
15185175
31333896
31223383
45198927
9496535
47551605
18722328
50752022
38171337
22327417
26099636
48121162
24966750
23853563
30968502
17269094
32453157
38993483
24560528
10366864
29148362
31817662
31041609
21457856
13594308
26915113
34738186
19824719
21578336
43652842
11267146
56195604
45696143
20319422
23075785
50765034
52417104
33132182
40543147
26746478
39671914
63480506
13148122
28763360
34949184
38173836
27261320
43700193
10262936
67826415
19600972
17971827
48970735
39785196
33810665
40176890
32310505
7868147
8862082
45213510
35220081
51157880
32369354
18432588
22481512
36695822
44351155
23601332
51976045
56359523
29860724
21872868
56079314
38191116
28784808
23946655
64242559
59908399
31129465
34552184
19961926
39377771
16581247
36074950
17821039
29370330
24564326
46636312
24371561
60365044
23153861
33884874
42723300
54663450
39708735
26937031
40024044
42996290
31275351
37383158
58029089
9101772
25495868
26166323
85978653
54548280
13531644
27189960
34599352
23145926
51887323
55206074
63579433
57714868
38584658
74357940
21783617
57985543
33375446
47571003
27465141
34022885
25295827
38478025
62261720
40724433
20427722
22452361
42152659
80727008
20149616
21016318
13455426
60691294
139721290
24443525
39039031
38885052
49498684
31226436
16738534
49812768
42004366
31278438
53208746
41219381
57568297
67950145
40822078
43121169
77367414
58492182
34495058
53699136
60363077
48560154
45853212
90213839
67468581
35557188
54838981
53965147
22801119
40492816
60084878
46651433
24830840
62728041
43771213
37365366
31830957
33330477
101030488
65900323
23993452
78921432
49337341
52322593
101632477
41416773
66412516
53110101
51317518
76586466
59214036
32719106
28405777
53171902
61267058
118956149
49284687
52866217
52515246
58331381
47841681
51623558
51634554
51858428
40094957
55388915
71700636
56594413
74888336
107492596
83245052
43363895
88650185
38563687
63791242
30540704
42234875
72181054
84521758
25925142
86860069
67955595
59069848
32232295
75007575
90471002
64840043
76570920
54914159
93003642
61948885
42128612
86377454
55368844
100319463
38631756
69592933
60971602
58104535
21981255
81723841
61688635
39471193
34317792
88229422
39001018
57817378
92430651
54662187
92395802
134868984
75483798
65561282
44531595
27154603
71131920
48190559
19500277
60793920
116634280
43975248
78248667
51251102
87909718
107364207
49928385
51400962
10204289
50229951
49836181
72216252
61237244
88594139
70488577
87563156
66346466
47468085
67861169
70316398
38997330
155178953
66806118
50856073
73664442
51060653
93693373
41136137
122823755
44682545
58542281
42033218
123444954
79315385
74171307
87725312
75321346
61191328
67458999
41246489
97518425
104736303
57531528
77243278
76355293
109032857
62846577
46796084
123742906
131495589
46393556
93017788
129874064
125188929
76290998
39663620
69419151
43302044
91026611
89975420
97487050
90030755
78801788
53942707
106756549
88583044
41545079
97126311
35869886
61744762
96877350
56648046
107325436
21327925
101510369
106409437
79833017
115129445
45788716
78164539
64508255
92023901
48565188
106943752
100236330
99823156
47292652
67627811
65729334
53085706
75291281
70561346
54874217
94635372
108901284
105880981
79654541
50755018
87658213
149637839
70453684
60907559
71213504
76429495
78775101
129626376
105971727
121736026
44615628
70914016
79105077
62159235
97884879
76434328
103272485
110143951
149232684
69172548
101569263
127888191
62978642
85559256
108366482
57394190
127716267
59334530
57681319
99315310
70010819
73839541
64212973
51555861
67967935
43126007
82773634
101640031
129343504
120099591
119396578
139653879
53610640
80702143
42715212
112102058
60088389
99560337
42957862
102635147
97682954
135559793
117404239
93968114
140189006
77372317
120237630
102225076
113098380
64430338
66512573
165603702
134506198
83713089
100979414
79792987
107507723
213092552
56783849
82216437
95905421
96709866
91965308
95315710
143047908
103813450
142222753
115913426
135499617
183232400
70700780
111495780
107769372
223879748
153761296
146030146
50035177
94787407
176271891
176159131
118467081
80344727
182711249
111553950
118228797
106713090
128137612
57865642
63209240
75518571
91201229
102242338
121903523
102460072
147953104
67435320
71423994
83978866
89381997
50992856
100373048
92155481
99971290
82026807
104939866
148809120
76903319
102776405
196519484
109528856
84374347
132051832
83734439
144846068
97857030
147426626
88934362
80627948
85136313
102991966
135247390
102362255
162614675
144796333
117986061
127038648
208121267
99881479
92556137
77818168
89029337
61189854
116472534
108614383
96143980
70682327
150567232
169604296
63949520
139998951
128219539
69029219
113004837
217691298
130531982
160363056
58804241
71817195
169645196
95920679
216236919
124897081
155671383
110423940
115057473
224856075
95556311
96008705
107428965
140550310
209011961
78763251
131284402
49719046
111528394
149196575
83993267
102518600
183980143
173678432
119673326
153057732
96227977
82809430
197766225
165750013
70266388
101013693
152741147
201609405
114474565
181490768
68259446
147885183
106943132
84580703
105943663
161784484
121084319
58980971
139488207
238845926
205009065
107873210
48694028
113052247
140433692
89394989
145404807
75313602
118867654
121803406
136664324
96908031
169169151
120401082
92893588
178743298
161225047
181614275
123966979
108771502
184546369
106373793
139131518
205001866
181551751
108989938
109078270
125720520
153163453
108788808
218841297
173199174
146828165
151271688
280007486
156818227
157879244
141069669
223804468
151667857
109557038
84719859
162048595
81509534
75154807
164467349
113652953
123385130
104917332
139012350
256975291
200834149
58123628
282786532
200029743
166389335
112910121
150294621
76932200
186651088
144018604
202835588
128373379
189615522
117289943
142388814
111177900
