0
0
0
0
689
0
0
0
0
0
613
0
0
0
0
7767
0
0
0
0
0
0
0
0
0
0
0
0
0
0
0
0
0
0
0
0
0
1116
0
1916
0
0
0
0
0
0
0
0
0
0
0
0
0
367
0
0
0
0
8532
0
0
0
0
0
0
0
0
0
0
0
0
1356
0
0
0
0
0
0
0
0
0
0
0
0
0
1719
0
0
0
0
0
0
0
0
0
0
0
0
0
0
2946
0
0
0
0
0
0
0
0
0
0
0
0
0
1873
2494
0
0
3051
0
0
0
0
0
0
0
0
0
0
0
4183
0
0
0
0
0
0
0
0
0
0
0
0
0
0
0
0
0
0
0
0
0
0
0
0
0
0
0
0
0
0
0
4138
0
0
0
0
0
0
1500
0
0
741
0
0
0
0
0
0
0
0
0
0
0
0
0
0
0
0
0
0
0
0
0
0
0
0
0
0
0
0
5103
0
0
0
1590
0
0
0
0
0
0
1877
0
0
0
0
0
0
0
0
0
0
0
0
0
0
0
0
0
0
0
1016
0
0
0
0
0
0
0
3753
0
0
0
0
0
0
0
0
0
0
0
0
0
0
0
0
2530
0
0
0
0
0
0
0
0
0
0
0
0
0
0
0
392
0
0
0
0
0
0
6668
0
0
0
0
4560
4040
0
0
969
0
0
0
0
0
0
2752
0
0
0
0
0
0
0
0
0
0
0
0
0
0
0
0
982
0
0
0
3149
0
3153
3480
5302
0
0
0
3252
0
0
0
0
0
0
0
0
0
0
0
0
0
1106715
0
0
0
0
0
0
0
0
0
6175
0
0
0
0
0
0
0
0
0
0
2516
0
0
0
0
0
0
0
1890
0
2484
0
0
0
0
0
0
0
0
0
0
0
0
0
0
4460
686
0
8456
0
0
0
0
7182
0
0
0
0
0
0
0
0
0
0
0
0
0
0
0
0
0
0
0
0
1241119
0
0
0
0
0
0
0
0
0
0
0
11287
0
0
0
0
0
0
0
0
0
0
0
0
0
0
0
0
0
0
0
0
703
0
7020
0
0
0
0
0
0
0
0
0
0
0
5041
0
0
0
0
0
0
0
0
0
0
2852
0
0
0
0
0
1565
0
0
0
0
0
0
0
0
0
0
0
0
0
0
0
0
0
0
0
0
0
0
0
0
0
0
0
0
0
0
0
0
0
0
0
0
0
0
0
0
0
0
0
0
0
0
0
7996
0
0
0
0
0
0
0
3394
0
0
0
0
0
0
0
0
0
0
0
0
773989
0
0
0
5163
0
0
0
0
0
0
0
0
0
0
0
2721
0
0
0
0
0
0
0
0
0
6986
2479
11532
0
0
0
0
0
1007152
0
1014
421747
0
0
0
0
0
0
0
0
665
0
0
0
0
0
0
0
0
0
2617
0
0
0
0
0
46493
0
0
0
0
0
0
0
0
0
0
2277
0
0
0
0
0
0
0
0
0
0
0
0
0
0
0
0
0
0
0
0
509450
0
0
14147
0
0
0
0
0
1703
4150
0
0
0
0
0
0
0
0
0
4495
0
0
2039
0
0
0
0
0
0
1115
0
0
0
0
0
0
0
0
24577
0
0
0
2447
0
0
0
0
0
0
0
0
0
0
0
0
0
0
0
0
0
0
0
6395
0
0
857391
0
0
0
0
0
0
0
0
0
0
2488
0
0
0
9068
0
0
0
0
0
0
0
0
0
0
0
0
0
0
0
0
0
0
0
0
0
0
0
0
0
0
0
0
0
0
0
0
0
0
0
0
0
0
0
0
905050
8692380
0
2612
0
0
869
0
0
0
0
0
0
0
0
0
0
0
0
0
0
0
0
0
0
0
0
0
0
0
0
0
0
0
0
0
0
0
0
0
0
0
0
0
0
0
0
0
0
0
0
0
0
0
0
0
0
0
0
0
0
0
0
0
0
0
0
0
0
0
0
0
0
0
0
0
0
0
0
0
0
0
0
0
0
0
0
0
2981
0
0
0
0
0
0
0
0
0
0
0
0
448634
0
0
0
0
0
0
0
0
0
0
0
0
0
0
0
0
0
0
0
0
0
0
0
0
0
0
0
0
0
0
0
0
0
0
0
2363
0
0
0
0
3839
0
0
0
0
1295
0
0
0
0
0
0
0
0
0
0
2263
0
0
0
0
0
0
0
0
2503
0
0
0
0
0
0
0
0
0
0
0
0
0
0
0
0
0
0
0
0
0
0
0
0
0
0
0
0
0
0
0
0
0
0
0
0
0
0
0
0
0
0
0
0
0
0
1535
0
1041043
0
0
11643
0
0
0
243318
0
0
0
1922
0
0
0
0
0
0
0
0
0
0
0
8510
0
0
0
0
0
0
0
0
0
0
0
0
0
0
0
0
0
0
0
0
0
0
0
0
0
0
0
0
0
0
0
0
0
0
0
0
0
0
0
0
3827
0
0
589
0
0
0
0
0
0
20418
0
3500
0
0
0
0
0
0
0
0
0
0
6918
0
0
0
0
0
0
0
517672
0
0
6604
0
0
0
0
0
0
0
0
0
0
0
3873
0
0
0
0
0
0
0
0
0
0
0
0
0
0
0
0
0
7728
0
0
0
0
0
0
0
0
2560
0
0
0
0
0
0
0
0
0
1413
0
1807
0
0
8330
0
0
0
0
0
0
0
1851
0
0
0
0
0
0
1741
0
0
0
0
0
0
0
0
0
0
0
0
14377
0
0
0
0
0
0
0
0
0
0
0
0
0
0
0
0
0
4165
0
0
0
0
0
0
0
0
0
0
0
0
0
0
0
0
0
0
0
0
0
0
0
0
0
0
0
0
0
0
0
0
9384
0
0
4660
0
0
0
798
0
0
0
0
0
0
1484
0
0
0
4506
0
0
0
0
0
0
0
0
0
0
0
0
0
1293330
0
0
0
0
0
0
0
0
0
5146
0
0
0
0
0
0
0
0
0
0
0
0
0
0
0
0
0
0
0
0
0
0
0
0
0
6292
2236
0
0
0
0
0
0
0
0
0
0
0
0
0
0
0
0
0
0
0
0
0
0
0
0
0
0
0
0
2549
0
0
0
0
0
0
0
0
0
0
0
13109
0
0
0
0
0
4409
0
0
0
0
0
0
0
0
0
0
0
0
2771
0
0
0
0
0
0
0
0
0
0
0
0
0
0
0
0
0
0
0
0
0
0
3725
0
0
0
0
0
0
0
0
0
0
1291824
0
0
0
0
0
0
0
0
0
0
7626
669953
0
2396
0
0
0
0
0
0
0
0
0
0
0
0
0
0
0
0
0
0
0
0
0
0
4506
0
0
0
0
0
0
0
0
0
0
0
0
0
0
0
0
0
0
0
0
0
0
0
0
0
6248
0
0
0
0
0
0
0
0
0
0
0
0
0
0
0
0
0
0
0
0
1030
0
0
0
0
0
4327
0
0
0
4039
0
0
0
0
0
0
0
0
0
0
0
0
0
0
0
0
0
0
0
0
0
0
0
0
0
0
0
0
3454
0
0
0
0
0
0
0
0
0
5843
0
0
0
0
0
0
0
0
0
0
0
0
0
0
0
0
0
0
0
0
0
0
0
3848
0
0
0
0
0
0
0
0
0
0
0
0
0
0
0
0
0
0
0
0
0
0
0
0
574217
0
0
0
0
0
0
0
0
0
0
4083
0
0
0
0
5325
0
0
0
0
0
0
0
0
1063
0
0
0
0
0
0
0
0
0
0
0
0
0
0
0
0
0
0
0
0
0
0
0
0
0
0
507885
0
0
0
0
0
0
0
0
0
3715
0
0
0
0
0
0
0
0
7250
0
0
0
0
0
0
0
0
0
0
0
0
0
0
0
0
0
6898
0
0
0
9801
0
0
4286
0
0
0
0
0
630535
0
0
0
0
0
0
6576
0
0
0
0
0
0
0
0
0
0
0
0
0
0
0
0
0
0
0
0
0
0
0
0
0
0
7973
0
8732
0
0
0
0
0
0
0
0
5877
0
0
0
0
0
0
0
0
0
1681412
0
0
0
0
1265966
0
0
2344
6890
0
0
0
5055
0
0
0
0
0
0
0
0
4132
0
0
0
0
0
4152
0
0
0
0
0
0
0
0
0
0
0
4393
0
0
0
0
0
0
0
0
0
2754
0
0
0
0
0
0
0
6421
0
0
0
0
0
0
0
0
0
0
0
0
0
0
0
0
0
0
0
0
0
0
0
0
0
0
0
0
0
0
0
0
0
0
0
0
0
0
0
0
0
0
0
0
4211
0
0
0
0
0
0
0
0
0
0
0
0
0
0
0
0
0
0
0
0
0
1344
0
0
0
0
0
0
0
0
1420
0
0
0
0
0
0
0
0
0
0
0
0
0
0
0
0
0
0
0
0
0
0
0
0
7735
0
0
0
0
0
0
0
0
0
4833
0
0
0
0
0
0
0
0
5458
0
0
0
0
5861
11437
0
0
0
0
1267666
0
0
0
4446
0
0
0
0
0
0
0
0
0
0
0
0
0
0
0
0
0
0
0
0
0
0
2663
0
0
0
0
0
0
0
0
0
0
0
0
0
0
3483
0
0
0
0
0
0
0
0
0
0
8871
0
0
0
0
0
0
0
11284
1456820
0
0
0
0
0
0
0
0
0
0
0
0
4559
397827
0
0
0
0
0
0
0
0
6776
0
0
0
0
0
0
0
0
0
0
0
0
0
0
0
0
0
0
0
0
0
0
0
0
0
0
0
5369
0
0
0
0
0
0
0
0
0
0
0
0
0
0
0
0
0
3747
0
0
0
0
0
0
0
0
0
7818
0
0
0
0
0
0
0
0
0
0
0
0
0
0
0
0
0
0
0
0
0
0
0
0
0
0
0
0
0
0
0
0
0
10348
0
0
0
0
0
0
0
0
0
0
0
3600965
4894
924546
0
0
0
0
0
0
0
0
0
0
0
0
0
8670
10307
0
0
0
0
0
3817
0
0
821336
0
0
3881
0
0
0
1783
0
0
8855
0
0
0
0
0
0
0
0
4770686
0
0
0
0
0
0
1956
0
1737
0
0
0
0
0
0
0
0
0
0
0
0
0
0
0
0
0
328133
0
0
0
0
0
0
0
0
0
0
0
2696
0
0
0
0
0
0
0
1018
0
6022
0
0
0
0
0
1505824
0
0
0
0
0
2361
0
0
0
0
0
0
0
0
0
0
0
0
0
0
0
0
0
0
0
0
0
6567
0
0
0
0
0
0
0
0
0
0
0
0
0
0
0
0
0
0
0
0
0
0
0
0
0
0
0
0
0
0
0
0
0
0
0
0
0
0
0
0
0
0
248743
0
0
0
0
0
0
0
0
2831
0
0
3152
0
0
0
4106
0
0
0
0
0
0
6181
0
0
0
0
0
0
0
0
0
0
4131
0
0
0
4192577
0
0
0
9064
0
0
0
0
0
0
0
0
0
1148043
0
0
0
0
0
0
0
314595
0
0
0
0
0
1517400
0
0
0
0
142110
0
0
0
0
0
0
0
0
0
0
0
0
0
9167859
0
0
0
0
0
0
0
1774
0
0
0
0
0
0
0
0
0
0
0
0
0
0
0
8892
0
0
0
0
0
0
0
0
0
0
0
0
0
0
0
0
1573
1307
0
0
0
0
0
0
0
0
0
0
0
0
0
0
0
0
0
0
0
0
0
0
0
2327
0
0
0
0
0
0
0
0
0
0
0
0
0
0
0
0
0
0
0
0
3967
0
0
0
0
0
0
0
0
0
0
0
3397
0
0
0
0
3856
0
0
0
0
0
0
0
0
0
0
0
0
0
0
0
0
0
0
0
0
0
0
0
0
0
0
0
0
0
0
0
0
0
0
0
0
0
0
0
0
3811
0
0
0
0
0
0
0
0
0
0
0
0
0
0
0
0
0
0
0
0
0
0
0
0
0
0
0
0
0
0
0
0
0
0
0
0
0
0
0
0
0
0
0
0
0
0
3532
0
0
0
0
0
0
0
0
0
0
0
0
7348
0
4776491
0
0
1762
0
0
0
0
0
0
0
0
0
0
0
0
0
564843
0
0
0
0
0
0
0
0
0
0
0
0
0
0
0
0
0
0
0
0
0
0
0
0
0
0
0
8515
0
0
0
0
0
0
0
3432
0
0
0
0
0
0
0
4837
0
0
0
0
0
0
0
4442
0
0
0
0
0
0
0
0
0
0
0
0
0
1392220
0
0
0
3341
0
0
0
0
0
0
0
0
0
0
0
0
0
0
0
0
0
0
0
0
0
0
0
0
0
0
0
0
0
0
0
0
0
0
0
0
0
951173
0
0
0
0
0
0
0
0
0
0
0
803016
0
0
0
0
0
0
0
0
0
7883
0
0
0
1824678
0
0
0
0
0
0
0
0
0
0
0
355290
0
0
0
0
0
0
0
0
0
0
0
0
0
0
0
3692
0
0
0
0
0
0
0
0
0
0
0
0
0
0
0
0
0
0
0
0
0
0
0
0
0
0
0
0
0
0
0
0
0
0
0
0
0
0
0
0
0
0
0
0
0
0
0
0
0
0
0
0
0
0
0
0
10678
0
0
555794
0
1502134
4901
0
0
0
0
0
0
0
0
0
0
0
0
0
0
0
0
0
0
0
0
0
0
0
0
0
0
2072
0
0
0
0
0
0
0
0
0
0
0
0
0
0
0
0
0
0
0
0
0
0
0
0
0
0
0
0
0
0
0
0
0
0
0
0
0
0
0
0
0
0
0
0
0
0
0
0
0
5697
0
0
0
0
0
0
0
0
0
0
0
470921
0
0
0
0
7517
0
0
0
0
0
0
4822
10265
0
0
1174700
0
0
0
5526
0
0
0
0
0
0
0
0
0
0
3307
0
0
0
0
0
0
0
0
1580
0
0
2094
0
0
0
0
3500
0
0
0
0
15024
0
0
0
0
0
0
0
0
0
0
0
0
0
1790
0
0
0
0
0
0
0
0
0
0
6868
0
0
0
0
0
0
0
0
4670
0
0
0
0
0
0
0
0
0
0
0
0
0
0
0
0
0
0
0
0
0
8674
0
0
0
0
0
0
0
0
0
0
664092
0
0
0
0
0
0
0
0
809158
2919
5104
0
0
0
0
0
0
0
0
0
0
0
0
0
1730
0
0
0
0
0
0
0
0
0
0
0
0
0
4662
0
0
0
0
0
0
0
0
0
0
0
0
0
0
0
0
0
0
0
0
0
0
0
8420017
0
0
0
0
0
0
0
0
0
0
0
4291
0
0
0
0
0
0
0
0
0
0
0
0
0
0
0
0
14590
0
0
0
0
0
0
0
0
0
0
0
0
0
0
0
0
0
0
3726
0
0
0
962464
0
0
0
0
0
0
0
0
0
0
0
0
7299
0
0
0
0
0
0
0
0
0
0
0
0
0
0
0
0
0
0
0
0
0
0
0
0
0
0
0
0
0
0
0
0
0
0
0
0
0
0
0
0
0
0
0
0
0
0
0
0
0
0
0
0
0
0
0
0
0
0
5665
0
0
0
0
0
0
0
0
0
0
0
0
0
0
0
0
0
0
0
0
0
0
0
0
0
0
0
2235
0
9913
0
0
1982
0
0
0
0
1808
0
0
0
0
0
0
0
0
0
0
0
0
0
0
0
3277
0
0
0
0
0
0
0
0
0
0
2608
0
0
0
0
0
0
0
0
0
0
0
0
0
0
4877
0
0
0
3652
0
0
0
0
0
0
0
0
4756
0
0
0
0
0
0
0
0
3181
0
0
0
0
0
0
0
0
0
0
0
13198759
0
0
8231
0
0
0
0
0
0
0
0
0
0
0
4998
0
0
0
0
0
4249
0
0
0
0
3150
0
0
0
0
0
0
0
0
0
3150
0
0
0
0
0
0
0
0
0
0
0
0
0
0
0
155914
0
0
0
0
0
0
0
0
0
0
9371
0
0
0
0
0
0
0
0
0
0
0
0
0
0
0
0
0
0
0
0
0
0
0
0
0
2388
0
0
0
0
0
0
0
0
0
8016
0
0
0
0
0
0
6837
0
0
0
0
0
0
0
0
0
0
0
0
0
0
0
0
0
0
0
3293
0
0
0
0
0
0
0
0
0
2084
0
0
0
0
0
0
0
0
0
0
0
0
0
0
0
0
0
0
0
0
0
0
0
0
0
0
0
0
0
0
0
0
0
0
0
0
709184
0
0
0
0
0
0
0
0
0
0
0
0
0
1737
3053
0
0
0
0
0
0
0
0
0
0
0
10033
0
0
0
1921
0
0
0
0
5104
0
0
2775
0
0
0
0
0
0
0
0
0
0
5249
0
0
0
0
0
0
0
0
0
0
0
0
0
0
0
0
2954
7628
14456
0
0
0
0
0
0
0
5708
0
0
0
0
0
0
0
0
3091
0
0
0
0
0
0
0
0
0
0
0
0
0
0
0
0
9412
0
0
0
0
1921
0
0
4719
0
0
0
0
0
0
0
1469664
0
0
0
0
0
9412314
0
0
0
0
0
0
0
0
0
4372
0
0
0
0
0
0
0
0
0
0
0
0
0
0
0
0
7582
0
2541
0
0
0
0
0
0
0
0
0
0
0
0
0
0
0
0
0
0
0
0
0
0
0
0
2352
0
0
0
0
5105
0
0
0
0
0
0
0
0
0
0
0
0
0
0
0
0
0
0
0
6337
0
0
4946
4707259
3499
0
4043
0
0
0
0
0
0
0
0
0
0
0
0
8378
0
0
0
0
0
0
0
0
0
0
6863
0
0
2549
0
0
0
0
0
0
0
0
0
0
0
0
0
0
0
0
0
5084
0
0
4812
0
0
1599842
0
0
0
0
0
0
0
0
0
0
0
5189126
0
0
0
0
0
0
0
0
0
0
0
0
0
0
0
0
0
5026
0
0
0
0
0
0
0
0
0
0
0
0
0
0
0
0
0
0
0
0
0
0
0
0
0
0
0
0
0
0
0
0
0
0
0
3774
0
0
0
0
0
0
0
1474
0
0
0
0
0
3834
0
0
3210
0
0
125394
0
0
0
0
0
0
0
4455
0
0
24726
0
0
0
999885
0
0
0
0
0
0
0
5787
0
0
0
0
0
0
0
0
4998
0
0
0
0
0
2752
0
0
0
0
0
0
0
5150
0
0
0
0
0
0
0
0
0
1531
0
0
0
0
0
0
0
0
0
0
0
0
0
8875
0
5888
0
0
0
0
0
0
0
0
0
0
0
0
0
0
1720031
0
0
0
0
0
0
0
2940
0
0
0
1542332
0
0
1428286
0
3411182
0
0
0
0
0
0
0
0
0
0
0
0
1427574
0
0
0
0
0
0
0
0
0
0
0
0
0
0
0
0
1979
0
0
0
0
0
0
0
0
0
1309484
0
0
1597118
0
0
0
0
0
573033
1830
5086
1235816
0
0
0
0
0
4611
0
0
0
0
0
0
0
0
0
0
0
0
0
0
0
0
0
13483
6333
0
0
0
0
0
0
0
0
0
0
0
0
0
0
0
0
0
0
0
0
0
0
0
0
0
0
0
0
0
2407
0
0
0
0
0
0
0
0
0
1583
0
0
0
0
0
0
5113347
0
0
0
0
2731
0
0
0
0
0
0
5196
0
0
0
0
555469
0
0
0
0
3234
0
0
0
0
0
0
0
0
0
0
0
0
0
0
0
0
0
0
0
0
0
0
0
0
391950
0
0
0
0
4626
0
0
0
0
0
0
0
0
0
0
0
0
0
0
1574785
0
0
12893
0
0
21548135
0
0
0
0
0
3483
0
0
0
0
3738
0
0
0
0
0
0
0
3480
0
1437104
0
0
0
0
1868018
0
0
0
0
0
0
0
0
0
0
0
0
0
0
0
0
0
0
0
0
0
0
0
0
0
0
0
0
0
0
0
0
0
0
14541
0
0
0
0
6627630
0
0
0
472644
0
0
0
2928234
0
0
0
0
0
0
0
0
0
0
0
0
0
0
0
0
0
0
0
0
0
0
0
0
0
0
0
0
0
0
0
0
0
0
0
0
3059
0
0
0
0
0
0
0
0
0
0
0
0
0
0
0
0
0
0
0
0
0
0
0
0
0
0
0
0
0
0
1003714
0
1201904
0
224605
0
0
0
0
0
0
0
0
0
0
0
0
1779274
0
0
0
0
0
0
0
0
0
0
16624
0
0
0
0
0
0
0
0
0
0
0
0
8083
0
0
0
3197
0
0
0
0
0
0
0
0
0
567990
0
534044
0
7729
0
0
0
0
0
0
0
0
0
0
0
0
0
0
0
0
0
0
0
0
0
1034495
0
1655
0
0
2773
0
0
0
0
0
0
0
0
0
0
0
5578
0
0
0
0
0
0
0
0
0
0
4136
0
0
0
0
0
0
0
0
4778
0
0
0
0
0
0
0
0
0
0
0
16633
0
0
0
0
0
5510952
0
0
0
0
0
0
0
0
0
0
0
0
0
0
0
0
2705711
0
0
0
0
0
0
0
0
0
0
0
0
0
0
0
0
0
0
0
0
0
0
558675
0
0
0
0
1726
0
0
0
0
0
0
0
0
0
1351276
0
0
0
0
1368362
9174
5355
0
496592
0
0
0
0
0
0
7896
0
0
0
0
0
0
0
0
0
0
0
0
0
0
0
0
0
0
0
0
0
0
0
0
0
0
0
0
0
0
0
3047
0
0
0
0
4069
0
0
0
0
0
0
0
0
0
0
0
0
0
0
7034
0
24434378
0
0
0
0
0
0
0
0
0
0
0
0
0
0
0
0
0
0
4269
0
0
0
0
0
0
0
0
0
0
0
0
0
18536272
0
0
0
0
0
0
8760
0
0
0
0
12631412
0
0
0
2807
0
0
0
0
0
0
0
0
0
0
0
0
0
0
0
0
0
0
0
0
0
0
0
0
0
0
0
0
0
0
0
0
0
0
0
0
0
484202
0
0
0
0
0
4850
0
0
0
0
0
0
727501
0
0
4375
0
0
0
0
0
0
2511
0
0
0
0
0
0
0
0
0
0
0
0
0
0
0
0
6573
0
435379
0
0
0
0
0
0
0
0
3551
0
0
0
0
0
0
0
0
0
0
0
0
0
0
0
0
0
0
0
0
0
0
0
0
0
0
0
0
0
0
0
0
0
0
0
0
0
0
0
0
0
0
177905
0
0
514715
0
0
0
0
0
0
0
0
0
0
0
0
0
527125
0
0
0
0
0
5011
0
0
0
0
0
0
0
0
0
0
0
0
0
0
0
0
0
0
0
0
0
0
1047796
4074
0
0
0
0
0
0
0
1884445
0
0
0
0
0
0
1095776
0
0
0
0
0
0
0
0
0
333396
0
0
0
0
0
2863
0
468009
0
0
0
2484
17980
0
4458
0
10662
0
0
0
0
0
0
0
0
0
0
0
0
0
0
0
0
0
0
0
0
0
0
0
0
0
0
0
10134
0
0
0
0
0
0
0
0
0
0
0
0
0
0
1501317
0
0
0
0
0
0
0
0
0
0
0
0
0
0
0
0
0
0
0
5522124
0
0
0
0
0
0
0
0
0
0
0
6265355
0
0
0
0
0
0
0
0
0
0
0
0
0
0
0
6602
0
0
0
0
0
0
0
878200
0
0
0
0
0
0
0
0
0
839121
4643
0
0
0
0
0
0
14032
0
0
0
0
0
0
0
0
0
0
0
0
0
0
0
0
0
0
0
0
0
0
0
0
0
0
0
0
5818
0
0
0
7855
0
0
0
0
0
0
0
0
0
0
0
0
10254
0
0
0
0
0
0
0
0
0
0
0
0
0
0
0
0
0
0
0
0
3058
0
0
0
0
0
0
0
0
0
0
0
0
0
0
0
0
0
0
0
6345
0
0
0
5666
0
0
0
0
0
0
0
0
0
0
0
0
1796
0
0
0
0
0
0
7458
0
0
0
9101240
0
5116
0
0
0
3216
0
0
0
0
0
0
3740
3235
0
0
0
0
0
0
0
0
6685
0
0
0
0
0
0
0
0
0
0
0
0
0
0
0
0
0
0
0
0
0
0
0
0
0
0
0
0
0
4626
1623
11709
0
0
0
0
0
0
0
0
0
0
0
0
0
0
0
4426538
0
0
0
0
0
0
0
0
0
0
0
0
0
0
0
0
0
0
0
0
0
8988730
0
0
0
0
0
0
335226
0
0
0
0
0
0
0
0
5383402
0
0
0
0
0
0
0
0
0
0
9523
0
0
0
0
0
0
0
0
2313
0
0
0
0
0
0
0
0
0
0
0
0
0
0
12923
6488
0
0
0
1715901
0
0
0
0
0
0
0
0
671318
0
0
0
0
0
0
0
0
0
0
0
0
0
0
0
0
0
0
0
0
0
0
0
0
2648
0
0
0
0
0
0
0
0
2854035
0
0
0
0
2988
0
0
0
0
0
0
0
0
6312
0
0
0
0
0
0
0
0
0
0
0
0
0
0
0
13018
0
0
0
0
0
0
0
0
0
0
0
0
0
0
0
0
0
0
0
0
0
0
0
0
0
0
0
0
0
0
497468
0
0
0
337987
4879
0
0
0
0
0
0
0
0
0
0
0
0
0
0
0
0
0
0
0
0
0
0
0
0
0
0
0
0
0
0
0
0
0
0
615723
0
0
0
0
0
0
0
0
0
0
0
0
0
0
0
0
0
0
0
0
0
0
0
0
3891921
0
0
0
0
0
0
0
0
0
0
2712
0
0
0
0
0
0
0
0
0
0
0
0
0
0
0
0
0
0
0
1035167
0
0
0
0
0
1211641
0
0
0
0
990649
0
20407
0
0
0
0
0
0
0
0
0
0
0
0
0
0
0
0
0
0
0
0
0
0
0
0
0
0
0
0
0
0
0
0
0
0
0
0
0
0
0
0
0
0
0
0
0
0
0
0
22608
0
0
0
0
1082557
0
0
0
0
0
0
0
0
0
0
0
0
0
0
0
0
0
0
0
0
0
547725
0
0
0
0
0
0
0
6908107
9006
0
0
5402
0
0
0
0
1451973
0
0
0
0
0
0
0
8977
0
0
0
0
0
0
0
0
0
0
0
0
1052929
153555
0
0
0
0
0
3916
0
0
0
1522498
0
0
0
0
0
0
0
0
0
0
4660
0
0
0
0
0
0
0
0
0
0
0
0
0
0
0
3852
0
875841
0
0
0
0
0
0
0
3928
0
0
0
0
0
0
0
0
0
0
0
0
0
5849
0
3819
0
0
0
0
0
0
0
0
0
0
0
0
0
0
0
0
0
0
0
0
0
0
0
0
0
0
0
0
0
0
0
0
0
0
452048
0
0
0
0
0
0
0
0
0
0
0
0
0
0
0
0
0
0
0
0
3704
0
0
0
4943
0
0
0
0
0
0
0
0
0
0
0
0
0
0
0
0
0
0
0
0
0
5751
7140
0
0
0
3344
0
0
0
0
5537
0
0
0
0
0
0
0
0
0
0
0
0
0
0
0
0
0
0
0
0
0
0
0
23306796
0
0
0
0
0
0
0
0
0
0
0
0
3013
673290
0
0
0
0
0
0
0
0
0
0
0
0
195672
0
0
0
0
0
0
0
0
2853411
0
0
0
0
0
0
0
4459803
0
13800471
0
0
0
0
0
0
0
0
0
0
0
1115597
0
0
0
0
2832
0
0
0
0
0
0
0
648556
0
0
0
0
0
0
3008
0
0
498169
0
0
0
0
238172
3323
0
0
0
0
0
0
0
0
0
0
0
7913
0
0
0
0
0
0
3289
0
0
0
0
0
0
0
0
0
0
318709
0
0
0
0
336506
0
0
0
0
0
0
0
0
0
0
0
0
0
0
792446
0
0
0
0
0
0
0
0
0
0
0
0
0
0
0
0
0
2662
0
0
659280
0
0
0
0
4060
0
0
0
0
0
0
0
0
0
0
0
0
0
0
0
0
0
0
0
5163
0
0
0
0
0
0
0
0
0
0
0
0
0
0
0
0
0
0
0
0
0
7635665
0
0
0
0
0
0
0
1598881
0
0
0
4957706
0
0
0
0
0
0
0
0
0
0
0
0
0
0
0
0
0
0
0
0
0
0
0
0
0
0
0
0
0
0
0
0
0
3331213
0
0
0
0
0
0
0
0
0
0
0
0
0
0
0
6122
0
0
0
0
0
0
0
0
0
0
0
0
0
0
0
0
0
0
0
0
0
9619
0
0
0
0
0
0
0
0
0
0
0
0
0
0
0
0
0
0
0
0
0
0
0
0
0
0
0
376712
0
0
0
0
0
0
0
0
0
0
0
0
3607
0
0
0
137622
0
0
0
0
0
0
0
0
1970682
0
0
5785
0
0
0
0
0
0
0
0
0
0
0
0
0
0
0
0
1779821
0
0
0
0
0
0
0
0
0
0
0
4963
0
0
0
445983
0
1028416
0
0
0
0
0
0
2308
0
0
0
0
0
0
0
0
0
0
500909
4597
0
0
0
0
0
0
0
759363
0
0
3335
0
0
0
0
0
0
0
0
0
0
0
0
0
0
0
0
0
0
0
0
0
0
0
0
0
0
4127426
0
0
0
0
0
1601820
10382
0
0
0
3158021
0
0
0
0
0
0
0
0
0
10426
0
0
0
0
0
0
0
0
0
0
0
0
11288
0
1298238
0
0
0
0
0
0
0
0
0
0
0
0
0
0
0
0
0
0
0
0
0
0
0
0
0
0
0
0
0
0
0
0
0
0
0
0
0
0
0
0
0
0
0
319174
0
0
0
0
0
0
6105044
0
0
0
0
0
0
0
0
0
0
0
0
2633
0
0
0
0
0
0
0
0
0
0
0
0
0
0
0
0
0
0
0
0
0
0
0
0
0
0
0
0
0
0
0
0
0
0
0
1086849
0
0
0
0
0
0
0
1740664
0
0
0
0
0
0
0
0
0
0
0
0
0
0
0
0
0
0
1051242
0
0
0
0
0
0
10446
0
0
0
0
0
0
0
0
0
0
0
0
0
0
0
0
0
3604
0
0
0
1124678
0
0
2833
0
0
0
0
0
0
0
3870
0
0
0
0
0
0
0
0
0
0
0
2327369
0
0
0
3377
0
0
0
0
0
0
0
0
0
0
0
0
0
0
0
0
0
0
0
0
0
0
0
4167
0
0
5088
0
0
0
0
0
0
0
0
0
0
79505
0
0
4175
4050
3379750
0
0
0
0
5503
0
0
0
0
0
0
0
0
0
0
0
0
0
0
0
0
0
0
0
0
0
0
0
3101
0
0
0
0
1047263
0
0
0
0
0
0
0
0
0
4371
0
0
0
0
0
0
0
0
0
0
0
0
0
0
0
0
0
0
0
0
0
0
0
0
0
0
0
0
0
0
0
0
0
0
2606
0
0
0
1367895
0
0
0
574660
0
0
0
0
549180
0
0
0
0
0
0
0
0
0
0
0
0
0
0
0
0
0
0
0
0
0
0
0
0
0
0
0
0
0
0
0
0
0
0
0
0
0
0
0
6383
0
0
0
0
0
0
0
0
0
0
0
0
0
0
0
0
0
2973
556751
0
0
0
0
0
0
0
0
0
1327352
0
0
0
8037
0
0
0
0
0
0
0
0
0
0
0
0
0
0
0
0
0
0
0
0
0
0
0
0
0
0
0
0
0
5774
0
349001
0
0
0
0
0
0
6923
0
0
0
0
0
0
0
0
0
355500
0
0
0
0
0
0
0
0
0
0
0
0
0
0
0
0
0
0
0
0
0
0
6755
0
248215
0
2373
0
0
0
0
0
0
0
0
0
0
0
0
0
0
0
0
0
0
0
939744
0
0
0
0
0
0
0
0
0
0
0
0
0
0
0
0
0
0
0
0
0
0
0
0
0
0
0
1395612
8975
0
0
0
0
0
4166338
0
0
0
0
0
0
0
0
13954820
0
0
0
0
0
0
0
0
0
0
0
0
0
0
0
0
0
0
0
0
0
1323451
0
0
1552882
0
0
0
0
0
0
0
434658
0
0
0
0
0
0
0
0
0
0
0
0
0
0
0
0
0
0
0
0
0
0
0
0
0
0
0
0
0
0
0
0
0
0
0
1893213
0
3024
0
0
0
0
0
0
5161
0
5445
0
0
0
0
0
0
0
0
0
0
0
0
0
0
0
0
0
0
0
0
0
0
0
0
0
0
0
0
0
0
0
3298
0
0
0
0
0
0
3353768
0
32536548
0
0
0
0
0
0
0
0
0
0
0
0
0
0
0
1336654
0
0
0
0
0
0
291363
0
0
0
0
0
0
0
46022090
612977
0
0
0
0
0
1395863
0
0
0
0
0
0
0
0
0
0
0
0
0
0
1895885
0
0
0
0
0
0
0
814005
0
0
0
0
0
0
0
0
0
0
0
0
0
0
395126
0
0
333174
0
11263
0
0
0
0
0
0
0
0
0
0
0
0
0
0
0
0
0
232974
0
4700
0
0
0
0
0
0
0
0
487802
0
0
0
0
0
0
0
0
0
0
0
0
0
0
930189
0
0
0
0
0
0
0
0
0
0
0
0
0
0
6753441
6668
0
0
0
0
0
0
0
0
0
0
0
2924
0
0
0
0
0
0
0
0
0
0
0
0
0
0
0
0
0
0
0
838739
215881
0
0
0
0
9821
0
0
0
0
0
4357
0
0
0
0
0
0
0
22805954
0
0
0
0
0
0
0
0
0
0
894791
745514
0
0
0
0
0
0
0
0
0
0
0
0
0
0
0
0
0
4602598
0
0
0
0
0
0
0
0
0
0
0
0
0
0
0
0
0
5077578
0
0
0
831494
3042
0
0
0
0
0
0
0
0
0
0
0
910466
352146
0
0
0
0
0
0
0
2609
0
0
463426
0
0
0
0
0
0
0
0
0
0
0
0
0
0
5550
0
0
0
5079240
3181
0
0
652408
0
0
0
0
0
1091197
0
0
0
0
0
0
0
0
0
0
0
0
0
0
0
0
0
0
0
0
0
0
0
0
0
0
0
0
0
0
0
0
0
0
0
0
0
0
0
0
3401
0
0
0
0
0
0
0
0
3562051
0
0
0
4704
0
0
0
0
0
0
0
0
4130
0
0
0
0
0
0
0
0
5061
0
4157
0
0
0
9834
0
0
0
0
0
0
0
0
0
4822
0
0
0
0
0
0
0
0
0
0
0
0
0
0
0
0
0
0
0
0
0
0
0
0
0
0
0
0
0
0
0
0
0
0
0
0
0
3269
0
0
0
0
0
0
0
0
0
0
1764155
0
0
0
0
0
0
0
0
1082214
0
0
0
0
0
0
0
0
0
0
0
0
0
0
0
0
0
0
0
0
0
0
6180
0
0
0
0
0
0
1296707
3351
0
0
0
736691
0
0
0
3555
0
0
0
0
0
0
0
6941
0
0
0
0
0
8637
0
0
0
0
0
0
2420
0
0
0
0
0
0
0
892362
13003274
0
0
0
0
0
0
0
0
0
0
0
0
0
0
0
0
0
0
0
0
0
0
0
0
0
0
0
0
0
0
0
0
0
0
0
0
0
0
0
6138
0
0
0
0
0
0
0
0
0
631428
0
0
0
0
0
0
0
0
17537540
0
0
0
20390816
0
0
4953
0
0
0
0
3131
0
0
0
0
0
0
0
0
0
0
0
0
1888200
0
0
0
0
0
0
5390
0
0
0
0
3747
0
0
1605024
0
4875
0
0
0
0
0
0
0
0
0
0
0
0
0
2981
0
0
0
0
0
0
0
0
0
0
0
0
1416028
0
0
1303618
0
0
0
0
0
0
0
0
0
0
0
0
0
0
0
2882
0
7803942
0
0
0
0
0
0
0
0
0
0
0
0
0
922574
0
2028107
521129
0
0
0
0
0
3845
0
0
0
0
4317
0
567840
0
0
0
151312
0
0
0
816145
560085
0
0
0
0
0
0
0
0
0
0
17827746
0
0
11982
0
0
0
0
0
3809
0
0
0
0
0
0
0
1259262
0
0
0
0
0
0
0
0
0
0
0
0
0
0
0
0
3488453
0
0
0
9186168
0
0
0
0
0
0
0
0
0
0
0
0
0
0
0
0
1463179
903902
1286850
0
0
0
0
3146
3093
0
0
0
17342
0
0
0
0
0
0
0
0
0
0
0
0
0
0
0
0
0
0
0
0
0
0
0
0
3660
0
0
1157619
0
0
0
0
0
0
0
0
0
0
0
0
0
0
0
0
0
0
0
0
0
0
441871
0
0
0
0
0
0
0
0
0
0
0
0
0
0
0
31955333
1367873
1507724
0
0
0
0
0
0
0
0
0
0
0
0
256142
0
0
4709873
0
0
0
0
0
1511787
0
0
0
0
0
0
0
0
0
0
0
0
3199
0
0
0
13044
0
0
0
0
0
0
0
0
0
0
0
0
0
0
0
0
0
0
0
0
0
0
0
0
0
0
0
0
0
0
0
0
0
56054043
0
4635
0
0
0
0
16586
0
0
638440
0
4963188
0
0
0
1249141
0
0
0
0
0
0
0
3553
0
8690871
0
0
0
0
0
0
0
3308
0
0
0
0
3362
0
0
4821
0
0
0
0
0
0
0
0
0
0
0
1490899
0
0
0
0
0
0
0
0
0
0
0
17691778
0
0
2726527
0
0
0
0
0
0
0
0
0
3188
0
3861
0
0
0
0
3256
0
0
0
0
0
0
0
0
0
0
0
0
0
0
0
0
10605
0
0
0
0
0
0
0
0
0
0
0
0
0
0
0
20907655
0
0
1343530
492870
0
0
0
0
16166936
0
1310577
0
0
0
4576421
0
2225003
0
0
0
0
0
488407
0
0
0
0
0
0
0
0
0
0
0
0
0
0
0
0
0
0
0
0
316676
0
0
3994
0
0
0
0
0
0
0
0
0
0
0
0
0
0
0
0
0
0
0
0
0
0
0
0
7110
0
0
0
0
0
0
0
0
0
0
0
0
0
0
0
0
0
0
0
0
0
0
0
0
0
0
0
0
0
0
0
0
0
0
140816
5772
0
0
0
0
0
0
0
0
0
0
0
0
0
0
0
0
0
0
0
0
0
0
0
6920
0
0
1372652
0
0
0
0
0
0
0
0
0
0
0
0
0
0
0
0
0
0
0
0
0
0
0
0
0
0
0
0
0
0
0
0
0
0
570757
0
0
0
0
0
0
0
0
0
0
0
0
0
0
0
118247
0
0
0
0
0
0
0
0
0
0
0
0
0
0
0
2854400
0
0
0
0
1161756
0
0
0
0
0
0
0
0
0
0
0
0
65428704
0
0
0
558873
0
0
0
0
0
0
1105244
0
0
0
0
0
0
0
0
0
0
0
0
0
0
0
0
0
0
0
0
0
23080430
0
0
0
0
0
0
393236
0
0
1291388
0
0
25901527
0
0
0
0
0
0
0
0
0
0
0
0
0
6676596
0
1153238
0
0
3633
0
0
0
1279939
0
0
0
0
0
0
0
0
0
0
0
0
0
0
0
0
0
0
0
1418236
0
0
0
0
0
616943
0
0
0
0
0
0
0
0
0
0
0
0
0
0
0
0
0
0
0
0
0
0
0
0
0
0
0
0
0
0
0
0
0
604261
0
0
0
0
0
0
0
0
0
0
0
0
0
0
0
0
0
0
0
0
0
0
0
0
0
0
0
0
0
0
0
0
0
0
0
0
0
0
0
0
0
0
0
0
0
6003
0
0
0
0
0
0
0
0
504047
0
0
0
0
0
4097311
0
0
0
0
0
0
0
0
0
0
0
0
0
0
0
0
0
0
0
0
0
0
0
0
569318
0
0
0
0
1062066
0
0
0
0
0
0
0
0
0
0
0
0
0
443168
0
0
0
0
0
0
0
0
0
0
0
0
0
0
0
0
0
0
0
0
339449
0
0
0
0
0
0
0
0
0
0
0
0
0
0
0
0
0
0
0
0
3172
0
0
0
0
0
0
0
0
4407
0
0
0
0
0
0
500708
1301920
0
0
0
0
0
0
972907
0
0
0
0
0
0
0
0
0
0
0
0
0
0
815677
0
0
0
0
0
0
0
0
0
0
0
0
0
0
0
0
8917712
0
0
0
0
0
0
2698
3215
0
0
0
0
0
591969
0
0
0
0
0
0
0
0
0
0
0
0
0
0
0
0
0
0
0
0
0
0
0
0
0
0
5428
0
0
0
1700210
1127151
0
0
0
0
0
0
515478
0
0
0
0
0
0
0
0
0
110672
0
0
0
0
0
340569
0
0
0
0
0
0
0
0
0
1487473
0
0
0
0
0
0
0
0
0
0
0
0
0
17706749
0
0
0
0
0
274488
0
0
0
0
7211
0
0
0
0
0
0
0
0
0
0
0
0
0
0
0
0
0
0
0
0
0
0
0
0
0
0
0
0
0
0
0
0
0
3806
0
1125734
0
0
7651
0
0
0
0
0
0
0
0
0
1680479
0
0
0
0
0
0
0
0
0
0
4113
0
0
0
0
0
0
0
0
0
0
0
491023
0
0
0
0
0
0
6200
0
0
0
0
0
0
0
0
0
134697
0
0
0
0
0
0
0
0
0
0
0
0
337670
0
0
0
0
0
0
0
0
0
0
0
11571
0
0
0
0
0
0
0
0
0
932695
0
0
0
0
0
0
0
0
0
0
0
0
0
0
0
0
0
1078222
0
0
0
0
3660
0
0
0
1072832
0
6406
0
0
0
0
0
0
0
0
0
0
0
0
0
0
0
0
0
0
0
0
1216158
646583
0
0
0
0
0
0
0
0
12273
0
234287
0
0
0
0
0
0
0
0
0
0
0
0
0
33128
0
0
0
0
0
13381
59651566
0
0
0
556017
0
0
0
0
0
0
0
0
1496768
0
0
0
0
0
0
0
0
0
0
0
0
0
0
0
0
0
0
0
0
0
892975
0
0
0
0
0
0
0
0
642632
0
0
0
35441672
0
11248
0
0
0
0
0
0
0
0
0
0
961457
0
0
3588242
0
0
0
0
0
0
0
0
0
0
0
0
0
0
0
0
946219
0
0
0
0
0
0
0
0
0
1167080
0
0
0
0
0
0
0
0
0
0
0
0
0
0
0
0
0
0
0
0
0
0
0
0
0
0
0
0
0
0
6065979
0
0
0
886643
0
0
0
0
0
0
0
0
0
1325458
0
0
0
9910
0
0
0
0
0
0
0
0
0
0
0
0
0
0
0
0
0
0
0
0
0
0
0
0
0
0
0
0
0
0
0
0
210389
0
0
0
0
0
0
0
0
0
0
0
0
0
0
0
0
0
0
0
0
0
5013
0
0
0
0
0
0
0
3180950
0
0
0
3015320
0
0
0
0
0
0
0
0
0
0
0
0
0
8515328
0
0
0
0
0
1201963
0
0
0
0
0
0
0
0
0
0
0
0
0
0
0
0
0
0
0
1713897
0
0
0
0
0
0
0
0
0
0
0
0
548702
0
4485
7155
0
0
0
0
0
0
3125
0
0
0
0
0
0
0
0
0
0
0
0
0
0
0
0
0
0
0
0
0
0
0
0
0
0
0
0
0
0
0
431215
0
0
0
0
0
0
0
0
0
0
0
0
1107967
0
0
0
0
0
0
0
867200
0
0
0
0
0
0
0
0
27677388
0
881751
0
0
0
0
0
0
0
0
0
0
0
0
0
1133259
0
0
0
0
0
0
0
0
0
0
0
0
0
0
0
0
0
0
0
0
0
0
0
0
0
0
0
0
0
0
0
0
0
976802
0
0
0
0
11448219
4938811
0
0
0
0
0
0
0
0
0
0
0
0
0
0
4013
0
0
0
0
3950
0
0
523759
0
0
0
0
0
0
0
5432
0
0
0
0
0
0
0
0
0
0
0
0
0
0
0
0
0
0
0
563275
0
0
0
0
0
0
0
0
1064318
0
0
0
0
0
0
0
0
1677867
0
0
0
0
0
0
0
0
0
0
0
0
0
0
0
0
0
0
11058
0
0
0
0
0
0
0
0
0
0
0
0
0
0
0
0
0
0
0
0
0
0
0
0
0
0
0
0
0
0
0
0
4485
0
0
0
0
0
0
0
0
0
5205
0
0
0
0
0
0
0
0
0
0
0
0
3581160
0
0
0
0
0
0
0
0
7864
0
0
1077945
0
0
0
0
0
3930
0
0
0
0
0
5973
0
0
0
0
0
0
0
0
0
0
0
0
0
0
0
0
0
0
0
0
0
0
0
0
0
1045214
0
0
0
0
0
5137
4126
0
0
3479358
0
0
0
0
0
0
537163
0
0
3724
0
0
0
422691
0
0
0
0
0
0
0
0
0
0
0
0
0
0
0
14597504
0
0
0
0
0
0
0
0
0
0
0
0
0
0
0
0
4540
0
0
0
0
0
0
0
0
0
0
0
15451
0
0
3006973
0
0
0
0
0
0
0
0
0
0
0
0
0
0
0
0
0
2336795
0
0
0
0
0
0
0
0
0
0
0
0
0
0
0
0
843320
0
0
0
0
0
0
0
0
0
0
0
0
0
0
0
0
0
0
0
0
0
0
0
0
0
0
0
0
0
0
0
0
0
0
0
0
0
0
0
0
0
0
0
0
0
0
0
0
0
0
0
0
0
0
0
0
0
741627
0
0
0
0
0
0
0
0
588666
0
0
0
0
21029699
0
1242786
0
0
0
0
0
0
0
0
0
0
0
0
0
0
0
0
0
0
0
912642
1019773
0
0
0
0
0
0
0
3918
0
0
23068560
0
0
0
0
0
0
0
0
0
1305749
0
0
0
0
0
0
500454
0
0
0
5158
0
0
402393
0
0
0
0
0
0
0
0
9232684
0
0
0
0
0
0
0
0
0
0
0
547859
0
0
0
0
0
0
660816
0
0
0
0
0
0
0
0
0
0
0
0
0
0
0
0
0
0
0
0
0
0
0
0
0
0
0
0
0
0
0
0
1350296
0
0
0
0
0
0
0
0
0
0
3488
0
0
10409
0
0
0
11384
0
0
0
0
0
0
0
0
0
0
0
0
0
0
0
0
0
0
0
0
0
0
0
0
0
0
0
0
0
0
0
1424582
0
0
0
579497
0
0
0
0
0
0
0
0
0
0
0
0
0
0
0
0
0
13394
0
0
0
0
0
0
0
0
5053
0
3382
0
0
0
0
9631598
4770827
4043049
1185185
0
0
0
0
0
0
0
0
615941
0
0
0
0
0
0
0
0
0
0
0
0
0
0
0
0
0
0
0
0
0
0
668816
0
0
0
0
0
0
0
0
0
4135076
0
0
0
0
0
0
0
0
0
0
0
0
0
0
0
0
0
0
0
0
0
0
8993093
0
0
0
0
0
0
5360301
0
0
0
0
0
0
0
0
0
0
1511595
0
0
0
0
0
0
0
0
0
0
0
0
0
0
0
0
0
0
0
0
0
0
809981
0
0
0
0
0
0
0
3410
0
4015
0
21327913
0
0
0
4157
0
0
0
0
0
0
0
0
0
0
0
0
0
0
0
0
0
0
0
0
0
0
0
0
0
0
0
0
0
0
0
0
0
0
0
0
0
0
0
0
0
6041008
0
15129470
0
0
0
0
0
0
0
0
0
0
0
0
0
0
0
0
0
0
0
0
0
0
0
0
0
0
0
0
0
0
0
0
0
0
0
0
0
0
0
0
0
0
0
548660
0
0
0
0
0
0
0
0
0
0
0
0
0
0
0
0
0
0
0
0
0
0
2460179
0
0
0
0
0
0
0
0
0
0
0
0
0
950450
0
0
0
0
0
0
0
0
0
0
0
0
0
0
0
0
0
0
0
0
0
0
0
0
0
0
0
0
4862951
0
0
0
0
0
0
0
0
0
0
0
0
0
0
6406
0
0
0
0
1487663
0
0
1820756
0
0
0
0
0
0
0
0
0
0
0
0
0
