0
2514
0
0
0
0
2372
6071
0
2747
1909695
3757
0
2626
3515
2237
0
12173
0
9094
2868
6278
2610
0
3905
1011698
0
5248
745
4626
0
10140
0
0
10698
0
0
1751
0
1859
0
0
2137
0
954
0
4753
2983
5581
1436
2222
0
0
3863273
0
4686
0
0
7901
1036
2230
5287
0
6053
3196
4132
0
5474
3103
5882
1413
1871
0
750
1983
5964
2077
708
1047
889069
0
4716
0
0
0
604
0
1486
0
0
0
0
13223
5061
3252
2832
3418
2687403
3368
2116598
3268
4182
3618
1406
6320
1965
0
1982
5848
3027873
5350
3100
0
4153
1838
0
3996
2794
13460
0
0
0
1023052
2057
4232
9502
608
3129096
3351
2176
6189
12755
0
3312
1045
3048
6128
0
7986
3409079
1209
3737
4463
2927
1667
7663657
0
4363
0
7085
0
0
2270
1811767
3829
0
42909427
5691
3203
6198
0
2858
2403
0
0
3786
6684
449
0
0
1369
0
493
0
0
1798
646
1729
2505
4266
0
344
1770
0
3639
2078
6051
3836
903
1297318
0
9413
0
2562
609
4160
0
3977
0
0
324198
0
10044
2484
0
0
2784
5363
2639
3467685
1253
0
0
0
0
2786
6426
0
0
0
6606
0
957
0
0
0
983
1067
3699
2727
12545
0
7001
1177
0
1232
0
2357
0
0
796
922657
1967
10262621
3210
0
3431
0
2605
2582
0
0
3471
3640
3674593
1257
1312
8006744
2990
4591
3991
2575
0
8481
0
0
2495
3972
2730
516
2266
860606
0
0
0
779
697
0
6856
0
939
6911
415
2325
1041
4602
2350
8297
0
2623023
467042
2138
4535
0
0
3585
3112
14083
3678
0
4230
1539
7584241
2142
2958
8654
2727
0
2092
2873
1461
3897
736
0
4711
8344
1409
1010
3090
5566
6186
729
4139140
0
6199
4972201
3725
0
1766
0
1477947
0
9571
0
0
4913
349
786
0
5413
4444
1919
775
0
0
6318
1179
3255
0
0
2518
1264
3204
5297
0
7396
0
2750
2191
0
879
0
776
1002
0
2030621
1970
7503408
887
4879968
0
1211
0
2975
535
1809
1786
0
2256
22527348
3161
2182
1191
0
0
10687
0
1986
0
6590
717
4632
3812
925
2057
2629
0
1217205
5333
0
0
4116
1914
1232564
0
5831036
0
6787
0
0
0
0
4354
0
0
4895407
0
240
0
6039504
673
0
1140
0
2875
1910
7116
3867
2982
865
0
8098
11041372
0
3391
2314
4487
1698
1786
16562
0
0
1272
9855
1071928
811
0
14597190
0
0
1324
1390
2164
7403
0
6176
2203
2180
415164
9291572
1393
5026
938
4106383
0
10697
1476
2378612
0
0
3769
5006
7446
397
1188
0
1347
0
5646
2921
0
697
2561
8658
0
3330
0
4653
7605
2251
5055
4022
0
0
0
3929
0
3668
3180
0
6491
0
7541378
1395
0
3589
2018
2590
3542
4764
1685
1325
0
2548
3671
2242
0
7354
7495
783
4531
0
5269
0
3119296
0
0
6360
584
5141
11236
0
0
2612
0
1497
0
0
0
5365485
0
250859
1683
1377
0
0
3397
0
1159
900
0
3361
0
3450
1535
4444
0
1629221
0
0
0
2045
6430
10945
1446
0
3459
67445687
3696
0
2456
1375
0
2442
2448
24302705
3316
0
0
0
735
850
4609747
0
2121
0
1826576
4058
1863
527
1327581
0
0
1153
7223
0
4975
6625
0
17403
4819751
3272
0
0
0
0
7794
0
0
0
0
0
0
809
10203
0
0
2764
572
2034
3334
2689
0
0
0
3145814
714
8537
11775623
5849
5544894
4436
1310
0
0
7068
1773527
3661
234
0
4828
0
979
0
2199879
3204
0
0
1772
8753
0
0
5000
805
8043
727
0
1006
3512
3904420
2014
0
2762
0
0
3017
3524
1938
3030
3003
8743
334
9804
0
4321
0
1692
2293
5413
0
1742
1737
0
0
0
822
0
6923
1753
3057
684
0
4034
1837
3975
0
0
5845
0
0
0
0
0
8354
0
5935
1269724
7177
0
4215
0
0
0
2360
0
2805
1286
10564
179834
15071
4612
0
0
1033
6287
3609934
0
1344948
3030227
2723
478
4597
0
4486
1465659
0
432
3932384
0
11906
1423
1035
0
1905
0
2487
0
775
0
3083
657
3451
8325835
2193
4102
4007
0
0
0
0
0
2375
5130
7125
5303
2860
0
2213
8918
350
3824259
4578
1224926
11535465
0
0
0
0
962
4023
1430
807
4520
3845
3988
4679
4107
0
94763
0
0
5208
3783
1987
0
3467
0
2423
1804
2149
1035
0
0
2902
3221873
8526
2086
7685
0
2549
0
1118
0
0
8331
0
0
0
2082
2014
6534
5633
7649
0
4856
2537
0
0
0
2150
5913
434
0
2091
0
9485
0
0
0
5272
0
3831901
0
900
4640076
0
0
0
6278
5757
2962
8656
0
0
2582
0
5905
0
3041988
0
347
1525881
0
11619437
3089934
1657
989777
1265
1981
3769
0
0
3492
0
0
4346
2031174
2593
2244
12478
0
4274050
0
0
3373
4930
0
2230
0
0
0
0
14984211
3232
0
0
5015
3989
4187540
0
4764
0
11994
2912
1090
0
0
447
8143
0
7376
1264
4691
0
3390
2137
1163
0
0
2376
1233
2603
4087658
0
0
753
1776
0
0
1331
0
3024
5271745
6991154
0
0
3271
489
7601087
2943950
1785
0
6036
0
5210
2286
5412
0
0
6254261
2624
1936
0
0
2521
0
5023
4134
1492
1065
1894
4728
2643
2502768
888
1258
0
0
0
6059
0
11593979
0
0
5460733
0
0
5729
5066
0
3389
0
0
3669
5050
1447
2646851
5692
4081
2607
0
10500
2981
3438
3530
14274450
0
3961
4940
0
0
7773
9444475
5215
5859
0
0
0
4207
2256
0
0
2050
0
1551
0
0
0
8754
0
2383
0
1502
0
0
23205721
0
4388
5213
0
0
2698
0
2836
2462
0
1670
2315
2753
2941753
2142
0
0
1482
6560292
5158
8235
0
10523
1113
0
0
0
2607444
0
2508
3180
5521
1823118
0
0
3769
0
1588
0
0
0
0
2633
0
3224
0
3402
0
4056
7849525
3599
1779
0
0
0
5277
8309
0
0
0
934
6191
0
3178
0
3222
922
5272
0
0
0
0
0
1578
0
0
0
1878211
0
5467
2282
0
0
2251
2131
2923
0
0
0
4931
0
0
0
0
10469450
0
8104772
0
0
3800399
0
7363448
5167
0
8754
0
0
0
16315488
2391
0
1916
0
16193620
2590
7061
0
0
0
5960
0
0
1804
7260099
2083
0
2603
4801
1685
755
3999
2962
0
2634
0
3697
4281
2425
0
0
11347899
1746
1394
2686
0
0
0
5275
3850372
0
3293
0
5875
3004
0
0
0
0
3032
0
0
0
2833
6693
3210
0
3869
0
0
0
2644504
725
2981
0
6051
3340
2073813
3217
968433
2191
18234782
2715
2349
10753
5774
0
0
14950785
1036
3881
6518
7501
0
1934
5879222
6889
3098
5294
0
5213
1386691
0
0
0
0
5094
5036
0
3277
0
3002
0
0
11714468
0
3884671
4510
2831
2028
0
2077
0
2233
0
0
1642
2046
0
0
0
8364
1450
0
0
2998
1531
16946072
0
3201
5413
0
0
3445
2113
4085453
5449437
0
5738260
39092412
0
0
0
1125
2704
0
0
0
0
1121
3736
0
0
3403
3425
0
2755
0
3127390
0
7576852
3294340
0
5957
0
2235
0
1965
4034580
0
8445
5263918
0
5292
16058414
4701
5151810
10490543
5469
0
31827070
2089
0
4392
1062
6733
0
2666926
0
2063
0
0
4825
8795
0
2901
0
0
4857
4677
424
0
6472
4021
7373257
1115
3862
13518745
3651
2028037
1747
0
0
0
0
0
4352
0
1029
0
3674714
2625
2584
0
0
6352
140108088
2306
0
1736943
4443
0
216749
3003
2431
7205
4120106
1086
5435
3717
5699501
0
3215040
4249
4091
0
11181008
2228
0
0
0
2171
1495
5451
0
0
0
4188
0
2622
5160
0
6414
5223
0
0
0
1545
2787
0
1598
0
0
2905
0
6572936
0
432041
1701
0
1756
0
794
2885
2601
887206
0
2524827
9326757
0
0
2772188
0
3338
6458356
7492372
1832
8935166
0
1313
1655
147629
0
0
3840
5056359
2330
0
2055646
1984
1192125
8856602
0
0
0
3103
0
8825
2548
4691
0
0
0
0
624
1749
908
0
3904
0
4265115
11451333
0
4224
3001
0
2881
5951
0
0
1319
0
11283
0
0
5847
4006057
2651
1116
2913
5323
960
0
0
0
1151
0
2611
1451607
8959982
0
4857
0
1275
0
4168819
15865
0
1198
4978
0
1950
9162
3975
3811
3084
2968980
5293
10529315
0
0
0
0
5419970
4213
6385
0
2289
0
3847
0
1768
2368923
5829317
319878
0
8012087
0
0
1581
7561112
35007
3021
2925
0
1197403
8205019
18603989
1456539
6679
2769
2466
2629
3201
2395
3959
0
10215491
4123
0
2240426
0
0
0
1562
0
3585407
0
0
2894
1726782
667
1472
1994
0
5237186
0
45902561
2167
0
2661752
0
0
3460
4029
0
3015
11691
1081
0
1332103
0
4115489
0
0
0
2757
4827
3109
0
0
15313174
2481
7854
3000
632
10625
0
7378
433229
0
4184
2176702
0
0
0
1940
11161664
0
35279298
5032
0
5412521
0
1984
0
0
1773
1137
0
0
30976
0
0
5264
8194080
459
8475
7208497
7072161
0
165843844
5415
2389
3974007
0
0
0
0
9821746
2762
7735094
3951
5542
14340
5077
2358
3225
0
577658
2902
4698
9460
2288
5286
1827
2280669
4533
2026
0
2717
4897622
14549481
1487
958
0
3928
6085
3937
3183
0
3545
2295443
0
0
5529604
2487
9150986
4361
5901
0
0
3863
0
0
3021
11185
10499734
6282840
3578
0
4379
907
3431
2341
0
3944
2291
0
0
48647002
1651
2919
444893
3121738
2171783
3333
0
1378938
9056581
0
2627
1596
10494
0
0
0
2575949
1972
698503
0
5016
1948
11846245
5506
0
8961
841
0
0
2187
8535
0
0
2594
0
5932270
8840743
2627
4127
5284
5225
670
0
0
0
165194743
1115
0
7992
10775909
1452
4529
0
0
0
6213
0
0
0
2409
8338
0
0
0
138102554
2561
12583
1694
0
2943
3615
0
8634822
3260940
2225
0
3961377
5858762
0
0
0
10919696
4810
3250
1510
5224
2038
1795
1161
6152
0
0
0
0
949
0
3204378
830
0
0
4876345
7349
3829
2103
0
0
2221035
2988387
5334586
0
7036
1092
2097
7862
0
0
0
0
3012
0
3085
0
5492778
0
6539337
4069
10585
0
942635
5514225
1591
11709628
0
0
2601
7492
15325766
9346846
1003
4356
3473
3934302
904
0
2240595
2803545
0
0
12090980
6250
0
918
9205517
1563
0
6060
0
0
3102
10504
5748671
4474648
0
0
4723
0
2766
7589725
3037
5373478
0
6181
2126
8596244
0
0
0
0
0
4227
0
0
3287
3683
0
684417
2318469
4010
0
0
6185
0
4616
2990256
1518
2906
1629866
809
67334
0
1157
17576213
0
3870
41613926
0
4192
10084802
0
0
1265576
0
654248
2563231
0
1614
1407
10219702
0
4622511
15245446
0
3148
9405
7135
0
5432
0
0
0
0
0
2836
3069
614
2589781
1803
3016
11040352
7773882
0
0
809
0
6209951
0
0
0
10737169
5186606
0
4985
0
0
15342304
0
0
0
0
987
4014
2515
3166
0
10396561
0
0
2008
1829
2102
666
0
0
4564
0
3322
2025
0
2243
1153
0
0
2695360
4638
7282980
2830
1111377
6540
7802
3697490
0
14925441
4985568
5348524
2390
1915
0
2483
1047
2920675
0
1092
0
2869
0
7812
1396
5309
2151
3038
4009389
2993
3141
0
0
3403
3475
0
7251
0
0
2490
8378254
0
0
2663
7996
2412
0
0
1595
8628426
19608539
0
5332726
2480
3340
2727
2079
1333
1550
0
0
1578
1300
2787
1708696
0
2947168
4632
3019
0
0
3632
10170479
0
11928172
2590
2838
5534
4010
1032
0
0
0
2803
6533715
0
920
2014
518
2872
9077
7185050
12091093
0
757481
1511
0
6805018
10103813
4647
43292860
60648425
3176112
2228
0
9710
6008
0
10935019
13774303
1255
6692
5428578
0
35102370
3550332
1786
2658
0
1956
4335
7668175
2381
1413
0
4785565
0
0
2598
8043
2358
0
720
3259
0
5061478
0
8899
5158062
3206
4873315
2382270
0
3269
0
2534787
0
0
3802
12625686
0
0
2505
0
0
3799
3655
5344
4446
0
13868910
6628
0
0
22492019
4071030
819
3047
0
1413
0
105870729
0
2834
434320
0
1664
2786695
2799454
1533266
2641
2152080
8710602
5865
0
2851
599
0
0
0
0
0
5380
0
0
5306
7147775
0
0
2747
0
0
0
6672302
1844
3990
3904
5463
0
1541
2064
0
7909
14995234
0
6277
0
10510385
6062683
4723
4151043
0
6280873
2950
907
7253
3270
11979958
5910
865
0
2728
0
0
1032232
4283316
0
3460
12200
3193
4144
1752
3511
0
2444
0
0
1872
0
5915495
2255
7168475
0
0
7050
1676
0
6433
0
1944556
1273
18497696
2274
11417327
2133
0
8359650
0
2335
7675
0
24669982
0
0
0
5262437
3556
0
2604297
0
802888
0
5611
3681
0
4164290
5299492
0
3863
1005
3512
2933
7354
12374809
0
2195
2254
0
4713
1449
9028006
4570648
2701
700
0
2857319
11778647
0
0
0
0
0
0
0
0
0
3879324
3199
3399
1936
0
5750
0
0
2953
5959999
0
4781
11712
4874
1919
9427706
0
149031405
1894
0
0
0
1084
974
2973
9325
2549
0
3158
4817
0
12420
39827834
1152911
2737
0
4610
0
0
0
0
0
5959
5433661
42433202
1697
2921
3006
1939
19101285
0
4671356
0
0
5679571
19367172
5415202
4120
0
3839
0
6383275
1744043
0
59504369
1140
3081
0
9271
0
0
1636
5662653
2134
2175
0
0
4108870
0
0
4405
0
0
955
0
3688
0
3655
0
0
1331
0
14943847
12594370
3367
0
0
9727709
3329
2415
4346
5462430
0
0
1403
0
8896
2829492
5241796
0
2022
0
0
4401
12172103
0
2843
0
23568526
0
0
7955006
2668599
11379411
0
10098497
3249
11658028
3120438
7995646
4549
5383883
5889386
3805419
0
0
2944
3127
3661
857
0
1160
1877539
0
0
6737
0
1177462
2583
0
0
0
0
3984
2077
2736
0
3606
4273327
545
4095
5757571
0
1713
9036882
3566
6035122
0
4444621
0
910
6438
0
2432
5183
354962
0
0
17972550
0
7659221
0
7247158
3581
0
2670
4573054
1504
10503229
764137
0
24473270
832
2073
7501
0
0
4878
2406
0
3640
1002
2377
2497
5457851
991314
2519
4486
2838
1202
5817672
0
0
0
11600727
0
1917
2000
92790483
0
28018234
1052
1388
7550
5615
14864776
0
0
5771
2733
0
3411
4549
0
2421
1606
46493445
1790
3725
1393
3454
0
7165
0
6910
10025151
3500
2600
4217923
0
4110
6244
3671
2652
0
0
0
2228303
3396
0
7827496
0
1501
8987878
0
8358078
0
0
0
1673
0
4639
4973
2602660
1903
3529
9214348
8227802
0
12200632
0
33487258
5627
0
0
0
0
0
113070295
3753
7510
3621
4510
0
8033198
2073
0
0
11662701
14540571
7823
4699260
922
34818321
0
8336329
2660
0
0
4755
4970
806
2407
8199
0
8732
0
0
7709364
1924
6868
0
6423
0
2523
0
6274
0
8492714
0
0
0
3619
2285
12246174
0
17929583
3912
0
16941004
0
0
0
6973234
0
7668105
4133
3215
15510707
0
0
5703
4790
0
0
2935
0
2577
2047
3209
4115
19843931
6271
0
11365994
70162492
0
5597
4726
0
0
0
2043514
0
3912
1403429
0
0
0
2321
0
0
1947332
0
0
3745
3253
0
0
2901
4480
0
0
0
29943733
18990
0
4399756
0
3713
2500
0
2600259
8145574
0
2503
0
6760
3012
4772
6629149
7979
0
14504492
0
0
0
0
3781154
195338870
3831054
2823
0
4583
7638
0
10706635
0
0
0
9097431
1152
24534107
18771202
0
9679618
2872714
14068
2611734
4867
6643262
0
0
12546165
0
2484
66930737
3306
0
10390693
14334814
0
7250
2566
4778
6047
2160
3020
8942570
0
2862
0
0
22734715
0
6133
2336270
0
0
3044
1347
1034
0
0
0
4016
14599077
0
31547950
4132
4873000
0
0
3401110
5900760
4045
0
12868124
0
0
0
8671
3809
40068928
2924
0
0
32688649
2173
5994990
0
1404
3163
1491
13261277
1267
4990324
60727791
0
4367
8068547
0
0
2108
66099787
0
1807
0
0
0
6852248
12099
1260930
5566602
3017
17897983
2925
0
0
2745
0
0
0
3032
1954533
30117598
4743648
390394
5049
4648
7103
5708
7570691
3344
2291
2718
3233
0
23276378
3271
4263
0
0
2709
0
0
0
8434144
4215
9496741
4131
15597209
3047477
0
0
0
3402
1810
2305
2332613
3423
6280819
4044
0
0
7896
0
3538
0
5641
0
2314
0
2688990
1605
15354757
24686874
2118686
4779
296119
0
2017
0
4934091
12415803
5241
2757
5439628
7795994
0
0
65664746
3634122
0
0
0
3006273
0
0
0
0
7871293
46943878
5057
2012
0
4305573
5417814
0
0
5792
0
0
6018
5604
0
1317
0
1492
7688
15944195
0
0
2841
0
3906661
0
6423
5421
14929547
6203969
3679
2684
4435
6492
33106598
2734071
1854
3376435
10691213
2673
2003
5039
0
7053221
5823776
2768
11611718
0
14296406
1730
3454
10247938
2706195
0
2945197
0
0
0
4700
16972285
0
0
4795
0
0
0
0
6615
6682141
3394
0
1715
3576
0
8961
11035942
0
2140
0
1073
0
0
3364420
0
0
0
8131
0
5843639
7634
9049
4552197
2770303
3287
0
2993742
1251
7282056
6431
5870
0
4545
3209
5962675
0
2149
0
0
17965089
1634975
5282474
1018856
0
0
1352645
12270
987
9117292
3034
0
0
0
8857848
0
8462984
4490972
0
0
7279
916
1493
3427
2879
0
99437348
5992353
1185527
0
1544
10476
0
8515
0
0
0
11395341
0
1135
10877819
0
4865
7205350
0
12216692
1661
0
19044851
0
3192235
953
0
3343
2193
0
34174964
0
0
16263995
3306715
2923159
0
3010366
4146
0
8216088
1305547
0
4218
6552140
5862
7956755
0
4532559
26092658
2286
1544009
14065166
1902
0
0
0
8630148
0
0
5923
1159
8407
3140
2789358
4431
0
0
0
0
0
0
2713
0
8930767
0
3388
4925
4194113
600862
2522579
2021450
5530
0
5072391
2163
0
0
5654181
1323765
0
1737
0
6002
0
2943
615320
10272970
4541576
0
3470
7322509
0
5035
1136
3263
1322
0
3083
2466954
10834919
1741
562438
0
6022
2632
3990
4400
0
10989701
0
37919494
4091
3730470
0
1594350
1932586
4481093
5152
6541171
15369864
2810
8471939
0
960
1860
3994
5753136
0
0
0
0
3222
4721
0
0
9929308
2964
12586590
7518867
15051686
0
7020
8758
1200970
0
0
6139509
7338
0
19977675
3087
3365
2114
4768712
0
1160266
1535
9077575
1712
4332
4289
6010
30521196
0
11860299
2563
1320599
5799810
5370
0
1527
9264290
0
57719347
1987
0
2783179
11582430
2293
6301925
0
1860
0
3926975
5229
2213
0
1979415
3985
3848
6051
7406627
5125
15870239
4722
8926347
5854
6285038
17010388
6020
822007
0
2529
13504
4087
39344251
2118094
2402
21906765
3338282
2393734
0
12272064
0
0
0
0
7964210
0
6688
2713076
0
5144141
0
0
3273
4722
0
5024172
9523
0
4196
6270077
0
0
15644832
5809466
1373114
3244
5565
5824
0
4425
7048061
1095
2313
4330
0
7123
0
0
7641
0
0
0
5743990
0
6452941
1009
3882216
2863
0
2364
0
0
3028
3201
0
2410565
3226
3215738
2300409
0
0
0
6122
0
4153179
2691711
0
0
1004
5271
0
0
0
0
143001
0
0
0
0
3336
5069
7834150
0
0
0
2061
0
1436
0
0
0
5240061
2292
3408
0
1995
2321
0
0
6184
3543
1206133
14181432
0
4822916
0
9637
3139
0
0
3607
5167541
1012
7492
0
0
3177
12007457
5606671
0
0
3382
3511
0
0
0
2445
0
3085
5969
4097
0
16707402
5076
5764
6907
3352912
0
0
10700558
6135
0
3099
8092690
1232348
0
0
1840
13433191
0
3717535
1513
25154610
5871086
0
3271383
2291
7437
547251
0
1557
9980703
5188
5085
801292
0
1075090
9118165
4447
2378
0
0
9419154
2875
0
4200
0
4738
0
7823852
2160
10827348
0
0
8954983
1417
1275
5243
0
0
3518
5382
8835
2780
78949112
3691
0
7141
0
25404677
5383
0
0
0
5943
0
0
0
1569335
0
1317
0
12752
0
9784
3822
0
3270
0
3661631
3833
1090527
0
3672892
5358
3512
1152
1780
3658
2314
0
2423
2765230
7526
4958152
2530
0
0
0
16131570
4391
4523
1990785
0
7288590
8048489
6155921
1885
4164720
22294547
0
17801157
0
2383
1317
0
12339885
0
1756
4577
5592151
6353
2763608
8856286
0
7781501
3751
0
9070301
6035
5303456
5051236
2317565
2809
0
0
0
0
2581
4746
9378
0
2747540
2201
0
2119327
0
0
2999
15374040
2526453
3686
2548
0
2638
1376175
0
0
4953
6105
2235937
0
6647
6752
18331032
0
0
799
18752227
46387016
2469311
4430
8160082
2027
9032595
0
5233
0
0
0
583166
4927
0
6636027
0
7564443
6667430
0
3415
41891860
3468971
2211
9326384
0
7165
7786
0
0
8654899
3625
3537
0
0
0
0
4333
1704
0
0
0
1886218
3867
12309114
0
0
2030
0
2152
2704464
17484402
0
456074
0
0
0
6186
1458
0
9416
8565053
1354
3133
5114474
6206257
4303
0
4779
0
15986811
1074968
0
10551858
12385516
4149794
2808
0
2958592
13109
4745
0
5975
19551
0
2805748
4143011
0
0
1888726
37531160
4173312
0
10260931
3340
0
4557722
44333759
0
1341983
0
3357
3515955
9619
0
3543
3258826
7905
12784500
0
0
5392
7516478
11278
3262
0
0
482313
0
0
4752
0
2332
5026
0
0
0
3059
5620
0
2630
1070876
0
0
6281227
1316
4844
4096
0
22004992
78794059
2302
2336472
0
22768420
14077813
1805
0
0
4943
0
12693
0
599253
4673579
0
0
3117
2790
1188655
0
4292
0
19179923
16426505
889748
13486224
1303
0
0
9267500
11428827
44877132
1506085
34553049
0
0
0
2277
7656983
0
12087405
0
991240
5395991
8116607
2312301
3635141
2128
6510
0
22769511
0
2737
0
24541800
2452
0
0
0
5533055
6799
4942427
0
1883
0
4899
3690
1827
6587174
0
4199
0
14494
0
0
0
3832
0
9295409
0
0
6205
1734733
6097
0
5546
0
0
2493673
5838403
0
29248608
4868
4577
8957434
4087764
3368
3736032
4392736
0
0
10708115
745
0
6840
3062
0
0
2292
4908
17206166
0
6444
6158722
0
4092552
0
4425
76482935
6389923
7026917
3789424
3004
12074058
0
0
6438
14927083
0
0
4800
3317
16841634
61402485
3485
0
15652271
0
7007543
8429974
0
5219
0
1958869
4833
0
13860003
2771
45094243
17038289
0
5998
6898
9413458
1019
4520
0
8120569
3142
0
19214884
1783
0
17880765
157177953
39899246
13586
8234823
3535
16383503
3984732
9441793
16225311
0
0
6340
4256
11210631
0
1885
1047083
5250
0
8129
12929827
5895
10499005
5220164
12168783
5713789
1597
4458
0
3625
5471032
2636
0
14822965
0
2359
2779972
6335
0
218140518
3337
18038552
0
5619090
1381401
0
6914135
466004
0
3797
1535
0
0
0
1732
0
9110371
2819699
3667
0
0
0
7861
3732
0
6149
1546
0
2759
14789126
0
0
0
6752
2994569
2462
3294
10800565
3184
0
3504
5824978
0
147307169
0
0
0
0
5299
8021192
4868208
3488
4760
4808
17864562
689011
0
191517
0
6519791
0
8432392
3204812
0
941
3507
3762
8213869
3736
0
11806
1930951
3091924
29083698
8557478
0
5872801
1697
0
9523
1392
12972411
0
4296
0
0
0
3192851
1616
6416038
19707457
4513
1533
0
0
0
0
4196
0
1612
2918
17356484
2217
10105855
11490297
8757159
8247356
8369972
17210897
1958971
9031304
11968674
0
1809996
0
0
1432
2505
5097
2322697
0
1165
16445704
4951694
204434711
3838
43762183
16475603
0
2035
7931897
2576906
7434779
3373
2663
2421
5801553
4658669
0
1546929
2879282
235874918
0
6632
0
5461755
0
2241
5658805
2512
4920
0
4494111
0
3511
0
0
1662219
14038208
2514
0
0
1569923
2425
0
6780
3481
0
5881
12517
0
2281
0
3726
3152
0
1925
0
5024150
5296673
0
1364795
10393
2496
17056626
0
9120132
0
1949
3173
0
0
0
0
6072305
0
5617268
0
4470847
3302
0
3446
6863005
2233711
0
0
3365
3244951
3971
2667
21885502
0
16669214
0
3556
0
6986
0
5658371
0
10222081
2294814
11762841
1591
0
6114515
0
7898
0
12629582
0
7102
0
0
0
2095
4070
4991644
2401
13813468
0
10266
0
3478
0
0
0
6941820
2009
4827
0
2773
4158139
11418362
11049644
0
3100
15742998
1839757
4592
0
2564
0
0
2165
0
0
2506231
0
0
0
37050409
3444
0
1167
3819
0
21561964
2145519
2177
8649251
10358
7934487
1860
0
0
12466
13196800
1360376
0
1689
31250470
7634114
6442
3071
0
0
49514628
5320962
2434883
2355
3265
2267139
2936
3902
5339
2372927
0
6887
5443006
0
0
0
0
2520
0
0
0
2709
0
0
0
11217622
0
0
4077824
9009
463442
0
6232
0
7819090
0
0
0
7221
12754656
0
7005
0
7778579
22528743
0
2120
8645984
0
0
0
9221999
0
2569
7384033
5177
6264483
2022
5133839
0
19428421
1342
7935
6422
3461
5980355
0
0
0
0
0
16331748
16078051
0
8356775
5504646
0
0
2974371
4374
6800
695734
72744599
2105
2968
0
10575146
4262
0
4106098
2952
6100
38948290
5280549
5835
0
0
9609602
17559005
0
0
0
0
9334872
0
2866
3507132
1617134
0
0
26836388
5190
5084
0
0
0
1558
3662
8045320
0
0
0
0
14033448
0
14630717
9829461
0
0
2045
0
2822435
0
0
0
15449770
128099703
7386583
97718745
4333
1420
0
0
0
13510552
5381
0
0
0
5726135
31034234
9587316
2793
0
4735
2833432
14743923
0
38659675
0
0
0
7129
0
2945
0
0
3757
3092
12146
0
3296
7032193
73566742
0
3432836
4248
668048
3194
4224
1708
17883510
15002448
0
0
2198312
4792379
785013
0
17752819
7897222
9102382
1935
5968837
29496483
0
0
12661758
14344322
0
2354
0
2860817
4213730
12338700
5486
0
3041397
2628
5650
0
2471
26122866
2634
9256011
0
0
4929
20880029
24317276
5581
0
0
0
1805
3091
7444411
0
34103565
6853
19280343
0
2561
12795518
1954
24452659
2928791
3660
1417001
3369
0
0
0
0
3484
0
9073
0
2213
3495720
0
0
3599
0
3973653
0
1940
36055836
5029
0
14500451
1642
0
7703359
0
22639311
0
7555462
0
0
8369
0
0
2663
0
7489610
0
4108
5377
0
12537204
1855820
10052393
16099471
0
2581
22259699
0
11089
0
3044271
4369
5025388
0
15218020
0
3309
1413
8121
2770
77636841
4870422
1513
0
6360
0
0
5341
5055742
0
0
0
0
2572936
0
7137
3105
10728710
4699
0
17875106
6507
5782324
9635075
2268234
7537
5051
0
0
0
5873056
0
6321
8082036
0
7815222
6690
0
0
2113
0
9612
0
4717
0
6055552
11227586
0
0
49887513
0
0
0
0
39326933
1232
0
0
15521296
10798518
8157216
1174169
4869254
3114
29613554
11163119
2863
4150831
0
5819824
4398
8171372
1717
10654423
6108
0
0
1819194
0
7725155
7707384
2842
5800087
4546771
3059
8798559
4708
1847406
5547147
12474502
0
8306
11914764
15216355
2133
1827677
0
0
0
6034938
0
0
3109429
6249231
0
16703
0
10890114
6225
22588099
0
9806
4209
4814027
7247688
1907
4060
0
0
3828
1748003
4079
0
5469
0
1955202
3216601
4276
3380
0
0
0
2704235
0
0
0
4639974
1989993
0
0
0
92206645
6131851
0
4617
2378561
4101
7021070
0
0
0
0
0
3857
2310571
9307
0
16787155
3290
0
7196
105197
0
6635
10801394
0
0
0
19846558
0
2689650
0
3229
3563
4433057
0
2630936
0
10723393
0
15491659
0
5985165
4182
1785
8501
0
10040
0
8590579
0
15961017
3864
6645
6414134
0
0
18428603
1926
1839
0
89693228
6288452
5810090
0
133097
0
0
2524489
0
18184898
0
0
44026851
26410398
4362763
0
2867
4598
6146774
7102
16752667
4563875
0
0
1725
0
4571
6438242
0
3702
1954062
0
3235
4322
17571990
5414
126427758
0
3288
5923
5499
0
0
6453645
5346733
4050
0
2615
0
4548
0
0
0
2199979
5040180
16523038
14403761
0
0
0
14500320
8710
10242781
1528735
29462838
5737
19179416
9668
5725146
75846886
0
4697994
3229
26360508
14554941
0
19355124
2225482
2872822
0
2569
2532
0
9285
117827104
2194509
2820
0
3194
2847767
14203728
8524645
0
0
8273233
0
1716
2556617
0
0
16383949
2559
1865
6418908
5555
2421
9152
0
10244103
5625
0
138792621
0
12533
17162094
9216
836899
0
44077875
0
0
2642
12999734
71523668
7363
2329
0
0
0
2815
9595836
0
11021
5213654
0
0
10560337
4591
0
2354
7877531
12597801
6344
7343672
0
4298
6433889
4609931
3666963
0
15323487
3829
7686950
2870589
0
1861
3606
3760
7202
0
1167
0
0
0
7797
0
2899
3111
4619
0
2995
0
12296295
7456053
0
0
2518
2205
0
8912263
3900
62337457
0
3369354
7994773
3616547
4753
0
0
22513929
16175300
11922612
11507078
15438742
0
9090
4372947
0
0
0
3084886
7168584
7495580
0
3695
6131
0
0
8461
0
8064849
2086
1788
42350436
58533962
2207
1895
3831925
23382162
0
0
5101247
0
7628719
8594
2327
4848387
0
25679076
3600
9210866
1841
10496629
4689
0
4098
0
0
2911
5443
0
0
0
15290930
8487945
3659
1912
2152
4553
4224841
0
0
34410811
0
9137812
0
10716951
13479276
0
6700
10301789
0
3496042
6362
0
0
4617
0
3825
0
2761
81823178
5751
5399853
0
4272436
0
0
0
5333
0
0
0
2612
4197
4448732
0
3220
39205019
9116
959999
0
0
13699
5116820
0
1581946
0
0
0
2828197
4406
0
7352334
8807108
9750129
0
6003060
34907242
7543511
2124
10908784
0
3146
0
12178
0
0
4627
3714
0
5493
9840542
0
0
3321
0
6114
4795235
12754
0
0
0
17516345
0
11992562
0
2244996
7914667
6952210
0
7293518
5659
13955496
3574291
0
21442575
7042072
65520318
32481755
0
0
168304911
16005326
34692999
2146
1947140
5658502
4227
3178
0
0
0
1487
0
3027
0
14190336
0
0
0
0
11226156
7157
6959
6902
0
0
3644
0
5359
2793
0
24541578
6054
3157
9070
2726
5505
2834
0
0
0
0
22933446
189859
2524
0
5200533
0
3322
217465742
6073092
7412236
0
0
3190
119238749
4198
0
6516203
0
8627862
0
0
0
6110
8701
110564857
0
8553808
1430625
0
0
0
0
5122
0
5520
4036218
5945
3429
17631810
0
0
2392
0
0
3903350
104783373
0
5907
9132928
8158
0
2689
4892
45072600
3802879
0
0
0
2225
0
0
1798
2749
6226
0
0
6220336
7396
4905
5870454
0
4085
1927
11777449
8070
0
0
65231884
5050
0
7150
2165265
10325092
0
0
0
0
0
0
0
6699
0
6194710
0
2886
0
6935
0
0
7448
13733454
1198959
20027578
0
0
4857
0
6874961
0
7159
13991229
2315082
4010
2894003
0
0
0
4781
0
0
0
0
8410642
4501
0
4113
5206
5087
0
2653091
5128014
3803
4732
13664187
10762
0
3304
6805
18031140
2219
11442502
78309241
3057
0
8416
3726
2645
0
0
0
0
4550
1717453
9669088
0
3425921
1144107
0
0
2587397
0
0
3082
0
0
0
0
5853124
0
0
0
3721
3997
7071
0
22032200
5989
58560705
0
0
0
5038
3180
7475596
0
5539087
4232
0
0
3322562
3696306
30354918
5470
13049721
4550888
0
3029
14687681
0
0
3374
3606638
4703039
0
2012
2174
78987287
0
56860541
0
0
20548311
5296418
2568489
0
3887079
0
0
20909375
1778
12327038
18041931
6758406
0
9181
0
0
6599839
0
4314
2763048
3989
0
0
7062
12779289
4125
0
27401889
13230549
5119
4477
0
3336
0
16674211
0
0
4167
0
10528015
0
12458626
6519710
3821
0
3262
0
7010
177916010
2938
3481
0
12704410
0
12445211
0
0
7926
4286030
1662782
3059
0
3227
0
4989
0
5934
3466
0
3043
3956
5682
11054
1745
0
3647
0
16999019
0
10815929
3286
4433592
4949405
2597
0
6178031
0
2847
3531
14180701
0
2512
0
0
19172429
0
3853
15970393
2530
6506
3435
6790697
0
0
41147490
3103
0
2301
0
0
0
0
2906
0
26875678
28683938
7183
4239
3243
6232
0
2537
0
3490
0
3787
0
3556
0
0
2180393
2760
0
3383
1167651
0
24740365
4877056
0
8724012
5372
0
3490
2912
0
0
16838685
2638259
0
9970261
0
36766032
0
0
0
2884
2961397
6604
0
0
38886772
2768448
21860890
0
0
4605
4239
3856311
8459093
0
3578
0
0
7746
4168
4528
0
8384776
0
2958
0
2749
0
143983058
3459
0
9781
564615
4338404
47439791
0
0
8077
0
38071905
4547978
3633
10646344
0
3138
2613
0
7617468
3627
0
3658786
0
2106682
44912548
3045
463229
0
8247677
1686850
7657
3694
4541
11231777
0
0
0
5028072
2832148
5230
0
4786
10503794
0
0
0
88601835
24588454
14494161
0
908403
0
4606
0
4168316
5543
14872403
7473579
5333
0
0
0
0
3112983
0
6550622
0
5269834
0
0
9035906
4953
0
15220486
0
0
4827
0
9467
38103783
31930799
4996
7091230
31680855
0
45528221
0
19955505
5344
0
2311
9181966
3275623
7402493
30091095
2965
1437431
3953
9706
4055447
5143294
0
0
0
0
15920584
0
0
4916
0
4790
7683580
0
1902478
9445
10743544
5860
4947069
0
2952168
6262
0
0
5705724
0
0
4854322
0
8285
4832
6910899
26130004
25818873
0
4561
0
4744
4029
0
4107855
0
4413
14433276
0
34954071
0
0
3448
33598851
0
3765
925936
0
3901849
0
3150
0
2695043
3428
21007781
6113057
0
6689
2344175
58950275
24010129
11903824
1398
6662
32857113
7759173
0
8468007
0
3103
6870
137537132
1733
0
0
0
2261
2004171
2109
0
0
0
8409546
3159
15207222
13555
0
0
0
0
80576241
60225242
20035632
0
0
6221
0
21662746
709952
12526
12408819
15782191
3101277
3032
10300838
0
3716163
197785147
2131
16100306
3556
3110499
15505
81411399
0
0
10762570
0
0
0
0
0
26084694
0
0
0
61508820
82528684
11983
1959912
3222
1636601
4246
2122
4926
0
2968208
10704
3368
3963430
3375
7728945
0
64501149
2199
2963907
0
0
0
5019400
8400
0
6030627
50377388
0
3234693
3637782
13845183
0
12473061
0
1786269
0
0
4020
5213392
88451332
0
0
4112905
7690085
20636952
2090
2059
2313
0
2408021
2650674
14220450
3278776
0
0
114420752
6484298
6938
28165990
0
4037
3740
2402
2599
0
8049
0
3993
3001
1692
3529
2061
2338351
5016753
0
0
1887
2959880
0
1921531
10419
0
0
1420900
2391
7965
0
8013751
0
0
0
0
5950
6571
6433
11773264
8682631
66897173
2752
2670
0
18674400
0
0
63724043
0
1785
0
5074263
15262242
0
26896125
0
0
6302956
11046570
0
0
17967665
0
3717059
3274
2140423
21562509
2182
8623763
0
6046435
6788441
0
5714
5949891
0
12127833
2906
0
6188950
2304
0
26298043
3021
15217695
0
17036362
3596
2912133
6390
0
0
4714
0
7942515
26451392
0
0
0
9384
0
0
0
5525
5112484
28452122
5753038
0
8059678
10465
1120995
1960
4579645
0
5466579
0
0
0
5529
0
0
13580315
0
0
0
11614260
0
5176
0
15545
5124760
0
12073080
2236
0
2569566
0
0
0
7183615
0
7225269
0
7761373
5599119
0
0
66916646
37570188
0
0
4398063
2104
0
0
9648013
13659869
11592036
2276
8042
0
0
0
7027874
0
16507104
3680
0
0
12819
34861456
0
1963
0
2686
6096
0
5623
5072
0
10230142
0
3265843
0
0
0
0
0
0
6006385
97332104
4718784
0
0
0
10910819
2924
6389066
2955
42030485
7309737
21559587
5719101
0
105250499
0
3447
8565
4102
0
12069655
0
3618
341140
2043
9053
17651198
7325756
9685
0
28147976
26839659
3300221
8738
7243
101477248
0
0
0
2341
5169
7141760
39821331
0
0
2044
0
0
0
6886
6974635
0
452101
2765249
3658272
10124967
9451074
0
8640966
0
0
7657527
7508945
2707
2843
4281054
11778127
0
17831108
0
2557214
0
3214
2623
4745364
0
0
19867298
0
1371684
0
0
1899
5367232
6023
12302155
0
0
45820385
1286
0
18472816
0
0
11619645
2896
0
12165717
2915
9498631
1637630
2447
0
91302972
0
0
14448212
0
0
135623728
5443
5685
0
0
0
0
2362
0
2813
0
0
4298
0
0
3452
0
6490210
5774283
0
0
3196
6269675
0
17843333
2980
0
7469
57285603
10152875
14269473
5059284
3452
0
9686107
0
2751372
0
12481053
16953801
3922286
8508283
7692
0
4493
3991
17563304
10515876
2705
0
0
5920
2892
0
0
3670
0
26215513
3257630
0
43652595
0
9119125
0
12180796
0
12670
0
0
1706
0
0
0
12926975
0
1871086
11262110
0
7152
0
5158882
6311020
4277
3341
5465217
3437
5825
3278
4100456
0
0
20819765
2414
0
9889535
0
3227
89620333
11045
0
2785463
0
1963
2226527
6835
0
104576173
3127225
7553617
10134700
68950949
6470
0
11599800
9184426
0
4849316
0
0
18727689
4546
10994427
5995124
2399
0
0
2481
4152
0
0
2057
14861884
10094064
0
0
6114432
5127968
0
125143420
0
19090424
0
0
0
4340
2283
0
12379233
3922861
0
0
0
0
16277363
1703616
9296
5491136
11990365
11537405
15268890
18578268
0
0
4615
4019
0
1617
0
8611383
2523
2692543
26962801
4096017
0
29135523
8097860
6005
0
0
0
8647990
12741125
3202
2854
5587369
0
5799
35184
0
0
2469
0
0
0
13137914
0
0
0
11650151
53365752
12000251
6712589
10137
0
9010446
3511
0
5508046
23124265
0
13367599
15647777
3520775
3291
0
10456472
2824989
6595
0
4059
7750
54739728
4725103
2216
9778539
3384961
0
1422732
0
2468421
6494
4077
0
4183405
29823127
5017
14474
83294577
0
2555770
4705495
0
3482
9071456
5492
11457267
4259
1902865
0
49950578
2831
5535934
138203842
3605
7999012
0
16400796
3263
7317489
0
0
0
10088451
0
12909
7557721
11609006
2039
1695266
0
10640964
2946
6320532
0
31254981
7382929
0
3707
0
19061270
5544
0
0
6209
0
16132746
2189
5655
5968610
0
0
2720754
1964
5221852
0
10761198
5786053
5796837
8370438
6422
0
15631024
15399082
0
3648
0
0
11984259
0
4506604
4711316
10049
10366212
4520
4980264
0
0
15729148
5773342
3841301
2717
3998939
2848
9058578
5704
4245
13244209
4184055
3483
0
0
1313813
5964
12718574
1317167
2657002
11549446
23433292
2856
10382
0
3263515
17588984
3904067
0
2788
7845305
0
3569
0
0
0
0
4050463
4787841
3256
4234340
15782465
0
2859051
559689
275762335
56592615
0
0
1417899
363624
8274399
0
0
0
69255304
0
13804390
3416
13831499
11884981
0
5233343
7792
0
2594
212136177
3908
0
0
0
3728460
0
0
39036658
0
0
7809
0
5967791
0
0
11171240
0
64791762
74355714
8738672
1765
14405761
0
0
7413727
3704649
0
0
7290560
0
0
11874284
9010056
18061905
10056489
0
2460
51178513
30356116
0
2965
0
4544
356401
26650214
0
55319643
58671203
58904043
60649217
0
21974
3077
8892607
0
10680109
4388
0
0
0
2791525
22241622
3414
49298731
72387251
12609793
3425
2990
5188
0
7821
0
5048
110949820
0
5751
0
0
0
2624
12295537
12236052
0
7823
4566053
10943805
8511
0
41310648
2927
0
2778
0
5916690
0
3798
6622269
5394938
0
4563751
0
5072
6755
49697638
3739
5946657
548660
9644
3514
2409567
0
0
0
38887493
13127497
7144
42552454
0
0
12306
16516286
6691
5795041
0
6452
14498966
2960371
1577863
2420
17206699
3627
0
8531376
0
7725187
5122
0
16967280
15600232
11641776
2526812
0
0
0
0
3319
7092569
0
15979137
4765
2636
3920
4188
5918985
11922
0
0
14762328
0
20569896
6561
7828428
3514192
4134117
2977
0
5613395
0
5586845
1751
0
2005
8543524
7406
2901
3410312
6493
5184
3857
6797
0
4227780
6218
5184
0
6648
569428
22011046
19426327
7165
20172616
0
11422076
43452816
2094
7384042
8938037
0
2267
987758
4592179
12308882
4782
0
0
0
2972
0
3426
61710616
4537482
28516109
583677
7546
16794408
30401637
12794249
0
0
0
3176351
21927124
8357235
15526648
0
0
0
0
2623
11090740
17061420
0
1752084
6995771
10216
0
3669
4235
9530
16254498
125236763
5892
5279519
0
2665352
2542
0
2978
0
0
13674762
9236728
0
0
0
3238
0
0
10637980
0
3286
8713603
24659035
0
0
3987
27617520
0
14827799
0
6705
0
2061
0
0
0
4918
0
46836716
0
0
3417916
4400220
4397105
0
5279218
0
5689
1182143
0
0
0
6732
8223062
7102
4360542
11148
5651
3704093
0
0
4491
1156388
0
0
0
5485864
15316666
11991679
8602546
13831764
2038
5312789
0
2350
5764045
0
4716
0
0
0
2950670
0
4776290
0
2340557
0
12362764
8965377
1992
0
14278355
4248
3063281
0
3125
0
12773444
19728267
0
0
14945530
0
0
4029348
76227140
0
0
1723900
0
22391425
4083
3705
2708
4190
22265812
68344136
0
3574
4606456
0
3376
3847
0
3933
2497993
0
0
0
48889899
2994
0
2852636
10739
5239699
0
13585185
0
3429
98877425
3283
3647527
63545739
8419825
0
11090836
7022
0
0
61544357
91303122
4059
5780
12418858
5597515
9230330
23250189
11424150
0
0
14622146
3513
0
23194159
2583
11491772
10124982
12337
0
7289
5463476
0
11482345
3278
0
0
11863474
8662517
0
0
2161
5237
34285419
97339509
0
6593
36994030
0
0
3948974
4066
0
4214
221869374
71638949
0
2428
6317358
0
2518
0
0
5974
0
3317
0
6666
0
2985
4653
0
0
2884
65687729
0
4549
0
8679
0
0
0
15363290
0
2049
7557887
5525419
2875789
12632510
2475
10303932
0
0
3899
0
32811949
17134306
0
4124
0
722738
0
0
2956
2841
0
90722466
7237
3952458
0
0
0
11710720
0
5201
4289588
67068168
0
5363
0
0
10809747
4602
119196457
0
7758576
5785649
71182939
2584
3226
16010822
0
0
2456
0
3502
0
10181572
77602853
5473
0
2992
3615624
47998219
54957391
0
3344
3248
9744
2127
3986756
0
2365660
10051002
8253
6657
0
7487776
0
2427260
0
8946
7896848
14160552
0
4658
0
13184477
4406
13074
7922509
16409
2173158
0
15838653
0
6944407
0
0
0
23460010
134790691
4766351
10110775
0
0
5083
4134
55675947
12257375
5535042
0
2754975
179791600
4617289
0
0
0
2958496
8158076
0
2037529
4854139
18929710
0
0
0
2342
4062804
4864
6340
5834
24411470
3854
39818158
5071115
0
72589628
0
0
0
0
6023756
19488296
4186
0
0
2518
0
0
6285847
0
0
118046587
3291722
99072494
2371121
7490
134713797
22972918
60230561
10827844
42163697
0
7233134
2529536
0
66750201
17235414
0
0
3646301
30351920
0
3819
17717578
0
0
5850022
17137789
2927
15062332
0
0
53842076
0
0
7275773
0
0
0
0
0
9011663
0
0
24021764
0
0
948939
17216487
3228
0
0
30356036
0
0
3799
0
0
4086
3249780
15140399
8505183
0
2828
0
3098182
0
0
4416
0
3010
0
11167823
6994728
5395
534739
0
0
2533257
3107
3274
0
4663
3784602
3483
4782937
7865648
16119420
31482742
11923935
0
0
0
5107475
3983
0
0
5491866
0
22879092
2126
0
0
3236
4392
5465
13068
8440664
0
0
17127302
262829788
2904588
7046195
43414404
11183
5911353
64965859
596381
2681128
15315116
265327841
0
0
5917745
0
5855431
4513760
1925
7122980
0
89514583
0
0
0
4510379
0
0
0
7980113
3804
58203059
4925
0
33222148
11051
0
0
0
4857
13743936
5250724
3639
6202156
8443781
33955106
0
27237524
0
113256528
5893895
0
0
0
4788326
8213
31592141
18732191
11512146
0
34962867
0
8349809
6498
30471151
0
0
8283923
0
2065227
6567541
41935495
0
0
4049190
20632767
0
0
0
0
0
25277401
0
1266365
6455
2854322
0
5241
2005
0
3610
0
0
0
7995
0
2518
11638692
0
4613119
1945
5286
8404
0
4459159
0
0
0
0
2610392
0
4622659
3688
0
0
0
0
7370536
0
4530
0
4431
3329
5471
3362
16698599
17474895
0
0
41533036
33127005
0
0
0
12284007
5197051
102429660
14899848
7280
180572251
7935151
12461024
6283
6043577
4821391
7298074
30267512
7020
0
4306
0
0
11919546
0
0
0
85113223
0
0
5120
0
0
2398149
0
7142
19563250
13915374
0
0
0
0
3259
2524
4294611
0
17258382
2158
2957
0
4039709
10002155
6037
0
0
0
2720744
0
20545
2289
2946
4997203
6166901
3655
3907969
0
0
3744
11800
0
0
8983366
0
0
0
0
0
24677828
0
5666108
3706
0
4788
58423297
0
117774574
12848047
9025655
7334951
12068210
2399
0
2621
0
0
776968
3597
5145
2503
8065032
3209
2443
50539597
0
78368773
34462516
5962989
0
14824416
135805109
3624
2275
16882160
5436
0
3640
0
5967863
7890970
0
0
2613692
0
0
5895
0
2936
116872921
5461766
12399333
8339556
4447925
5214486
0
5178
4549764
5072312
0
43456093
0
7909
6171602
16289941
2785
0
0
9483560
4931
3218
0
0
0
2681
0
0
1032252
32393410
24244991
0
0
2900
7397
8829478
0
8287483
0
0
5015969
2735
17130718
0
0
8343639
0
0
0
0
0
11648851
0
3665
0
0
0
4961465
5749
1591290
0
29275442
0
61119419
10215280
2238
7321
16456134
20361372
59779741
13705566
4185
855587
69530457
0
0
4782
5644711
7495212
17793836
11939561
0
0
11323306
2361
4514209
0
2234
0
0
0
1921468
2635
0
5252641
0
94029331
5101147
4376
0
0
7756747
4177852
3330
8026990
7721213
0
2192
2313468
3496
12056737
50572048
12477144
88561847
17122166
11569
35150783
6599929
0
2210731
0
0
14043383
47960660
25017505
12187156
7518976
3407
2254
19735072
6630
14234076
30474764
3554
0
0
11775302
3969632
0
0
2496648
124392495
0
243871304
7322893
0
7797
1512
4454967
5500286
0
9898345
5955885
5131335
8677
3142569
8184701
0
0
10559
5006
0
21509270
8845495
14624690
62419759
12298376
0
71663079
7848903
0
1674470
0
7421
3553
108701031
0
6758
10351556
4762
6096722
4668591
4766680
0
11184396
3316
0
4000
3540
11066433
0
3429
3270
0
3159
0
0
0
19454920
7840714
0
64350161
0
141681791
0
0
10258777
0
0
6728286
4319
7373
4738
33348822
53803653
0
11427110
74418633
70370637
3056060
0
34482247
6797084
16399320
0
31822917
0
0
5398852
33123684
3207
69532299
0
0
0
0
3943
4937
0
0
0
0
0
0
11015242
10820
5809003
0
30842819
2921
0
0
28596904
9659558
0
2774
0
5729278
6052
11937356
2658
5935947
24291467
0
8632
3523
0
6313
12700327
0
5468
0
9612092
0
0
2704
6045
3151
5845239
4170502
3077
0
0
97920738
0
0
0
1567895
9839106
0
2131204
1719767
0
0
5439
8420
0
0
0
0
0
2728713
0
9015
6258805
3434
0
0
9730
31385302
50623844
0
149408286
0
0
44351844
70771630
0
149845724
4274
17017393
0
5280680
4834239
8290229
24413067
3052500
10284324
0
0
0
6251423
7348041
9491860
1426074
6049967
0
6286700
4016
9842
7751687
3423014
12002504
0
0
4552
4030
2551
33919018
58062811
8279
95082294
62553830
3732
7384
0
4135043
10843806
143654351
16089149
4919
4688935
0
3125
19960454
4162393
5148609
0
0
0
5455231
0
0
12720
4902701
0
0
0
0
9261639
0
0
0
2732228
0
0
4637
5559
0
0
48546607
0
6211421
11122676
2817
30290327
0
7136571
0
4728556
0
0
0
12437384
3685
12279993
0
10287784
0
0
4264
79449835
0
0
0
0
10858277
6424
4416
6125
64702330
9092928
9226756
11021672
0
0
0
4428
145710140
0
0
9234561
90840122
4856
15612416
6419817
4922
0
0
4296
0
0
14191367
24697656
7382378
17717667
0
32560473
5224
11103504
2845
0
46110815
11528016
8038
8247963
0
0
13879926
6359085
0
8560553
0
4668
6872552
0
164331612
5627
0
8136702
0
0
2555
5806651
6102177
0
122360665
8007224
12561608
17796134
0
94969333
3961565
2320
11711300
0
0
17849213
1688935
7531
2560
0
3594
7177601
0
280182222
0
2869
5415158
0
0
128631442
0
0
0
4067729
4579073
0
0
0
63684581
6473218
0
162832671
14762035
0
37545172
68856797
0
15897043
6423
12461273
0
0
0
0
7462328
0
0
0
10769510
16141983
80381264
6012
67998092
17531595
11375036
7525920
4677492
4248064
2736
0
0
5948320
63051187
4760873
9955
78620911
0
0
2939325
0
0
17634
1977814
3616
0
57289599
50259542
2963255
5030512
11977406
0
0
3689
0
4210778
0
0
0
17128019
0
4777833
0
0
8281655
0
3115094
0
0
0
0
14070393
0
0
0
0
5440486
0
10542087
2643003
0
3827880
235031575
0
0
7164
10581672
5305190
0
48053126
6363329
0
3754931
5923421
0
14440992
0
11005140
58248266
6196
0
7719111
0
5224
0
10628566
9256655
70623874
0
4051553
0
0
7168127
2560355
26553662
0
15352759
4680
15808
15181487
0
0
0
7333
4336
2590
4495
6782911
0
8697869
5736
0
0
0
16712976
6033
8535912
3343645
0
0
0
0
8899318
4974915
2346143
0
6511
9062913
1982916
18783896
20740144
74564191
13863601
15585031
3521
3446
3404
0
5022580
0
4933052
0
11913485
12683
8236137
0
2277258
0
0
10300326
0
0
7856
2070
8206560
0
31736744
11421033
4129
0
0
4006
11537
0
9282145
11922675
0
108623673
14918804
9682655
9659911
0
16706982
14089407
7887
8756491
4517
0
0
3209818
19229188
0
7545922
0
0
0
0
14294
19387579
5202129
41347019
4359666
0
0
16426462
0
0
0
0
2894424
6275496
5437
3110083
0
11030977
3173
0
197333779
6133
0
8712
69122208
0
10620236
2162
40141876
0
0
84927642
0
9163
0
15402621
0
5238198
15442156
2035924
2049
4620735
0
17129286
7641
21790388
11731306
0
13888847
0
0
33307746
2901
10137328
2250607
0
12826668
22136500
4218
22676774
5790058
3974257
0
2441140
2526
40553380
0
5985782
0
0
5830409
0
183395868
349385984
0
5004
0
3814511
0
34879823
11781090
0
0
0
0
0
24139625
10846594
0
0
0
17275090
0
16999865
6018
15738223
12859196
28809952
5386
0
14389108
8615762
0
0
2700
4526
8852
11836337
0
3745
10489962
6038
0
10491298
0
12800502
26863674
0
7889880
5072042
7082620
28348433
0
0
30235432
0
209419073
0
0
0
0
0
0
6137
56436187
8502
12828006
118863474
0
5063877
0
6258
31344912
0
0
67032331
3993
0
0
0
10781912
0
0
9693818
3058
6782503
0
3457835
4615
2381
11693
0
18370063
5464791
17278790
20466506
7433313
0
4578
0
0
10599893
118629
0
40014819
2264423
5577
0
8546
11073247
12553
62549309
0
6592496
30958404
6334387
0
9069075
3075861
0
8512
0
3155
4889
0
0
0
6682689
2586
15300
0
0
90058139
5466
4856131
0
4533392
11108984
12472590
0
0
4512318
65071110
0
0
7656
2865
4394093
11801678
5397472
0
4676638
21612200
3838
6278556
0
4583
4009293
9862948
0
3555
3117
0
11951229
4995
37486992
2480
0
67109105
0
2981942
0
13957628
4813916
0
10613876
7983
0
3573
3863548
3644
7579854
4529971
0
2449
0
47603667
6938262
0
4894525
0
0
0
0
0
0
2930
14965007
11625329
0
4823298
4705
11909706
8881
0
52596209
17357534
34842031
5592340
36662613
7512925
0
11571871
0
0
27821768
0
45640356
0
0
2945
0
24645302
1754982
203778298
16896235
0
7483544
0
35435234
103641006
5456720
0
0
2866
4678
0
0
0
0
4479629
67756588
8576257
0
6059959
0
0
7992095
8829
0
0
5978418
0
0
0
7089
6910636
0
0
10939923
9452849
954331
64682547
70086374
0
15106955
10286070
8832742
43638238
0
0
29483697
0
2761
0
3845
3418
0
0
0
0
0
54567084
9870
0
0
4501360
96604643
12060575
9926
0
110932646
0
16606213
6119037
3448
0
0
0
1484180
6082
8639
0
0
5521544
3980383
3272
3104
2483392
0
14712206
0
4260121
0
36868793
0
7701866
10580
0
7549
48571834
15778257
0
10371
47675642
150323158
0
3132
23723804
2315485
0
14123221
3476411
118364650
11599071
0
0
0
5443
6130
0
0
184968776
15708010
36489810
0
0
0
0
3008
24385634
0
0
0
7987202
0
0
0
0
5546
59638730
0
0
0
17477988
108458024
9358816
4083594
6767320
13121403
11795795
0
0
0
12042533
0
12416268
6131550
8442566
2811
37252792
0
0
0
5645076
1925753
74281470
49807007
5464828
0
47865936
4629674
124452883
0
5056371
8590507
0
0
0
11981250
13362390
5756059
7422046
0
0
0
14528927
12796685
764063
2859460
25820253
5094
0
0
12002013
0
17881162
17073816
71393267
0
6843
0
0
0
44183524
5825310
0
4355
0
4561361
2906
10242895
0
150091384
0
0
29739628
0
3257
0
14274029
62990344
0
3435
5467629
3813103
5502
14580808
0
5746
11895936
6160580
3394
2559637
8386
4694026
7471500
0
1988102
10635675
0
0
6318185
10213197
4074
0
2548882
0
4271245
0
3924
0
5056282
3034
2768063
14801
48497265
0
6680002
9242
0
0
12219218
9067907
2324
0
3941465
0
0
13213814
0
0
0
19535955
567228
5986
17676695
324944
4122
0
3792
0
0
0
15135686
0
0
53214979
18300402
10011
0
23440781
0
0
0
29039501
4361369
3705876
11050975
5587230
8506349
0
0
0
0
6767667
0
7798
3577295
4537
3102583
17123491
0
10639710
8596369
0
39454448
21774400
17158901
10225228
11824911
3410
0
28931344
0
0
0
50635
2647
0
0
0
0
6893325
0
0
7261166
8479638
36683904
3877
11585545
0
0
44486930
11877482
0
3933
4007
3422609
0
0
0
9750279
59276597
15962027
12297791
0
72563825
17407746
0
0
92466756
3987491
2415491
3118
2393903
61642426
0
4811862
5763482
4289430
0
3690
4048
0
7665566
3069536
4330347
2771794
4563871
0
16026023
3791803
0
8675236
0
4500
0
48301064
10597763
0
5268166
0
34282177
4401212
7425779
0
0
3642
5660
0
0
0
159293238
3461
5567713
0
0
0
29376949
12006
7467288
0
11112388
0
0
0
0
0
7411
0
8491
0
8422865
4146052
3557608
49790423
0
22540998
0
4536004
7947791
5878
4173
12618011
3694392
15313611
5660962
12033658
8435
0
6610
0
8139415
0
0
0
54935019
2184
6417391
0
8035
14280390
13215857
0
4908816
2379
9872
11640501
0
0
9679557
8584
0
5468
0
0
2535
0
1714183
0
5209
5160141
3433
0
26833403
4933179
125606153
124969069
0
17809582
0
187109634
6003212
0
76376555
8055558
20079987
0
0
4388
5134734
6983545
6417522
11964296
0
6047449
6290
0
11668775
11779609
0
0
0
10242359
0
2618831
0
53463957
9756608
0
10482847
106436152
6053
0
0
8152823
63202835
0
4505155
4802
7922232
0
0
0
41118264
0
4940804
12453
0
3294
0
53762571
8430151
4179
5503942
4262209
11859892
0
50772792
18322682
16376587
5240
0
3994
0
9104940
4086858
4260
4675712
19829468
0
0
0
0
9660233
16099244
15952428
0
0
0
397114
0
0
0
25262765
0
0
0
6868
0
11750831
11404
82234532
14546795
69705065
0
5387776
0
0
20024826
7237
13304844
3524126
22906038
0
18360467
14365434
3351
5514
0
3295
11607559
0
0
10764086
3771859
36729231
19993356
18186
0
5564597
0
8021167
78731895
5945220
7476936
7748
0
24645769
0
14873312
0
835862
0
0
0
0
140823845
0
0
182586880
6123309
1428003
5978134
0
0
0
73378417
2487807
10290158
3692
12478559
31483916
0
0
0
6432600
10979623
0
61295741
4934360
9767
0
54251635
2423
52424222
5830213
8567
9657344
159365665
96969244
0
16405947
11040
0
0
7619117
9723345
0
9116
0
10217061
5612
11647225
0
6604669
0
0
13521
3940664
2529144
0
0
0
103210749
6081966
0
0
0
11700188
82681181
12510970
2727713
0
0
13002111
0
3809835
3754
15103378
0
4895
8579164
0
14065947
5640499
0
32734669
17481563
3121864
117748902
5398787
0
0
14096460
0
27772806
22543799
4609651
17013126
12987900
8249726
52472906
7287
0
0
0
4482239
282413
14303631
58180125
12551959
8053406
2921040
3400
3334357
11692195
7438
0
5211161
0
0
11058201
0
0
13373278
15755830
0
13696583
0
0
7024
0
0
46531599
1675701
6992275
31344946
0
37946253
25648675
0
5498
3353
9388078
0
8506493
3495
0
18685038
16890598
0
4184530
0
210656624
0
8222
5783
11144760
51616398
9193903
0
70060540
5244
0
0
5020
0
0
10194367
8077701
13792619
47945232
0
24697653
3883624
0
2926032
0
8456480
21123570
0
0
18601179
0
6772
25060542
54958507
3877
5477216
13307991
0
0
5153591
245649066
32544553
10186201
4390
2247467
2237326
17047627
1578383
0
0
5975
4421
0
26682605
93076749
0
2891
0
10800246
0
0
0
4668308
9731
5761591
0
29475789
3949295
0
4212864
13320
15136953
3995
0
46501921
11623188
0
21721018
0
46612900
5717
28989582
6522
0
0
0
16718424
11784648
2977835
29968327
0
0
0
0
15301410
8088530
0
2749
4103825
8465
0
0
5693143
0
0
152862218
8129
0
11881112
24626639
0
0
4356606
0
17781074
11431520
0
0
0
8647454
3684368
0
0
0
65950199
9199744
6029896
0
5119215
0
4412
2990
0
5633773
2333
3086
6579
7282268
0
86056737
24638907
22960563
8013832
54613922
5983154
57878614
12016234
0
0
3165
57671060
0
8455
17578
4704505
14902254
0
167302081
0
0
5915261
117342275
9787
0
6651858
88108390
5247702
11892
7328985
0
10083
0
262668000
78583795
4488385
0
0
0
13357973
231552649
12146685
0
5302
168232483
49566836
3790
0
13733
7044060
4693691
0
4286
3978414
0
3793
2679
50019743
5184
0
5073139
15748607
8129801
18709250
65117609
0
0
0
5005
0
0
0
70704520
2813
16060739
0
0
2197173
11378
6344
0
0
7829542
0
7831784
33413482
6537832
4324721
33411900
17526262
2521
4544779
0
0
31859806
80069937
5352896
2894591
7048
2417629
5425291
11151858
0
10161136
5384059
12886763
76981583
0
0
13931708
0
5246476
0
120522692
5136046
0
3043
0
9401310
0
3964390
3227
7947455
10342149
52190902
3468237
14117445
6355
5680
4309657
3091
0
2800
0
9619395
0
0
0
5386028
5741694
7178
0
74138696
9080871
7466
0
0
7690
0
0
0
80277173
2012887
0
0
0
9082988
6004
0
2645
4352357
0
0
0
3116
13953827
0
3678
5803683
0
14877909
0
64093046
9845103
3028
0
66988854
4805201
85441143
5183214
0
6877616
3928
11287942
2541
0
0
15849192
126919474
86154508
0
7442577
0
4557289
33091549
0
0
5954017
2607565
2335989
3809
11566744
2719275
0
14034841
118181941
7832845
18270786
14296778
0
17808370
5792
14712969
4201840
0
0
7991876
12340726
11646575
11406891
17570224
3718
11334978
0
61928075
36704609
0
7063
0
3751636
12997399
5069
4249031
0
0
0
9865347
8893
11362
55155568
0
12954564
2971
0
13536
0
0
0
7780
0
12134126
11552
0
12898634
0
0
4096952
0
1247774
0
37419441
8094347
9754
0
2108911
0
19388304
0
2508
0
0
0
0
0
11783885
5386
164403029
9264170
3090
12133536
930449
3516163
3904045
0
5583682
0
4951
0
5769377
5582
5463883
33012
0
0
0
2423959
6426484
0
71385402
0
3256
6031998
0
0
6798
235530555
12356
17541518
1617779
0
10477271
12172982
67004510
0
2313
0
19596
0
10403143
11817
26501146
0
0
0
1107462
10726907
0
7905246
0
4593868
0
3813
0
0
11141208
3407
0
7733749
101887026
12912275
0
0
9359218
0
5167536
20532914
7894315
22713398
0
4878
4092
5986
0
6964011
12019076
1774160
2808
0
10438522
0
0
4996466
42099941
2802214
0
5687013
0
19056289
75158471
5047
9994938
0
0
0
0
9852
0
0
5604961
7030951
16401950
20620745
5454
16420419
12601109
0
0
7121634
0
11262952
3728
0
8498
0
0
64651165
11505
9230122
7866
58465323
0
15705499
0
0
0
0
10824755
0
0
23673441
60027638
7656
0
0
4033020
0
0
0
0
8013358
0
0
0
4168
0
9571051
17150433
0
0
4179601
0
2860
19811004
5494397
5703169
25910447
4388044
10990
11495212
8265306
7517624
0
0
0
2459
4916
10092195
87352428
3957
67752948
83650679
12501166
0
0
15896174
0
4860013
5803175
218938841
0
6834174
8942
9017295
18138171
6835866
0
0
0
193432305
0
0
4281
0
4426
0
0
7964103
0
9861889
0
0
26232856
0
17294129
0
2594
75103739
12653688
5064871
0
6632
6289
4525366
12348590
5326
61941915
50049742
3797803
0
0
2127
118151952
7400
39819166
41826763
0
8285862
5948929
30932617
37203432
3935
0
16236589
19598981
0
5308
8291610
0
0
31395972
0
15209648
0
16047767
35815960
4634
2719
68633775
0
12026781
11267291
0
0
75117617
0
7955351
18742289
0
10000140
25899814
5511978
0
3412
3050
0
12756891
0
4017338
9502719
3218
58955099
0
0
0
3429
6291634
0
0
0
0
3505
4971
0
8514501
0
5064
11228618
0
0
13144112
0
5008
14084636
12220912
0
19257908
0
5145
26810157
0
40135741
11943924
0
0
0
10503672
12028579
0
165900547
12865117
0
7478567
0
5157006
0
0
15664
59421284
4710760
0
4456
3446330
7051443
3659
41162553
13331388
31469385
4632480
0
0
9861288
4524754
0
14866328
4138441
0
5217
12899038
10239371
14103720
248707551
143080428
21452581
5547690
6770
52470377
7967339
