0
225801
303768
0
311717
665216
572073
335687
214912
3182724
0
0
240890
108905
997387
0
247427
0
306623
403813
0
0
0
206034
0
0
337033
126517
0
397459
0
188448
387488
730028
0
266463
386512
261708
0
335830
391022
381412
4130018
0
277835
280370
265218
0
97579
484786
449252
191392
223631
501716
445390
0
249636
0
172274
0
0
0
0
7605347
0
425411
0
0
252000
357576
0
0
0
434073
0
0
0
0
279307
374690
0
326509
0
417787
0
297554
257988
0
0
249521
249285
197995
0
0
0
528180
315999
199933
0
439257
245447
0
151907
0
0
81001
0
319597
213687
253542
230711
0
0
360209
616181
0
471566
426773
0
0
124026
320786
218654
0
449435
0
0
0
0
266209
0
0
390182
237680
0
255660
0
294608
250537
334095
468380
263565
0
287047
0
9842317
516107
0
355582
453291
0
126185
0
325413
295656
3954746
284560
277551
172098
2079027
420060
277619
178692
0
204277
0
319975
0
438767
84607
313764
329760
339916
0
0
418828
336277
12231302
111286
4664427
560321
0
0
494686
348926
222886
0
1888076
0
331948
81087
0
504954
118658
434690
0
308080
547910
0
381250
173303
303406
292869
354350
1258874
258091
283609
0
0
0
304521
0
2741430
329841
0
378446
0
0
0
38904764
441627
0
450664
215362
150195
322275
0
262746
554894
144903
301091
181149
88458
293580
11173701
138270
0
0
687224
0
226492
0
0
0
4811561
282426
399708
144130
397014
264147
0
0
0
237753
412061
0
1231087
679828
298578
0
265800
0
329219
439366
385909
268255
232767
0
301574
0
325931
399425
412209
471061
136289
264404
260028
348752
705258
3969526
0
0
0
295662
288504
1446796
0
254898
0
362882
537533
328749
0
406950
665050
0
5802939
357427
470761
0
526920
270464
0
258787
312689
0
406606
467881
0
0
511050
0
266284
0
334146
314552
654353
0
269162
354039
224746
0
0
247006
2197735
258292
96699
0
389381
3224816
255598
597092
0
0
0
107155
0
297682
360862
0
254426
301756
232509
0
33310565
318870
288334
0
292923
0
3231547
0
524449
314855
366546
133206
0
0
0
0
1404570
556130
0
0
0
0
279449
0
0
0
0
0
314552
422736
409831
321441
0
238221
0
0
311194
0
781436
0
0
185740
430040
0
0
0
531852
183610
83266
106420
599154
238765
236616
140501
117557
0
408835
0
642812
0
399470
631349
529098
363072
321110
296534
364056
365776
0
0
364877
204939
230982
255471
292069
151656
119384
0
593635
0
0
238981
0
440934
0
370498
784198
0
290393
236551
247864
314893
366400
974305
375560
230256
0
0
0
758706
311524
227921
0
295863
275206
1456373
484664
0
330975
0
219931
520484
277740
0
0
3256952
125980
469598
246297
0
290975
412219
0
425215
240550
0
9152039
0
578609
0
216716
0
0
174217
0
0
0
494505
600760
418075
0
1817875
236792
326895
322394
2758887
348014
0
0
469847
471786
311837
479361
0
0
140320
306161
2123089
0
0
1565710
0
345570
365062
235077
0
0
0
386018
758723
0
0
125101
646036
376683
1416461
317833
112283
343857
0
330179
0
0
319928
451894
265065
0
337578
0
531791
268633
388828
974516
0
334489
421715
342380
295168
0
1212335
384728
0
607534
0
349628
501023
466099
221753
0
436477
340674
503876
206500
0
31343525
511712
323384
620982
0
238226
9149041
299829
0
202626
620526
0
0
448734
678673
0
0
0
0
695308
191920
290254
306073
0
322138
270834
213097
0
233073
0
244323
0
0
410805
342862
0
0
0
9853915
280869
396796
454879
794402
0
600512
371341
241715
0
704967
388561
3277410
308124
0
439240
266152
260505
224854
3209357
296869
330199
7615959
0
0
393865
0
499697
230461
457935
480413
215680
1299550
0
407967
511753
0
0
335543
0
439663
0
633795
186659
0
0
0
3319077
0
0
0
0
1474888
278288
0
0
0
377488
361263
730622
305759
0
243470
283589
391866
445771
957354
179783
0
2753415
0
0
280495
309458
785365
0
312442
366749
508052
253443
607965
448483
1549541
0
562924
0
412936
345127
238826
640890
409119
279624
281917
246056
0
539692
0
815979
422329
291052
395323
577126
0
242329
254924
0
5096732
0
265695
386252
0
394184
0
275165
90224
266612
417246
0
808767
0
0
331290
0
0
0
931018
0
0
0
362779
0
758990
0
462982
9145764
415467
213160
20338950
0
0
0
268669
293313
468184
0
637786
573159
759463
4607520
234682
0
96356598
622016
308315
0
264024
0
0
283022
725978
257237
465703
0
0
0
0
563663
348856
0
302977
315787
260067
0
297241
0
3177277
0
380806
251008
376161
1661073
661976
593043
326588
275432
4749567
0
0
264208
330759
323089
353465
364464
0
0
471378
203776
0
452842
400687
541386
0
0
427262
633319
304320
455700
0
392475
1297572
406454
0
257271
0
0
203800
0
259673
0
339045
0
817595
551882
0
0
0
336077
489151
414852
0
376419
0
430596
632403
12199324
349257
304081
347576
0
309638
1299313
88200
0
0
0
440236
0
227387
403528
439572
358026
493995
0
205871
363484
392214
401810
810103
0
0
0
212029
249643
318352
0
0
0
205039
1396634
519009
0
0
342890
313395
0
437627
284674
528493
389888
365442
390576
0
0
344113
188742
443129
207935
411710
0
0
166768
0
0
852076
304047
372151
0
0
254503
1317264
371750
4725286
697855
0
450104
0
0
224046
85549
312056
0
1488500
4820881
474260
0
347551
294991
739454
0
563858
473043
256913
0
709021
542279
0
25089587
382176
0
0
0
454423
8218697
0
481962
0
270951
6030028
457608
12251767
0
0
114010
0
483467
357109
3640020
341117
0
571457
357100
272161
250544
284991
0
0
358236
0
0
333138
500744
623036
0
0
0
339133
0
0
273756
0
0
393829
305571
0
283099
0
306868
277093
2767077
420842
0
345783
0
0
405133
390036
0
0
514224
474383
274315
0
5953242
478782
0
518856
192024
292318
972121
259676
0
0
444810
370037
