0
10137578
10434262
0
9653369
0
0
10783249
0
10524673
10803100
0
9563298
0
12487024
0
0
9846574
9967990
7539255
10795613
7227209
0
9317440
11460895
0
9615150
8308327
7883273
9209006
0
9532585
12253593
8528304
9916162
0
0
10378352
12356941
8547287
8589884
0
11874246
18189852
0
11025806
0
10086536
10618158
8678633
8053704
7405724
0
9000485
10044783
16221574
0
9241649
10087025
11815515
12510857
0
0
8689938
0
0
12302775
7111981
12880399
12731924
15311960
0
8986336
0
11322545
10119619
8393813
9888840
20048317
11062585
0
9749632
0
0
0
8884163
0
0
11031435
0
9087617
9889510
15983834
0
11934787
12368737
9270133
10383642
8807245
7827827
8144114
12629187
0
11741701
0
0
10728941
0
9102066
0
0
7728378
10920327
0
0
8862895
8968701
8915783
13159121
0
7366576
14084409
0
0
7441436
0
0
0
10760479
10905405
10219978
0
15634949
8965755
0
0
0
7209947
0
0
7794144
9230097
7838465
7304423
9970172
9079828
7826337
13154064
9339473
0
9096288
9090827
11311227
8069043
8311000
8076220
0
0
11684547
9243448
0
0
10440746
114753297
0
8311565
0
12317276
9044060
10390947
0
10468721
0
7059035
0
0
0
9042547
9815021
14870803
10317242
0
0
0
13197791
0
9568613
10965300
9539468
10433649
0
0
8337719
15293114
0
0
8905030
7926140
0
0
0
11281759
0
5736855
9847622
8314642
0
8470386
0
0
13747140
7815197
12067814
14410157
0
0
0
8778600
8866043
8159708
9719318
8252750
10844481
9250057
0
0
73866727
0
11150026
0
8262348
9432401
4684009
9325073
9531931
12410472
0
9133547
11465429
7334089
0
12590551
9365260
8144215
9641188
9934509
9194721
7859491
0
0
8526382
11647263
13966529
11708047
0
0
9209707
14313097
8117020
9747390
9927347
0
0
0
0
0
8615073
10709285
9949566
9318566
0
20108796
7882791
12527082
12614369
0
8922255
0
0
0
0
7354589
11142733
10150246
16575018
10648336
9433274
0
8779539
8678370
11071797
0
11177458
9697690
7772599
10863015
10351387
11243982
20662155
0
0
10060900
8584510
13605573
0
9259896
0
12169661
8727308
12791206
0
9519618
7413390
0
0
8339798
0
0
6685789
11119906
7780467
0
8463692
9326078
0
9988468
7456835
8766205
0
9497239
0
9599858
0
8363471
17604021
9278391
0
0
0
0
6829946
8369869
13913321
0
8332604
8422482
10831226
8223049
8877549
12182398
8896564
0
11744438
9493798
8666458
10962341
7674204
11331173
9295692
8126802
11454645
7861981
10032590
0
11305450
9737280
11505880
0
9657557
11834312
0
9106846
0
0
9197483
0
0
0
0
9088126
8047630
7990725
8194937
8538506
12248941
8170802
14549874
9146238
0
9295701
0
8625711
17678943
0
0
0
14890729
0
7057058
0
9434850
9052604
8605808
0
9272824
8684623
0
14343954
18272706
7965101
9374574
10414470
8590189
8081860
0
9139608
9177872
0
0
10231968
6780014
10342550
9789770
0
8901516
6801262
9323266
13724565
7990738
0
0
0
0
9307288
12483228
0
10789113
8469066
0
8378261
0
9824902
12119642
0
11622614
26413
8364300
6791048
0
9105474
6017307
10288550
0
9013169
10155112
6700556
8612807
0
0
9998544
9099405
0
15456820
0
12637406
16841856
13625151
9116894
0
0
0
8692487
8562206
0
9991410
14896329
8849040
7952636
11233705
10662588
0
0
0
9247412
0
9237042
0
9594740
0
9442842
10873143
8213890
6675006
10343224
0
14756875
10613205
0
8628640
9909448
0
16186579
0
8674718
7832008
7928317
8993883
0
0
0
10370516
0
0
9413238
11179185
10456258
7922870
13865904
9543387
8889873
10790178
19233250
15399476
0
8696897
10823942
0
0
0
11934907
9865880
9657725
0
0
8649503
8883300
10938010
10238823
10575883
15236
8109798
12773913
18204952
0
17655132
8642416
0
10164362
10625340
10590280
0
0
0
8635982
0
9592880
11915391
16509561
0
7774159
10594617
9500509
0
14724331
8530192
9558575
8461963
10967868
9265318
9229075
0
10703009
10011171
0
0
13686437
11134628
12034404
0
12252564
0
0
15521256
11950555
0
11217566
10147933
0
0
0
0
9960210
10199839
11275701
9743072
9014157
0
0
6799946
14338029
0
0
7902762
0
9602922
9432124
0
9494847
0
10426488
18513993
9736011
0
12302180
0
0
12177157
8034291
0
18479723
8255581
0
8588985
8775770
8499846
0
10640904
11583483
0
0
0
8016996
7738527
0
13807455
10625417
8279567
0
7806391
0
8694264
8998872
0
0
10224738
0
0
8352417
0
0
8779147
15225142
7709659
11883979
0
0
8772395
0
11220228
9418551
0
8580606
8492354
9220362
11873031
0
0
8383659
0
0
8453668
0
9474435
0
0
0
0
6707356
0
9619882
0
0
0
14161948
8727641
10037355
0
10190718
8038021
0
0
10284306
10852375
9117122
8409290
12529247
15250544
8945498
8519017
0
0
8147434
7927907
0
0
0
9139090
0
0
0
0
8997430
9337736
0
10369901
8610574
0
0
0
6616234
5640117
11202259
0
0
0
0
17211578
0
10597769
0
10648088
0
0
7284479
0
9130962
8669061
0
10753976
0
22032080
0
0
9184594
8262162
11945086
7306826
9176361
0
0
8867445
9174268
8726132
0
12188647
9971278
6330455
9226716
0
8346448
8678309
10235921
10069622
0
9562075
0
9597953
9861418
12125166
17235761
0
7810218
0
0
0
9280798
11839338
0
8776364
8809996
0
0
12251163
0
0
8805335
0
0
8555476
7429509
0
0
0
8135447
8466818
9570255
9108846
15345724
14298267
10048794
0
0
8029825
0
0
0
9482909
9929644
0
0
0
7536529
0
8690323
9915387
9954451
0
0
0
14192656
0
0
8725229
8001655
14122820
2299778
0
8344025
8046487
10939631
0
10203235
9787973
0
0
10162231
0
10102006
0
0
0
0
12642795
12066543
15986922
0
9425352
7654133
10574507
7705755
0
0
0
10409844
10280698
7691302
13498845
9235541
9033280
0
11427318
8101545
0
11775514
0
8575718
11326959
0
22731416
0
6677134
9176418
0
16310398
8605502
11158295
0
0
11174374
10905731
10429698
0
13785091
9314259
0
12250194
7417752
15920411
8559258
8740140
0
12156404
0
11582302
8000802
9968185
9911619
10609537
12276240
7474621
0
10321337
0
9511417
0
0
0
0
8171852
17368173
0
0
0
13542980
0
8933431
7762910
10679685
8796976
0
10972739
0
12169621
18148389
12282569
0
0
0
0
0
0
9873855
11448362
11131609
16247892
0
0
9630707
13908633
8969843
10573150
0
10178363
8948522
8871954
0
9388155
13273166
0
0
0
0
13836001
0
11725143
0
8024597
9286664
13364155
10110019
11205176
9446746
8064647
10481228
11451489
14823283
0
11970178
0
0
0
9608541
9197312
14552048
17372365
8951322
0
7809657
9351085
0
0
8879230
9427848
10630136
9336508
0
0
8635437
0
8651466
9727807
9042131
9906971
9696671
10927428
0
9359283
0
10711333
0
0
11389549
0
11682655
9431265
0
13395520
8892658
0
7691513
9470242
10866556
0
0
0
8601391
0
0
8749744
9546664
0
0
11364046
0
0
0
0
0
0
0
10375003
0
8210596
0
0
9230801
9124979
11445297
11614461
0
0
10505843
0
0
10903400
22735503
13640654
13168202
0
9285797
8707281
12822454
7381650
0
9232527
9292910
20265362
14257784
0
0
9040479
7990869
8225365
0
0
10875690
9278834
0
0
0
8228341
0
0
10094862
13545589
0
0
9828432
14422760
11216601
0
0
17100862
13411870
9532898
0
9895911
0
10108369
0
8072654
8234025
8742942
8317912
0
0
0
10950435
9229052
0
8622938
9198992
0
0
8176762
0
9459588
11326914
0
7722805
0
0
8776
0
0
0
0
9253611
9786195
0
6451923
9325297
12590906
8901839
0
7251017
0
0
0
10663091
9945438
0
8681117
0
0
15188482
14755018
0
12011958
0
0
8756008
9668441
0
0
9128108
15192067
0
9575937
15451048
0
0
0
0
9282292
8750982
11882866
0
0
9351187
9523739
0
11902755
0
0
0
11595278
10613623
0
11985539
0
9342985
0
11177038
10034517
18274754
7397
0
0
8885259
0
0
9630008
9958934
0
4600081
10608202
8410444
0
0
8591584
8679460
9803102
9713038
9594541
0
8551489
0
10324915
9124233
11965752
9259579
8245520
10852134
9038756
10579809
12239080
16348247
9560927
0
0
10002098
9174456
0
6696772
9457053
0
13823630
8113514
12374875
11425325
18635016
8287977
9052614
0
7185120
8031564
9510109
14402891
0
8470736
15896633
0
10462616
11627648
0
0
21955168
0
0
8598598
0
0
13082578
68460572
9825687
10571981
14026894
0
0
9779559
7947119
0
0
10035737
7911728
0
7551138
9373730
9383315
9426190
10844465
10363925
8021311
8847210
9656824
8550420
7463087
8764840
13802776
12694033
8468100
9344987
10702244
10977570
0
8666146
9953467
0
0
6690514
7643384
0
7025776
9087782
8809156
12028916
10965287
0
8232698
9006157
0
9323882
0
17339992
0
0
12796718
0
16801564
0
8549331
9386455
9545163
9679814
9402223
10967862
9957379
9106329
9788503
8219908
0
0
0
10644087
0
0
7776810
0
10100783
12946822
0
9873010
0
0
7549342
10334558
9884314
8737245
0
0
0
0
0
0
0
0
10156452
11097769
8492364
10546548
9618759
112461535
10762455
15135939
12250595
0
0
9997988
9153869
0
0
0
10194240
13700657
0
0
10686104
0
9550544
11300959
9206433
0
8099830
8895325
9280123
8082481
14249266
6527942
11406090
0
18542604
10473041
0
0
0
14902178
14317579
0
9813044
8622191
0
0
12565576
8868408
0
11836645
0
0
0
0
0
9709037
18250493
31127926
12259090
13181125
23006180
12359616
13009622
0
11485407
0
10514470
0
0
11632525
0
0
9739207
9060192
9456655
9853327
9419339
9730145
7472860
10492169
12510838
0
11970033
0
8265923
15598403
0
0
4555865
0
9261598
6839145
0
8612159
12679657
10977448
10794805
0
0
10178328
9177957
0
0
7053318
9985396
0
14279691
8203303
15421600
11056438
8458096
7862260
7644956
0
7724930
0
10485425
0
0
0
9096771
0
0
8827064
18481324
9806062
10830912
0
8588905
7631444
10156380
8189253
0
9257069
11764656
0
9760856
7591544
0
0
9210615
8594908
9859785
0
9294186
8866208
9297233
0
0
15303350
8893988
7345000
0
9507353
7777005
6677657
10795995
8572484
10631141
11252078
9945551
0
8691207
8788791
9336221
0
0
9864385
10352944
9200632
0
9374521
0
0
10056629
15834545
10233600
0
11052579
0
10237595
0
0
6876784
9094193
11792298
0
10751909
7997875
130278568
8050077
0
12742107
0
11288147
56829083
10256240
0
9357472
8563118
0
10067856
0
0
0
8632735
0
16501567
12555213
9068641
36399922
0
9850241
7935271
10641505
0
9178683
12578824
0
10359617
0
0
9279099
0
7395720
0
4260470
13893176
16188800
0
7559239
0
0
7575572
8662996
9883305
0
7611122
19555722
15750025
0
12364633
11155542
11583281
0
0
9820669
0
9453086
10206336
10061763
8414516
0
8887577
0
7763818
9359709
17904894
0
14233247
0
7060739
10841743
0
8912939
0
0
0
13182286
0
12599463
11910857
18001429
15473600
0
12289679
0
0
0
9296981
8228547
7093073
13708887
9253242
9149104
11486552
8363863
10150068
0
8822019
7882715
9704019
10970594
0
0
8729815
7282491
22137430
10489662
8260438
12597513
10253615
6975535
7857465
5316688
11631776
0
13750615
7577285
7000986
9602657
8921940
0
18278751
8733363
9177442
11173458
13881712
9126115
9480868
7983504
0
0
11008978
9144662
0
0
0
19657890
9065678
0
0
8328774
0
8133454
0
0
15627004
0
10587032
8928623
11671707
10602856
16187174
8149738
14781520
10993123
0
6814435
8487770
0
0
8550171
0
10209938
10353912
10644221
0
0
10159191
0
9263834
0
9841932
0
0
0
9067960
0
9013122
13297226
8687602
0
9447963
11497200
19255441
7445203
9064059
0
12056984
11943721
8057500
8389974
7890371
0
0
22769565
0
0
7933628
0
0
7995720
0
10072185
9256631
13279295
0
8727119
9855413
0
10727113
10100604
9163680
0
8104978
9680366
9533739
0
10374322
8134528
12348557
9203925
0
10402599
17450189
11046366
8532167
8174272
9227650
10258486
7854908
0
9274951
0
8825752
0
7816359
0
0
30131401
14630082
9726116
0
0
0
15526
0
0
49205956
13704810
10510136
0
0
9630052
9838244
12469920
0
0
0
74251943
15387305
0
9090565
12124744
13958663
8600221
8825023
10987144
11409091
11859668
0
0
13490790
0
0
8683314
0
7490245
9243520
8566117
9136123
0
11069524
0
0
9088555
0
10618567
0
7816870
13648674
0
7441442
10041498
0
9283246
8059076
0
12987550
7864319
10345577
7494763
29998479
0
16664631
8366200
9045718
0
0
0
10308077
8126932
8404514
0
12190029
9118679
9009345
9450359
8606017
7309249
10199835
0
11441760
9518101
8732274
0
0
8209503
11029004
0
9043019
9890662
0
10613355
0
10582170
9490091
7384920
0
0
11356396
10141258
16657147
23104194
10875919
11100858
8051186
8398750
19436449
8197087
10562692
7751963
0
0
8445887
5629723
12458656
11904900
9145635
10270825
10631469
0
12776987
10916796
9118864
8871329
10738277
13588164
8703373
8547522
9472873
9061235
0
0
0
11370270
0
11593498
0
30522669
11094586
11954086
0
0
0
0
9204934
35272590
0
0
0
9368912
0
0
7442507
0
10724651
0
9359418
12805989
0
0
0
7812923
9530033
10893141
12273785
8713893
11504552
10364463
9635767
0
0
8628675
0
7944191
0
11097108
10345037
10568495
8157009
10899942
10352315
8128894
7290780
0
9060548
9859666
0
10175173
0
10667944
9254229
0
7827635
8546451
0
34626807
11193614
11490211
9164030
0
14798557
10209301
0
6284941
9300834
0
0
8451436
0
10515687
0
9845049
9475759
9552007
9278946
13933131
0
7719959
8448057
0
9273546
9668381
8056869
0
10525462
10289082
0
8393596
9684128
17430798
14187566
0
0
0
0
6444269
7720611
7858245
0
9949934
9111295
10061571
0
12245967
12716591
9400102
8293593
12864716
8564985
0
0
0
0
8778032
0
9437750
0
1959091
10809019
0
0
0
0
9757834
7552373
0
0
9996548
0
22094124
4694682
10123469
7536753
7949502
9823584
13532999
0
0
0
0
0
8396035
9791783
9665218
9101777
0
17365412
11749890
0
10656336
0
8712904
7444377
0
7771414
0
12472153
0
12159616
9801682
9356673
0
8571105
0
7904485
0
0
9146292
0
0
10778553
12620086
9259776
0
15540921
10979857
0
10772921
10878024
18611191
20125812
12759387
0
14652642
0
0
18750118
16934052
8474263
8567904
0
0
0
9154689
8492157
10842281
12940088
0
3725726
11851673
0
9049279
8534761
11789451
0
10975100
0
0
0
0
8258828
0
11385419
0
10184488
0
10275831
7856180
8616300
0
0
0
0
8007560
9295478
12243639
0
13693059
11783900
8121678
11991097
13737380
20287375
13183460
8867683
8070550
0
14535750
12341319
10328430
8925390
9129372
0
0
9002620
0
12662470
9254283
38006119
9203680
0
9012488
11724134
10462571
9653727
0
7254275
4676746
9032895
12263981
9501733
10044295
7767551
0
0
8454716
15354789
10952997
9360213
8735948
10673585
0
10231787
10382189
10067586
0
0
0
0
0
16437001
9603448
0
10017301
0
0
7758030
0
10825421
0
0
7904468
12492384
11354062
0
10699250
0
9621002
5516944
0
0
8940336
8899147
9371621
0
0
0
8964036
9348979
8944511
10404193
9429667
0
0
0
9365459
9265054
52195499
6740851
0
9476234
0
0
11601130
9541879
0
0
15461959
10780530
7835099
12519178
8805980
0
0
11967173
8527149
8357487
0
0
8769943
0
7443911
10827332
10181747
10739373
8922125
11118229
0
11600996
11715747
7952569
7848612
8084804
10317291
0
0
0
0
0
0
0
10831579
0
7878329
10725423
0
0
10701799
7797384
0
0
0
10695147
9989078
0
0
8871382
16322230
8609595
15646601
8058494
0
0
9149727
0
0
8806072
11112290
11331669
10000512
14690597
12650248
0
13285663
9609529
7733224
9405626
9555303
19283911
15820683
10027862
8760578
1951003
10835786
7882572
10146509
9807840
8265666
0
0
0
12507335
0
0
9408194
0
9544151
0
8186648
8425139
8615681
11027135
9233198
9745395
7795462
12038857
17703302
16657152
9505273
14453297
8074789
0
8862937
0
7354064
9235931
11084870
10248433
0
9744044
11658670
10941403
8546545
0
9115011
0
0
0
14760759
0
9602544
9692090
10424150
62276393
7959264
0
0
0
9203237
0
0
11304131
8897517
9632218
6515121
0
10968581
8421841
0
0
8568955
12191479
8721070
12197842
11357981
10930225
9167336
12587213
21710807
0
0
0
13107947
0
9654695
8116141
10915213
8788146
9634301
7478247
0
0
0
8254784
12784728
8736271
9384622
9739506
0
13535894
8545418
0
0
0
0
0
9486957
0
9075064
8791142
11603101
12387132
11194012
0
9431131
0
0
0
8550228
0
7774315
94390486
10692381
0
0
7104896
18838844
16863245
9097694
11337048
14170381
8156546
0
0
9759734
8872539
0
9017374
12539131
7605208
10209298
11610687
11458842
8757450
11398473
15447258
0
0
10953890
11020813
0
9783659
9146761
9723798
9252764
11062119
0
0
11876618
10009083
7993966
16344153
0
10912636
0
8093650
8594604
11054578
10752407
8836772
8158412
9981713
9869671
11197360
0
8803539
8997778
19417934
9234454
11754050
11544246
10353175
11999687
0
8988411
7910472
10159674
8155007
0
10357111
8530162
7814646
10323869
0
0
0
0
14268627
17925863
0
12721357
8829734
0
8042016
13345726
10412339
0
9458573
7745715
6785638
14992613
60204596
7491068
9162875
8577964
12258005
10503121
0
9318835
0
0
9056496
0
9238054
7408524
7621269
8522055
8968034
8311914
0
0
12293401
0
9043841
6567435
7723844
0
8287807
0
10613964
0
17188301
15322690
0
15152592
0
0
13020300
11350778
8605431
12064277
16567156
11376484
0
8927806
0
8487075
11528676
8184871
10338765
9050578
7100148
11077265
8956615
11898881
11361600
10523092
0
0
9335409
10352294
10274124
0
0
0
9031121
8709829
10397237
0
0
0
7719628
8808955
0
0
9549955
10904795
0
9530849
7478440
0
13899516
0
13151031
12629459
0
7700263
0
13433089
0
0
0
17879525
0
9510922
11468394
0
0
0
9172439
10686709
0
11937644
0
0
13399588
8445391
11208337
9766875
0
0
9528135
9468463
0
8318546
8269464
14374525
10733686
9256501
0
7645535
8374140
0
0
0
10585747
0
16362232
9899612
12310150
9211178
8892072
0
9533258
0
11970645
0
11050750
10310108
10310310
0
0
0
0
0
0
11273694
0
0
10803330
12350720
8275653
9586408
0
8748029
12327244
9937787
10210052
8003164
0
11866460
8452080
0
9233071
0
0
8997694
0
0
19095884
0
9385132
0
10560433
10670832
12817683
11673036
9701013
0
9542255
9533542
0
8176316
8659649
8406569
0
18320616
11083753
0
0
11383509
8967410
0
0
13764237
0
14242391
0
8695404
11294806
9519206
8321789
0
13499454
18123349
18226085
11335171
0
0
8698133
8506642
10531074
8002913
0
10304480
8556680
0
11819105
0
9274955
0
7930485
0
8721680
0
9462213
0
0
13474403
8447910
8491283
0
0
7599349
9381461
0
0
7968831
9637287
10962011
11118155
0
8962021
7780267
9958653
10305010
0
8646467
0
0
9006764
9907356
0
9277639
11741826
0
0
0
10982590
11760415
10343837
0
0
9577772
92233720
8928743
10996814
0
11450858
0
11717854
7224865
11516544
0
0
0
7541187
8678339
8755479
9945551
9466662
13800281
0
9178450
9973789
0
13469999
10858394
11470521
9342976
16300168
0
9875757
9396145
0
0
9431942
7639561
0
9477396
7777257
0
0
8352603
10401575
11732116
10317079
10844455
5606465
0
7390070
13969779
0
12374434
9904992
10030033
18385135
0
12434340
8279818
0
9914160
0
0
0
0
0
12452725
0
0
10593770
9827596
15399835
8891208
10707395
8206097
0
10883077
9657976
7694812
9906787
11084390
0
11366742
9059071
0
12477583
0
9201093
0
14503701
10923776
13565631
11771172
9197638
0
0
0
9761709
11940500
0
10040012
8826794
10115541
18607653
10605021
8148388
0
0
0
10690330
8617640
0
10472687
0
0
11087642
8636282
0
0
10751339
0
0
8946632
6654926
0
0
9948420
12806599
8628654
9499415
0
8893455
0
10578294
0
9430988
0
9170953
0
0
10864592
0
0
11302489
11365901
0
8580087
0
7878299
39598817
11592512
9650608
0
0
9761154
9257292
5553602
7001566
8023393
8355136
7582061
9238553
10995630
14070255
0
0
9071078
0
0
12199640
4127019
10928378
0
9381036
9529340
0
9959175
114577367
0
10928596
9027213
8093937
0
0
9143189
7879015
7838425
8827297
0
0
60642702
0
9795226
7631686
10737644
7684315
0
0
9287677
0
12378903
0
0
0
0
10632340
8637067
11709076
8386350
7601420
0
10644214
0
8837430
0
7129147
8751759
11601696
11088890
12294019
5869622
11550440
0
0
8816592
11495863
16313117
0
0
0
7953301
7560527
9099805
0
0
8063628
0
14666
0
9027164
0
0
8540572
7804157
0
0
0
12044448
0
0
0
0
7966162
8373888
16975573
41586184
12655034
12884876
7695051
0
0
0
8942152
8763538
13875096
0
0
9513702
0
9543412
6828212
0
0
0
10818074
0
9532974
10473773
7098811
0
0
0
0
8838377
10848300
8002720
10309523
9500236
0
0
8874259
10113927
8043465
8675275
0
0
10636197
8162341
0
8132881
9244319
8953976
9192190
0
0
9463720
0
10976715
0
8369391
9770978
9139843
0
10585285
7811379
0
0
14393106
10880663
0
0
0
0
10302805
7143684
11294450
10139863
14548317
0
10029610
7949841
9532675
10826055
10738744
9492253
0
10229385
0
7896963
0
8101069
16020714
12425017
0
0
0
7811992
0
0
0
0
14829860
8977380
10928285
7799679
8743931
12647285
10275133
12376163
17430381
8016875
9465920
0
9796008
13168531
0
8725210
11471179
0
22799894
14133550
0
0
0
0
0
8409053
8429431
0
7176463
7717150
10052726
9633252
10710016
8603215
0
0
7869219
11157131
8572491
0
0
7793102
0
11865234
10792073
9796858
7759568
9763599
9992304
8155480
7768676
13436172
11094200
0
8811121
9340147
12396530
14109236
7588770
0
7184371
9803634
0
0
0
10257046
10780663
9814443
10796116
12494675
0
7526311
13553813
0
9448084
0
0
22215374
0
11510567
10387029
0
0
0
0
13068858
0
0
11737224
7509048
0
0
7816887
8900736
14779476
0
9662162
0
14956453
7468978
0
0
0
8085553
0
10627278
61827261
0
0
0
0
0
10326729
9573089
9207942
0
10255557
9225990
8711415
8044702
0
9843016
9684333
0
13809249
8783300
8663903
0
0
9871236
0
10596378
10016528
0
0
0
8719
6573047
9177186
11604642
9016007
9222606
12291006
12126134
6273217
8661873
0
8275061
8799121
7477504
8227320
13751480
11230898
9420326
0
0
10121150
0
9641071
9579545
0
13508699
0
0
8244648
0
9265532
13848143
8222492
10674217
0
0
9786015
8792591
9569982
11461988
0
0
10074326
0
0
0
8208217
0
0
0
0
12417779
9262539
8473850
0
9269196
8038860
9752855
10007784
9146275
9448190
0
0
8491416
0
8921138
7389400
0
7435773
14728161
0
0
8072553
7919380
9527646
5657389
9343714
0
9917080
10006448
8385609
8727908
9153038
0
10219186
0
7340769
0
0
9817103
0
0
9393662
7434769
6663208
10347560
0
0
8662593
0
0
11700001
11092928
0
7773944
8814539
9333439
9941637
9849100
11521036
12343829
0
15334644
9951442
8208775
19262689
11813435
9609241
10375467
10017484
0
8432410
0
0
0
8224348
9818638
9365611
18076058
0
0
14431052
0
0
0
11788247
9299323
0
8804308
0
0
8559988
7935102
9316058
0
8071176
0
9314715
9256129
0
0
0
9034939
0
12351139
0
11381581
0
0
0
10209729
11925063
9589212
0
0
8504437
10328361
11682231
10249579
10363068
10246226
0
0
7793613
8902211
0
8122785
8338659
9745586
10499076
0
14717200
13598421
8514130
9777335
7654105
0
7802076
8835396
0
9519153
7867162
31034850
10715718
11892871
16304938
30828700
27584228
0
8958809
0
68667859
9272380
14585845
0
8263561
16359744
14287312
0
0
0
7490048
7415828
8254688
8940790
13874351
8379955
10398096
9091003
10810549
9205095
8693482
12944971
11215796
9551087
8700799
0
0
87440191
9390902
0
12002492
8904652
10026211
8871805
9377022
11809452
0
0
9163063
0
0
0
8793691
0
8348726
9412950
10670932
11095206
8962943
9755591
0
12188683
8063851
18386049
8468254
0
0
0
0
0
0
0
10272525
8873307
9189218
9586138
11078527
8690554
8104353
50207203
7595136
0
0
0
8513615
8419539
9409600
18460868
0
10092803
0
0
10706403
15785562
9319452
10966620
9335665
12847938
0
8043401
0
0
7411834
0
9925216
0
11647867
11827548
0
7530171
0
7560654
12265859
9355933
0
11816266
0
9232301
0
0
0
0
9053773
0
9742575
8735137
9080577
9215029
9395958
9074595
0
0
8028934
7788693
0
9208867
0
0
9979328
90814506
10155601
13462372
7410125
23342205
9844708
0
12885837
0
0
12179410
0
8990023
0
7848692
10402100
10561948
9804823
8795110
0
19621202
8986747
10362608
11000838
11160429
0
0
12519054
7530286
16403152
8013321
9384322
0
13432966
11360143
8854477
9371063
11139859
9152047
9444814
7843700
0
14601995
11308676
10939448
11009461
11508550
9080483
8005962
0
10695978
11350092
0
8695995
12408260
8606720
0
9777517
0
0
8477138
0
0
0
15674620
9333781
10790862
11842873
9338406
14067425
8495758
18384932
0
9370210
12647211
0
8758953
10358471
0
0
9860513
8257280
0
0
13907110
0
0
7557680
0
9590036
8479863
0
10156286
0
0
8286751
10339212
10206740
0
8657368
9485888
8886986
8564367
0
10227950
0
8559499
0
12795153
0
0
0
0
16416091
7416399
0
9237785
10769891
0
0
0
0
0
0
8206141
12370264
10530170
7893754
8204314
8425297
0
9962166
10365317
0
9264076
6711111
15531138
0
12030118
0
9212425
0
11714993
0
0
0
0
0
8775282
9448839
0
0
0
0
9147317
9260735
0
9236736
0
0
8503704
16244133
18152296
11036093
0
9374884
0
8978120
12541296
0
0
9624139
0
0
9767720
0
9702572
8977809
10186952
0
0
0
11058006
12589685
23347945
5602669
12012542
14408164
0
10774785
0
0
9570512
0
7117744
0
9083808
14204060
19216141
0
9431467
12153335
9177681
8806738
9632429
0
9949213
0
11263435
12229162
9622834
8400812
0
0
8863587
8570002
8350332
0
0
10568865
0
9385152
11752027
0
0
10454328
10177706
0
0
7553516
8534160
8358739
11219613
30139293
12198592
10575725
18084480
9086017
0
0
0
0
8354609
9808096
19243923
7351087
9267317
0
0
0
14112237
0
0
11965731
9028926
9441546
10543312
11682301
9556980
0
11483200
7493256
9428403
12589496
9119604
0
8633354
9622428
14535173
0
0
0
0
0
0
9223407
9297519
9263670
9361626
0
9538578
11056721
0
10339162
8305305
0
8500492
11506763
8693117
16198358
7641867
0
6771240
9013223
10668049
0
0
9102475
9271144
8209638
9243967
14805970
9331892
18932838
8799681
0
7634172
0
0
7257380
0
13592954
7579431
10874039
0
0
13268489
0
0
0
8847963
0
0
9249650
9817103
10907507
11302768
12578197
0
0
8759824
10051122
10200459
9149384
0
9105416
12033468
0
0
0
0
0
0
0
8546135
0
0
10679654
10684507
0
8731217
8142501
0
8659016
0
11251429
7716168
8417086
9303947
13726038
0
0
18873876
8626932
13026879
9110697
0
10458279
9866338
0
10210366
9198994
10294472
0
8507161
0
0
11917741
9455896
9110466
8740654
9889732
9979256
0
0
0
8297494
9369061
9592197
10194582
0
7794700
0
38939943
9238415
11790711
0
0
8800468
0
10319236
10959616
11663151
0
11305484
12713009
8469297
10484306
7854662
0
0
0
0
0
9199001
0
9465868
8979650
10014480
8486807
6806767
14068552
0
9359067
8591373
8231443
10744577
0
0
0
0
10372483
9000561
8521552
10487755
9321719
0
0
8712080
0
0
9331739
0
8438198
9163917
0
9743266
9317217
9179902
0
0
9577020
14295180
0
0
0
0
0
18717902
9408840
9902083
8574585
9179575
0
8999345
11761376
8346875
13807609
0
0
12475099
10985074
9416749
8528292
0
10938169
9883668
10517572
9190299
10810902
0
9896756
18274142
10704952
9630671
11733813
0
0
0
0
10434887
6946104
9248627
0
0
0
0
6914728
8070719
0
10376225
9933926
0
8917150
0
0
8180357
0
9674253
0
0
9978652
9055597
7926543
7440893
0
7914650
6633953
8490726
9050595
7484604
8025395
8875082
8259628
9062476
0
10566763
0
8555794
0
12540912
8500233
0
0
9173508
10073173
9542551
11860122
9064909
12220820
0
0
8132088
8484863
9689055
17481836
8495814
8591769
7633254
13377891
8575494
7732867
0
10887214
10258689
10806982
16399914
9237992
9701114
0
9185296
12009944
0
8508576
8172634
9754130
0
0
8103729
0
12768791
16308903
16373112
10951541
0
7834357
9709828
68586148
9256215
9459069
0
9907296
14825377
8466705
9262378
10383160
0
8833384
0
10708876
0
0
12443618
9622397
10181088
9693636
8942225
12123010
9252587
0
8868182
0
34564569
18569071
9723542
9805198
8567745
8577146
9472238
0
9942018
0
0
11117486
10238314
8431596
0
8763472
0
15249166
0
0
8079953
9871503
0
12657751
0
11141477
9331778
0
0
7775315
10087808
0
11673897
7941058
0
11813015
9397653
9201750
8559986
8711258
0
15016808
0
11566124
0
0
0
9577992
0
8636324
10406728
0
9200615
0
0
0
18565311
10284380
9367067
0
8313276
12728633
10018983
0
10444804
9296590
0
14655157
8907893
0
9794353
0
19982886
8754559
9041800
8521038
9993297
10335053
15570133
19487547
10799081
0
8021874
11928922
8939710
0
10639197
11584527
0
0
6427247
10250116
8278603
8540408
9296129
9295666
12515598
0
8496144
12407268
0
7948417
13962388
0
8260933
10216992
11851422
0
0
0
0
0
16219810
8321580
7138685
0
126350829
0
10097786
11758969
11255759
0
0
8804431
8557653
0
9291229
0
0
0
16182817
7297150
7632671
0
8292711
11618524
10778
0
9368769
8527661
7481117
0
12009336
0
9725522
8810082
19176850
7414443
0
10391095
11468054
8252386
0
14438568
14235151
14025679
9243898
0
13400884
10191247
9273722
0
0
9432898
17998426
11088836
0
11620728
0
0
8533194
0
0
0
12212255
0
0
0
0
0
12054277
10879366
9313078
0
0
13336527
9620751
13653688
8172910
12117724
8106687
10275973
9599187
0
0
13542332
7742420
9359257
9741032
8017722
12588329
0
11298321
0
10255193
8594575
8098484
10051347
0
0
11084826
0
9526826
0
11405711
11620401
0
12926619
12191131
9563950
0
9217005
0
11208013
0
0
0
7970776
8281477
0
18517818
9939753
0
9117594
16427986
0
8215055
9165407
8003628
0
0
8286499
8695804
14577737
0
18265724
14181968
0
7683821
0
9449838
0
0
9730376
10353916
9341186
7698290
9806041
10100942
0
0
0
9150357
0
0
0
0
10977148
11686406
0
8982821
8198733
0
7946454
0
10457557
12839104
9551595
0
0
7930393
8785822
14090630
9279122
0
11452922
8858869
0
0
0
11058958
12444156
9132207
8619408
0
9387203
7764221
9950161
11048240
8075544
6760366
10995606
0
0
0
7498628
8625242
9206024
9733642
8970990
8466079
9987812
0
0
9361665
9817733
10641878
0
0
0
10041201
13263731
0
0
11343344
0
0
14417
11666427
9233475
8684860
7090354
8434630
0
8259954
7326936
8907374
7889948
0
10350063
5007547
10456459
8227734
9021422
0
10748625
8699709
10058197
8038838
8362863
9178997
9493691
0
0
0
0
7273138
0
8991974
9070258
0
10394031
0
12992596
10014710
8556875
14403123
0
9626717
12698657
9572086
0
0
14408143
0
8023509
9059944
10201991
0
11523491
12067806
11114678
11091803
10530388
0
11874110
9948253
10090526
10904588
0
9602712
9272133
11305252
10119061
9854542
7486140
0
10983991
10010978
0
0
0
7828908
0
0
0
9029666
16172945
0
18015089
0
8719610
0
8214085
0
8570782
11295098
23333456
11687320
10266670
8371587
13948689
0
11395086
0
7704606
0
11703311
0
9263747
0
0
9128917
6887200
14187465
9061085
9427068
7948528
0
0
6895342
11718775
9357204
9083618
7254420
11346540
0
0
9403305
0
12020363
0
0
0
11432645
7985414
0
0
0
10668336
8997842
0
11000721
8529545
6445234
5090636
9624737
13855496
9224812
10227219
11522412
0
0
0
13748325
10090376
8438187
8977009
0
0
6829001
11081282
7577472
0
7401944
0
9141922
0
0
10747569
11709081
0
0
0
0
10556128
9919656
16312703
0
0
9790205
0
11071468
8100306
0
9168456
0
8646500
8720332
19322427
9458838
9302311
12530623
0
9435883
0
16187100
0
23118552
0
0
18226329
0
0
0
10950976
0
22849118
8691496
0
11677793
0
0
8870708
7187689
11058618
8764901
0
0
9826361
9566048
9071061
7901885
7724058
0
0
8727881
0
0
0
0
10727033
11048106
11739124
8229718
0
0
8997757
9196517
8971291
11436262
11450539
9716936
9595646
10222761
13489665
10180592
12292585
13129481
0
4792788
8640989
0
8041947
0
9319117
0
6990112
0
0
8508512
8056651
8423390
8326850
0
0
8714997
0
7573849
10895837
12235721
0
0
0
0
7794189
9512559
0
7573779
10319345
14170120
8567781
9353284
0
10048357
0
9085298
0
0
8017235
11466353
12108640
10028321
0
0
0
8298657
6919193
9326466
8760058
8416483
0
0
8415979
10602854
13748914
9258352
6744486
0
13562377
14998016
10127247
9707117
9274746
0
9668692
0
10896433
9078085
10574536
0
9119258
0
7505447
15546471
0
0
8670973
10727270
0
10583633
0
0
0
10861949
0
0
0
11623163
37173680
0
16270201
12456164
12423282
9046219
9726331
0
0
10045073
0
4144917
10879656
0
0
9436997
7926436
12825234
0
9800293
0
0
10623429
14594212
7817123
0
0
21693359
10408086
0
0
0
0
8972202
14655518
12623942
0
0
9098215
0
9158090
8594855
0
11768069
0
0
9422530
0
8326970
0
9833346
9313983
0
0
0
14145151
0
0
9173097
10825084
0
9438207
0
10327803
0
0
11164591
0
9089775
7898722
13328831
5754408
19923173
7810412
9384320
0
0
8838152
9280140
9672022
9368874
0
13206423
0
8618679
7832526
8944226
10361129
0
9346163
6698881
7780148
12563767
21360658
8561282
10215989
0
22941539
0
8791592
8571429
10903674
8931151
15534332
9775648
0
9631368
0
7730546
0
12810158
0
8394732
0
8992180
9946413
0
11912296
0
0
0
14315807
9455906
0
7852842
14129482
11184191
8802361
11484387
8936394
15687351
9105700
8187310
10133612
10857678
9533880
43206540
8210795
0
0
15884326
8465399
0
15451847
8547730
8918415
11320211
0
18235019
7695575
9630590
7379116
11737269
10804923
15187109
10624951
6551849
13249975
7892060
0
9837003
0
0
9187356
9676107
0
0
12027303
10357133
9425884
25333
11224432
16173478
10130716
14173077
0
9505531
11384344
9491637
0
8995959
9260667
12084029
18330678
11573563
0
0
0
8271771
0
0
11001213
9233459
11922526
9520540
10447746
0
8788796
7447208
8288155
9791836
0
10351418
0
0
0
0
11125262
0
9132745
0
8473589
11060829
0
14594704
8860522
9651480
9182163
9894728
0
9099933
9365377
0
10214853
0
10209634
10177558
13008074
19866537
0
12683748
0
13529963
0
5944706
12169933
0
10193298
10593217
7764198
0
12541252
0
8354375
0
0
0
0
0
10272320
0
0
0
0
0
11429710
0
0
10275910
8585260
15900234
0
0
9710573
9145377
8784183
9120045
7713961
9167562
0
0
8446658
10980404
12749532
12815861
9773012
0
8762900
0
9707947
0
0
4027026
0
0
9204606
0
11817648
12115878
0
0
8367751
18753306
7606889
0
9036821
12563199
9305892
8821118
9439873
0
13056924
0
0
0
9936131
0
8265402
11687962
8474036
10025727
0
0
7918592
60285922
0
0
13847047
11025125
11267351
9666879
8989176
10948653
15431736
9292871
9277661
8525183
9185219
8936273
7895689
0
0
0
9004796
10780249
0
0
11900238
0
0
15351228
9956515
9357149
10782405
0
0
0
0
0
8535787
15826532
9149782
0
0
0
0
11917449
0
9009931
8793619
8818484
10597178
18930774
0
8299509
0
8952755
8416084
0
7803020
112768110
12457870
7218936
11154795
13957848
18633486
0
0
0
9536388
15305647
11036850
11758071
7980717
0
0
9144401
9494803
0
9384007
0
11758001
9224705
10569498
0
0
0
11312310
10377171
10306856
0
7887482
0
0
7891487
10333271
0
19279445
8674070
11643262
9209946
12339221
22031021
10397849
8586049
0
7810387
13513628
0
11788762
0
9114523
11900040
8393898
0
0
0
9299262
6732445
8159655
0
15725839
11997172
7536571
11092175
8929842
0
0
0
12391389
10318580
10887711
9740060
0
0
0
18556595
9100383
9670774
0
6627017
8039102
13624644
0
0
7584199
9256566
0
14029671
0
10154984
9242288
10586698
0
9176020
6979933
8115935
0
0
10800015
8142450
0
7798540
0
8194832
0
8602763
0
9296873
11553251
8317852
10063138
12414040
11811001
0
0
0
9802632
12252518
0
13764650
0
0
12377084
7447954
0
0
9655011
8301399
0
0
7941328
12632366
10293867
0
15598333
0
7266194
0
10848942
0
12387070
0
0
10917828
0
0
0
0
9496959
10968773
0
13451288
9936771
8546076
11139476
7871068
19266185
0
0
0
0
10059154
18079195
9035339
10722539
8120002
9322646
11516752
6885541
0
0
0
6642493
0
12888748
0
12497165
0
10731157
0
0
0
9330659
10497936
7256931
0
0
0
12400137
11972873
10601689
12545715
0
6778451
9396342
0
9103728
0
0
10659302
8055095
0
8064907
0
0
12877877
8362811
12442800
12702237
12810852
0
0
0
14872773
0
7478276
8509352
7581006
7725444
0
0
8809673
8897283
10753369
0
14213707
0
7022661
7301806
0
0
0
8510751
0
11573840
12368130
9113805
9911712
0
0
10950227
14344695
8611861
11665159
0
11491086
0
15786170
16094594
0
0
14528623
30126085
10030888
0
8350527
8556215
9542992
0
9641481
14233792
0
10872979
0
0
0
8490292
7722751
0
0
8835850
10440244
13988338
7223252
0
10131509
0
13129975
0
0
12796750
9169219
0
0
0
9650242
6833101
10464975
0
0
7296847
12343258
13520282
0
0
10097845
13130701
8892147
8549580
18107916
9443274
9401358
0
11202417
5818807
11902736
0
8496554
10292906
7823601
9682143
12700848
0
9911156
12244443
14926316
0
0
0
10832847
8968799
12664
10708929
9903086
0
15742
15944249
98090690
9277316
7869974
17078146
0
8661088
9498187
8755933
13289764
8674705
9181350
10035335
7785017
9315192
0
0
0
17047435
0
0
9718215
11675894
9255870
9731451
14946050
9064461
10835691
10093001
9435090
8988653
0
9697305
11047730
0
10683037
15226878
0
0
10277318
9721336
0
10716757
13723070
0
9565046
0
16740988
9191917
0
9459681
0
10649808
11404841
0
9523191
0
11784437
0
0
0
12445841
8683486
9309418
8660034
8912102
0
10419456
0
0
11648734
0
9783581
11177786
10973149
0
10551641
8977333
79679712
0
0
27679113
7734499
8921779
11836139
0
7912875
7809731
13935911
11592417
9410408
14686613
12500766
10156724
12812837
0
7636825
15855088
7894103
7817969
0
8651741
7894431
7508083
15675688
0
10312247
7964971
8805172
0
7940596
14848277
0
9289731
7606343
0
0
9485729
10672770
9769832
0
14109876
9543692
9685604
0
9184997
9402134
9408107
11981976
8226667
10319888
9239767
20953607
15436884
7468903
0
0
0
10830765
0
9976276
10668413
0
8477103
12362814
8799808
9452754
0
9183389
0
7632953
14665248
0
6798194
11640082
16036725
8141685
15998883
0
8483534
9333104
10767605
10552534
8312453
10302856
7989715
8359742
16169791
13822706
10827418
9740713
13144689
9209039
0
9936958
10021150
10245571
9919090
9265088
9685013
9540476
7905817
0
0
10165147
10978373
0
9803703
7890236
12920880
8651034
9313107
10539369
0
0
10408221
10049549
8131216
7371327
12257274
9021882
0
12375820
7566949
0
8470697
0
0
0
8252683
9251508
12498136
0
10606293
0
0
10710870
10231295
6728449
27677353
7771602
8473069
17952492
12272669
11088318
9496068
0
0
12326474
0
0
0
10048073
0
9143689
12964896
10540166
135593971
0
8618298
11582872
12422676
9032185
8917870
0
30180081
12686829
64823094
0
10025043
9148183
0
0
12961920
7538872
7912284
0
9127688
9304153
10409612
0
8803847
14926898
0
0
15482677
11363170
8773561
0
0
8935127
0
0
12383053
15730378
10446207
9587405
14089155
9189308
8632458
0
0
0
10794187
0
8680768
18578558
12525268
8736071
9831626
0
15520662
7428109
7017852
0
0
0
7884647
7700031
10381497
8819997
0
14397795
0
22008372
0
11692440
0
9091014
0
9245160
0
8915670
0
8978101
0
10584305
8944581
7725259
5816237
11074891
11491188
8919251
12149709
9488889
9150253
10987175
11916195
0
0
0
11477375
0
14492844
8320917
9578741
0
0
7877258
0
0
0
7063584
9455753
0
6354512
0
20919335
0
8932343
8501061
0
0
11208361
0
7843065
0
0
0
0
10722310
11941113
0
12743239
0
9083765
7743130
0
0
10043372
8139744
9640376
9186635
0
8460687
7802032
0
7111719
11261474
0
8926653
11087005
12759528
17599040
8217189
15391167
6784135
9069309
6268232
0
13307583
0
8721011
10886536
0
0
10850031
9355973
0
0
0
10863338
10039117
0
12047595
0
10282008
9067622
0
9216965
0
0
8945683
10863912
11668192
12707200
10267866
12323091
9047249
13477905
7814348
9477626
8482374
9865672
10369323
17409074
10103048
8306908
9922013
8919448
0
0
0
0
8071800
0
9743500
10097761
8241687
18421670
9580992
0
0
9952806
7441644
17973849
0
8170200
18295826
0
9258504
8481466
0
9378742
11272831
10822766
0
8270449
0
0
0
9148746
6842189
10426657
14646104
8675824
0
0
0
12748356
8590431
9684827
11593412
0
10719170
8133556
11161356
10466327
0
0
0
0
7547781
9632265
0
10501497
11270046
0
8921222
8622926
0
8669519
0
9419669
8545321
0
9205101
9941596
13917499
0
10724938
0
0
9131774
10330112
0
9467937
0
10809971
12128274
7504463
13308120
7428644
0
0
0
0
10152619
0
29703
8703171
0
12471374
9855405
0
0
0
0
9302573
13768850
9463503
0
8333961
0
0
0
10122506
0
12958633
16505719
12823404
9250139
8555845
0
8883871
0
11155803
8992260
9383367
0
0
8833270
8876021
9084642
0
10947321
0
0
0
0
7472269
0
10628413
12998135
0
7153345
10067594
8818032
9634465
8934739
8645097
0
8820116
0
10118334
8063517
0
8878077
9895765
1985885
0
0
0
13830846
9424727
9229521
7786220
16249497
0
0
8628711
14495672
0
0
11889248
11839426
0
0
7976748
16449989
0
0
10420014
7743768
0
0
0
0
10050786
10030854
11438458
0
0
0
9960444
16404949
4899104
9773618
9341917
0
0
12627739
0
9281262
0
8084020
0
0
7683264
0
0
10453522
13012496
6486289
7748953
9264211
10138317
12690307
9207561
0
11235569
7401749
10119775
9244560
11244627
9599605
0
0
9118959
8875947
11034788
0
7801424
7182623
0
11534667
9753141
0
0
9322208
9960220
7485242
0
8726290
0
0
12152082
11339945
9184449
0
0
10592615
0
0
0
0
15474630
8876888
8252665
7671527
4132747
8405329
0
0
8126899
6960054
0
9236048
11526931
10728881
0
13708096
0
10538882
0
90553822
14042993
9633680
10131666
0
11894046
8189102
8832823
0
8048118
10203902
0
10539252
9122347
12662872
14300376
5905764
0
0
0
8328549
13808494
9298680
0
10890164
11632392
10313097
11088680
8246600
9110509
8482220
12023265
0
8927462
8232416
7845110
9404153
0
0
11144662
10230073
11918459
0
9499491
0
10162030
13076430
0
9214980
0
9225897
5719835
10884069
11756397
0
0
0
9612626
9178597
9061182
0
9261880
0
0
0
0
30877405
0
9890417
10881404
9288823
0
9714792
9720761
8728877
8522580
0
14730122
8395309
9302647
15826992
0
11247312
0
8727158
9724937
0
0
0
0
0
0
13578273
0
8609021
0
8976235
10558673
10449325
0
11117680
10134379
0
10560130
0
0
9271897
0
9809859
10885290
15108367
9310881
8156824
8141186
10997257
0
0
7444467
9317528
9819048
9379880
0
9582177
10057165
0
12966204
8621076
9290784
9142442
9966789
0
10077209
12091348
0
0
8408589
0
0
0
0
9250576
8828046
0
10320178
8000076
14100003
0
9101175
12399959
0
8558153
0
12998535
12642118
8766135
0
13655021
7828492
10589145
0
0
8490660
22002027
10351142
0
9176395
7396364
0
0
9517294
16030942
5493071
15453647
11800177
19096614
0
12062945
8497629
9811494
0
0
0
0
0
11216866
14195746
11677856
0
0
10125130
8794180
0
8578013
9057958
0
9476769
10877983
9705803
11549419
11257362
0
9869820
0
9414069
7572980
0
22663188
15379774
9100974
0
8924285
9482955
12989292
8802134
0
9988262
8831831
14797384
11042480
8530311
12726086
0
0
9743463
8771272
0
8974730
0
0
0
0
9134538
0
9098764
0
0
9806611
9331715
9587300
6723607
8330996
0
18458
7670002
8482144
9618704
0
0
8944008
9610907
0
8264715
0
0
0
0
0
14833607
14039205
0
0
9921177
11418335
9370010
12748940
11808501
0
0
7901100
0
0
9550064
9671639
10507994
9350236
10487502
10313509
0
9234170
0
11819310
9006752
9279013
0
0
0
0
7480140
10923915
13925025
0
8786058
0
18058980
8098876
12747461
18044571
10095511
14065022
9739066
9832345
38570235
10209542
0
10086157
9372422
9183112
7812580
0
0
0
2093990
10116737
8615205
7250194
8768001
10511095
0
10062367
6357852
0
8183928
0
0
0
0
7075770
11138688
0
12838770
10721295
8563720
0
8198406
0
8564552
0
9434393
9408270
0
13883105
0
9239167
11697123
9080980
9348479
9925561
12828075
8337952
12409226
0
0
11780804
8194789
0
9438425
9626211
13384810
9364174
0
11498414
0
12110067
0
7312025
0
0
0
11122248
8246976
0
0
0
11603301
0
8414649
0
9666629
0
9034171
12490535
0
0
7349501
0
9590549
7655233
0
0
12677227
10081067
15275442
0
8912673
9999683
8866735
10017065
10326363
7798028
10131087
8607864
9205234
11374196
0
0
17300088
10111320
9651048
0
0
16312016
9215807
10376881
0
10893830
15290835
9035949
9778730
11797990
10949344
15872548
7189165
0
10075494
11554761
0
0
7710687
10408892
0
11324743
7938554
6701151
0
10629900
0
0
13036131
7276739
10321792
11957903
0
10204128
9837423
0
14198295
0
9093609
11213856
8484321
9350575
0
0
0
0
0
11089350
0
13676416
9111694
7869450
0
10267653
9663186
9570537
7876631
11744451
0
11602735
8642832
14764561
11474582
0
7833110
12297839
18571328
0
0
0
0
0
0
0
7482397
10675790
11409877
9945171
0
9391982
10666754
7238343
0
0
9022067
12288616
0
12189878
8922014
10887559
7763150
8576328
14403594
10999383
0
14191625
0
9236945
9207664
0
0
11633167
11098208
13197494
0
12481325
0
0
8075679
0
0
9202887
12861806
8399515
12166436
11397724
0
11662998
13635360
5489329
9207416
11023061
9916171
9061040
0
9563459
0
9624560
9051509
0
7986697
0
8930518
0
0
7929838
9073198
0
9487852
20482088
17433780
10853366
10721176
7956100
9155219
0
9639542
9723458
0
16273913
0
8626374
8845732
8361905
0
0
9275482
0
13364637
0
9640813
11078385
0
9267238
8940845
12261923
11521095
10901372
11891515
8815608
13568490
8474708
6235782
10153417
11957041
0
9246292
8819957
10861626
0
10512041
8640128
10996138
9911685
7602333
0
10322993
9190058
10042673
11724269
12147854
12163061
8745579
8264865
10171167
15205069
7706705
15314663
8494771
11255224
0
0
10176045
0
0
0
16843949
0
0
8574534
0
8625132
0
9210523
0
8733843
0
0
0
0
0
9377990
10821273
56497371
9884673
0
9322837
7474725
7879641
11235908
18304510
0
8941339
8608721
0
9416073
8681472
0
10568387
11796652
0
10489927
12553040
14417111
10324506
0
8513791
0
0
0
8511281
7534702
0
10220726
9222989
10931588
4079626
11443770
0
0
12059966
8025558
10697660
8487968
12121367
9605869
7465746
9214282
0
0
5350301
0
7182015
0
0
8876915
0
0
0
11606919
9268324
0
0
10315773
8579108
0
0
0
10000549
9417597
0
8405591
0
7172304
13227045
0
16888115
11450380
9806531
0
9304773
7883468
9721111
0
13553730
20071427
0
8629260
8548854
10948277
10557624
9234243
7389871
8238745
12619829
0
10278407
15309054
10380396
9520487
6674994
12745078
9778563
7763310
0
11755663
0
20598838
8364569
0
10998599
9725379
9827011
0
8512199
12735726
8012832
0
0
9411477
11143808
12644478
16398836
9224527
8825711
8629665
8365699
0
8877276
0
16810772
9240298
9306632
9525922
9908386
0
0
8193313
0
0
0
0
0
0
13538979
20566051
0
17862531
14480368
0
17151742
8164312
0
0
0
9394717
18187585
10185769
10063073
10780316
9465483
9616302
11445848
0
9481368
0
16516319
0
17628579
0
4577216
9364234
7396317
9783058
9070599
23044597
11817496
10312829
10409915
9459058
0
9269910
10649936
0
6575023
0
0
8575418
0
8827289
0
0
9375875
0
11989500
8975520
12313838
9872282
0
0
0
0
8451018
5250431
14643208
0
19504680
7893407
0
8820301
0
9481637
0
10107829
11912613
0
0
0
8592602
0
0
0
9160526
9504293
0
9446253
0
0
22305895
12643166
0
17918494
0
12628426
8450053
9779974
0
0
0
8380904
12929513
0
14490257
9409721
8341452
0
13119796
7247327
11357126
0
8906664
0
9241902
8687111
12148836
9409238
9189551
0
12484118
0
0
15865764
0
10691272
0
9165879
11867711
0
0
14402497
11901588
0
9372213
8083368
11231612
7951047
8365252
7554071
10572141
10208301
10975245
9947644
9061017
9481134
9274795
0
8251023
10133094
11655789
17058194
0
14049138
0
9247329
0
8995362
8555178
9059121
7493417
63442955
4501504
8529371
0
8184710
11425269
9062446
0
8876294
0
10520222
0
12130624
0
0
17377395
8852463
0
9572078
10515007
10524994
13094740
0
9156844
8552247
13489850
10101370
9928881
9900636
10753715
9702778
0
0
0
0
10382933
0
8930973
0
0
12936059
7636202
9071095
9207797
11614564
0
12070593
27684663
9363560
8073012
0
9564082
9165640
15574070
9189927
7526706
11923996
0
0
13434595
16082146
0
7994491
18467041
0
9127967
15925749
11709534
8584947
9436547
11068311
0
10410542
7792465
8645541
9034106
11537461
10273219
0
0
0
9008031
0
8180443
0
0
0
11846527
9529436
10697776
0
8573567
0
0
8784450
0
8684598
9099880
0
0
9113380
10709162
0
9909338
12112371
8592339
8006247
15831169
0
0
9248983
8589847
23250272
10957931
0
0
0
9210592
0
0
10277654
9087725
6822314
7242051
11975461
12137902
8811924
16435394
0
12335619
7364331
8695567
9460732
11834216
14137542
0
11735674
0
0
0
15404671
9558451
11337420
10636247
0
9210480
11508814
9655833
7978669
7778661
9409933
12933845
11407974
4131559
9348632
13308808
0
0
0
0
8688471
0
0
11326636
10512335
9344293
10954159
11817331
0
8676742
0
0
8463081
0
13487769
0
9051226
0
8435167
10642861
12489485
9560808
11636274
11174440
11871080
0
9775680
10981143
8135183
0
0
9721226
0
9804888
0
9105118
9132706
0
9232995
12417520
0
11877469
8877279
8989912
11354137
10652540
0
0
13864932
9467917
0
0
6182242
0
8646000
0
0
11529247
0
9072931
8800329
11182299
0
7823604
0
11108444
0
0
9094336
9247416
8266143
16077589
7939367
10351335
14495374
0
0
0
8330134
8532770
16345235
13621823
0
7383080
11389440
0
10882334
9809404
6713754
7835970
0
0
13512268
10187160
8016269
0
0
10795143
8454304
8942187
9829068
0
0
14113842
0
10083819
0
9643285
9632564
0
10223485
10318750
0
0
0
9341532
12286932
10731877
6785598
12007210
12413708
8428659
0
4025275
9033773
0
7837884
5434553
0
11993699
14111918
8992736
10869657
9491157
9945658
0
8969301
10373469
9107722
16824296
0
0
9802937
0
0
0
12738122
0
0
8532620
8633451
12449084
0
0
9157753
0
0
9031054
10366906
0
0
11699349
0
0
7750939
10408704
0
0
8895558
0
10304593
10513392
9482333
0
0
0
12931789
8718211
7880857
11186691
9219025
9049759
8789353
0
9818308
12094070
0
11686007
10794377
0
0
8917793
0
0
7349273
0
0
0
6992978
12960782
11294485
10478734
13925621
10414236
0
9199831
10822555
0
13157091
14484291
0
7770644
9393591
8887341
11843680
10992673
10307507
8397699
7741320
9751339
10574331
8472880
8323847
8743684
8710588
9449918
0
9819336
0
0
7520717
0
9088069
7315581
9448342
0
0
0
10821238
0
11153074
0
10627391
0
0
10363231
0
11284350
7895784
8043439
11893522
10748813
9220908
9173658
8557441
0
0
0
11896626
34611722
0
9314789
0
8293721
0
0
11012442
7452310
0
10578687
7931201
9344785
0
0
11243833
0
9815683
11000610
0
10620813
0
9085593
10311705
0
0
9210455
9191765
0
0
0
10231622
10862170
0
0
0
8195934
0
8685488
0
8868122
7838923
0
0
0
0
0
0
11584768
8609899
0
0
8537650
9984841
12268054
0
10829653
0
9497814
0
10917716
0
0
9381145
0
0
10993302
9382241
9161998
0
18582314
0
9018174
0
0
12383627
0
9123210
8202262
0
8976018
9359920
0
9260072
0
8548801
9918103
10655793
0
0
8932574
0
9606373
0
9972802
0
0
8164544
0
8670024
0
9336556
9647470
0
8043410
10134448
0
7750500
5711779
8459697
0
9286272
12084954
0
0
11942469
0
11943304
56760502
9329068
9529966
8922088
14024314
0
10199319
0
7775613
8442660
8420801
9425825
0
9108802
0
7463310
7939952
8514580
15733746
0
0
0
17432504
22593754
9335912
8937993
0
0
12203348
0
10552950
10477614
8185210
0
0
9123740
7899219
7606491
7840714
0
0
8105239
0
0
8912258
11351145
10828190
12547942
8050398
10885457
0
0
9473882
0
0
14720683
0
9295638
12209743
12457416
0
8761446
9031676
8378203
8654804
8962584
0
8618175
0
13504123
0
11324517
0
0
0
0
0
11404466
0
14744658
8930455
17665224
12143627
0
9244729
9820869
0
0
10903347
0
0
8598741
8463767
9040768
9925778
0
8572634
9046774
0
0
0
14018933
0
0
9986596
9575453
9144002
0
0
11847032
8204783
11877274
8894515
12195493
10046101
0
8536480
10854190
10483285
9995450
13401872
12007503
9222930
0
0
10867921
10687850
10312614
12747293
7494394
10356620
0
8437196
8160229
11159807
0
0
0
0
0
8952690
11520987
12840681
0
0
0
0
8674154
10815218
9803166
0
0
0
15496310
10780836
9250735
0
14796038
8138417
0
9544234
0
7573188
10019861
17013339
0
9531568
8505984
10615661
0
10146680
0
0
8600071
13836302
0
9904639
0
0
8808073
0
9865895
9877079
9266608
0
8651832
10138082
9503422
0
8639619
12618066
0
11314825
0
9246893
9132626
9937966
17727751
0
9807283
0
0
16379482
8799436
10652609
8921348
8587539
9378221
13611620
7034328
9865632
0
0
0
0
8341007
7668483
0
9129239
9212323
0
11536401
9975020
0
0
0
0
13724426
9250965
10063986
0
0
7353825
9811575
9360490
9006259
0
10856520
0
8989729
11571329
9378962
0
0
0
13522760
13526438
9224851
0
11074649
11323084
7393112
0
11884403
9215225
10245681
7386657
0
9421773
9000821
0
0
14746499
13081910
10898866
9928091
7946392
0
9884834
9713348
15471018
0
9281972
9287886
0
0
8318782
11833331
9444647
0
10398768
0
0
0
10534020
15861635
0
9477917
7654408
0
10734402
12417572
8454184
11004436
9263421
5389946
9077325
0
0
11889054
8389471
7657840
10337843
0
9248118
9191499
8945160
9217346
0
7383864
10144104
0
10251737
12990142
0
18486802
11695339
9427775
16996243
10300214
0
0
0
7818153
8010938
0
0
10419517
14400401
8219670
0
0
8583793
0
0
9416563
10671415
9011670
10044539
29809173
9827956
9496099
12774276
7751354
10210283
10312550
8714687
0
30293852
12744115
0
8347274
10380922
9448767
8426559
0
0
0
8894709
0
0
9603283
0
0
12651796
0
10979344
9338464
5422621
10981605
11505086
10599432
8246387
0
7486118
9358447
0
0
14801317
0
8249978
10007798
12085835
0
0
7590289
0
10375929
10024721
0
0
8384184
13584780
6843792
9561253
18733306
8084684
0
0
0
10377600
0
0
0
9375353
11552178
10491332
0
11062802
10818962
7519737
10065378
9927300
0
0
0
0
0
9197137
10943956
7862024
9574610
0
0
7523594
0
8261979
8812035
0
10622890
0
13307142
9181388
0
0
9125492
0
0
11869953
0
0
10672520
18132160
0
0
7301021
7808974
8629527
8239393
10226267
8767839
0
10789925
9078579
13698738
0
8854562
0
0
11425094
8339190
8080649
0
7432280
8367399
0
7991669
9277831
0
0
9902990
8614483
10558856
0
11917483
11138670
7167383
8714983
14782876
0
8513421
9154833
0
0
0
15335970
7282229
9168072
0
9928112
12011490
11048007
10296602
15065467
13959406
0
9336589
0
9201485
10820796
0
10226338
9945276
10734518
8384844
10258723
7897302
9885667
0
10032483
8880931
0
10679908
0
9076215
9258104
49928654
7910947
9659764
0
0
0
0
0
0
12142388
10089407
9102405
9878110
0
0
8437264
9502243
12274808
0
8907961
0
8760247
0
12805112
9090847
8487222
10740130
6873145
9165337
8936223
0
0
9485434
31110774
10881611
7927690
9613774
8538635
10981789
0
11225482
10027337
0
0
7461372
8831576
13668854
7799643
9323247
9400201
20869624
9535101
0
9125351
9222841
0
0
3476411
8620261
0
0
9572357
9849343
0
0
8670910
10191666
22876904
8027962
0
0
0
0
0
13911883
6721420
14902601
0
0
10859976
11071606
0
0
11204532
7844318
12526676
9586009
9521825
0
0
9534059
12069529
0
9123532
0
0
0
9907497
10915215
13315942
9867024
9068446
0
8308132
0
10978385
14688384
12003649
13145098
9901520
0
5780610
14485920
0
11465003
9678713
0
10707166
8011845
11364589
16180447
0
9828692
9231486
9370299
10157121
11959834
0
0
11776281
10948240
0
9903460
0
9961605
8596715
0
0
10033020
11474776
0
16119680
10572209
13067505
10213356
0
9122162
11570107
9815992
7175826
0
7828071
16760502
0
0
12068434
0
9930716
8117729
0
8902666
9253719
0
11498609
7608558
0
9447344
0
8331187
11139649
9588848
9729617
5334570
0
9202873
8043549
11607754
0
0
7589730
8764510
0
0
18319154
0
0
10597880
14943240
7293423
0
9129359
9894439
8047456
0
0
0
8894551
14353732
13281796
8201623
0
7766513
7871774
22186130
10078923
11646710
0
7972966
7872948
0
12378965
20626421
9313968
0
10270076
8486734
9039481
0
0
0
7064977
0
10258350
8766796
8777310
8973033
0
10668124
0
13738897
0
0
0
10676087
0
9202218
7969625
8826228
0
8477366
0
0
0
8910126
0
12012870
0
12644502
0
11157969
0
7589054
10948564
11394152
14570966
0
0
10165383
0
10641600
8958494
9264988
7694040
9734309
8552154
9313488
12888395
0
0
0
11469408
14551855
0
9403650
10411929
0
0
0
0
8999126
9390584
7761301
10369345
0
0
0
9276570
10315833
9331369
7230158
10821145
8358904
13165709
0
8674042
0
9627920
0
0
10277429
8541544
9156317
0
7397831
8045804
9082419
9185628
8434852
10229034
0
11493071
10312640
16245367
0
0
6483969
0
0
8724005
0
0
8488785
16186467
9390563
10317738
11544532
8107489
9133077
8471765
11491154
10196870
9983863
0
7651921
43737313
9287002
0
7966548
9358783
8743335
9933007
14210199
10358671
8225452
13853209
6603494
9634861
10074215
14347878
0
0
0
9914791
7713228
18882121
9536291
16180045
7444805
10376766
8435944
97928965
0
12573201
8547114
8017176
11871903
0
11790341
8938471
9292179
8568803
0
9051118
11475054
0
28367
9557354
14272457
0
10649031
10347548
0
14060822
12290673
0
11429144
8106974
0
9025294
9870130
14140994
0
0
8566275
0
11526051
0
0
8628370
0
10361917
10731354
13303429
11963301
8354687
0
10851630
8777933
14716896
7197146
29998332
8847198
6859842
0
11748889
11588556
0
9396312
0
10310573
8744699
9292945
8797172
10299920
8959676
9523375
0
0
0
0
8377321
9144569
6789962
9889316
0
0
0
13055648
0
8719688
9750284
8116111
10084877
0
10188778
13538337
0
9467129
8115769
9165143
0
9420682
0
10593357
8946745
0
68457270
0
0
12785389
0
10231594
10672219
0
9367987
0
8199156
9602963
0
11361788
8137447
7472265
0
20211189
10027991
9744927
7999845
0
0
7864884
0
10362936
9263476
9072377
21131769
0
8553449
0
0
10748045
14008985
22227261
0
8504963
9469111
0
0
0
8462467
7895702
0
10924649
9915819
10258330
0
9764527
9628327
0
0
8696687
0
8658147
10985558
12606136
9106024
7534728
12543283
8379686
8514961
7698303
9514080
0
0
9142004
9004233
0
12353418
0
0
7958456
10907843
0
9194854
9770198
0
9761583
0
9307446
11552089
9789228
8551495
0
0
0
11920543
18565824
10545565
0
10600760
0
9996662
14144694
0
0
0
0
11660433
0
0
8518196
9750058
9700146
7674698
8649554
0
16487305
10851654
9519957
12020833
13760645
10572965
8630370
10280164
8595006
0
9083816
16142078
22547043
8895947
11227160
13497031
0
8395469
11018283
10779113
8971131
14205598
0
9503469
8991262
11240576
0
10284608
0
6763882
17284895
9022272
15378845
0
0
0
10863429
8737103
11230369
9220554
0
0
9374908
0
9155697
10499270
0
0
9328715
0
0
0
9718434
11400753
9631490
9840642
10041674
0
9314599
0
15499718
19699794
0
9827115
9923830
14414067
9371020
0
90655639
0
12260916
0
0
0
0
9366283
0
0
22649494
0
8746063
0
0
9152081
9429005
0
9253189
0
0
0
10151790
9175856
0
8623612
9500703
0
9109380
18297757
8746459
9293056
10506280
10538008
9782696
0
12807231
9209892
0
7191831
0
0
0
0
0
0
0
0
9191428
0
0
0
11834094
0
15278547
0
22964740
9448227
0
0
0
9949330
10999920
7975367
12274053
0
7885112
11765523
9674793
0
9002455
11597518
0
10614400
8982760
0
11300630
0
0
11161929
9318816
0
7828264
0
9046373
8932023
9131678
4112765
0
0
9449614
8804126
8417255
0
10884585
8297731
14753769
11003434
0
13440066
9649383
0
10022098
8779130
9474760
0
9144710
0
8151998
0
9941845
0
7821918
9390720
11227724
13771553
12886575
0
0
0
8857780
14731875
8649142
9413879
9288512
9918204
7466577
8939732
12945936
11982144
17908905
10323055
53092712
10928157
0
11210701
9102631
0
8463136
9756898
10517190
0
0
7996047
13482379
0
18603739
11052867
9255335
12071201
0
0
12717350
0
0
9767126
9945486
16691580
7372250
0
0
9191962
0
8083199
8462709
11274136
0
10668932
0
11123966
17669160
23135502
0
16455107
9326506
0
0
0
8565725
9296633
8160595
10913705
0
11994100
19209688
8817408
8183129
8796672
9580633
11284684
10122705
11478468
0
0
8142279
0
0
10800326
10360357
9653066
0
8855020
0
0
0
11771808
7596585
12145257
9004410
0
10423673
12068202
0
9344891
8981311
9168794
11690886
8858289
22649086
0
10893978
0
16303053
8037412
11126759
17548716
11457107
10420936
0
9890310
0
8676945
10743584
18776669
0
0
9909198
7297511
0
11127743
9212727
12076558
7381516
10271103
10120107
9472912
0
10905881
10799988
0
0
0
11033082
9144516
0
7220228
0
7414590
9032363
0
12135784
10359204
8439075
11528136
0
0
11906625
7539136
8825580
9871525
0
10298478
10581160
14685283
0
10262008
8947497
10739336
0
0
14366571
8745488
11494600
10253302
0
0
0
0
0
9085772
10062661
9334511
12049890
9839785
12508485
0
9056343
17212277
10133651
21984110
0
8373823
10780936
14836875
0
8836189
9173309
10931787
8588579
0
10007039
7801054
0
0
7922653
0
9969422
9465785
0
10369978
7726244
0
13907708
6925742
8171652
11184046
10549253
10895820
8398745
0
10778767
0
11535516
9160331
8882921
0
0
15691950
0
8277599
8522056
0
0
10869924
0
8032734
9731268
8821144
7995751
10355695
0
0
8814119
0
7918311
17352373
8803951
9714045
9423254
11434423
12592963
7772292
13349164
11632508
0
0
8662717
0
10537707
10699941
7539877
8609997
11471872
0
12357626
0
0
8703272
0
13386296
7819633
10880174
0
8818321
0
0
0
12389633
0
0
0
10444932
0
10220045
0
0
8673929
0
9244535
9455009
0
9246722
10118888
18047147
12119015
11263513
19664998
0
0
10941549
0
0
8915464
8822774
7536776
0
0
8715005
13887798
7938331
8061170
9706013
7714358
0
9476364
0
12561954
0
8103433
8708353
9529074
10967817
0
8517472
9230776
0
0
0
18550688
0
0
0
0
10078704
8311754
0
9820624
8626144
12759108
0
0
0
0
0
0
0
9558274
10056144
0
7875127
9231331
9263088
9320752
9973398
0
9409924
12022291
0
0
0
9892929
11176964
14051614
0
9593712
10076202
0
0
0
8494909
8690707
0
8159678
7613317
12432619
9876441
0
0
0
0
0
0
0
8243032
0
8994624
8506192
0
0
10846790
0
11276437
9196518
0
12621602
8088799
10968789
10316856
10641505
9829592
0
0
12185957
0
10625898
0
0
9092739
11346551
12475565
12527763
17380335
7742382
9076377
9443124
7669637
10381066
8462967
9044485
8671672
8136370
0
9354417
11405097
10661284
11313681
13468144
0
7771270
19888199
10098509
10179501
10345919
9391333
9735728
17553928
0
15969073
7894014
0
8675508
9187809
0
22885810
0
7138735
8364510
6958209
6597234
0
8823629
0
0
9845838
0
13331117
9633058
7836668
0
10214849
8416010
9864774
10517659
0
9207617
9055777
0
0
10782650
9907313
8656704
9074863
14364896
8400358
0
10071741
0
6436485
9694289
0
8374933
0
7515666
10830179
7500309
18688272
9786396
0
11000239
10637856
11074604
18228450
30398912
0
10820226
12764816
10773943
9187964
12483035
9492834
9451625
8357195
8716104
0
9103328
9783729
0
9314818
15861048
0
9263649
82383361
13275402
9621024
8297804
10697712
0
0
10674329
7214481
11362759
0
11354666
8176481
12096385
0
0
0
9427112
0
0
8504218
9087384
11455494
0
0
0
8400710
0
10304657
0
10926400
8654640
7433670
8730918
12570026
10114783
12573945
18570989
10916101
0
9983097
8813220
0
8984384
5495237
10446442
11916447
0
0
10190716
7496811
9567199
9849388
9144293
10379287
10090789
9592571
0
7572870
8828056
13080522
8153714
8748185
0
38963379
0
9281893
0
10808738
0
0
9138433
0
88517990
9865965
8721407
8753614
13694925
8700887
9522851
8155837
8918751
0
11475648
11684818
14796940
12801309
0
0
7447636
0
7555340
13897091
7505535
8761738
0
0
8291504
11367113
8772791
8353614
12213148
10379966
0
23855
11591420
18868643
0
10197021
31314
0
0
8966679
10877446
11433293
10601623
9291409
0
0
0
10547632
0
8196646
0
0
7950655
10474919
0
0
8993201
9174276
14335811
0
7689214
8723741
0
11960573
10512794
0
0
9382356
9593011
9691232
10068046
8151739
8757631
0
10454189
18018248
8479358
9985576
0
9573652
7919087
0
8837955
4221360
11250031
8842491
10516139
9094911
10910622
0
12112001
0
11972437
9025100
12366183
10023035
12194664
0
8073699
7940583
9295138
0
12024210
15166247
0
8091375
0
0
9798499
7340652
10576714
10842570
0
0
0
0
0
8300939
11502995
8769256
11024450
0
8440041
0
8909026
8524679
7717955
0
8896264
7338218
10747102
0
0
13176856
9724199
9844643
0
52564728
8341486
9227849
8392678
0
0
0
0
9417737
10170269
8589512
6634827
11961546
0
0
9062777
8124076
10756757
0
13367061
8637161
0
8540486
0
8946640
0
9813065
0
0
8976722
0
0
0
14828847
10967720
0
7386125
0
9345719
0
9111585
10733985
13420951
9829989
11801032
8742411
10228886
0
8521678
0
12023426
0
0
9532663
0
0
11255888
0
0
9026811
0
8199771
10596832
12314697
0
0
7413006
0
8050926
10558586
0
0
10352751
0
8495691
9307443
0
11893515
0
9414568
10246179
135745827
10953876
10387283
11103449
9246067
0
0
0
8274931
0
13560327
0
11893510
0
11793161
0
0
8978752
9126495
11713881
9617085
12768243
7901586
9711301
12173683
15445469
10050324
0
0
0
0
10334678
12508069
9619805
0
9800564
0
7780039
68280887
7701135
7907245
10788651
11330439
9593283
0
0
9451107
5573969
9551644
10356399
8863560
9117308
0
0
4209662
0
0
9709044
9110609
9218938
0
11025787
0
8342765
18894371
10971235
0
0
0
9561965
0
8693383
7432062
0
12319513
7153064
11731485
0
0
10710730
0
0
10693137
9311904
0
0
8548078
0
10993825
0
7664284
8460729
11553172
0
0
8786573
9217930
0
9129228
10913830
11555492
9972805
8145395
0
0
0
7545672
12205590
0
12837898
8234903
8350575
0
7203050
8205281
11553582
16290155
11938251
10809616
8380557
8683027
6918891
0
15163049
14794683
0
9808385
12428420
9141168
0
0
7869806
9082740
10770078
6927292
6831893
0
0
0
8771154
0
15233513
8262599
10725283
9090751
10841193
8391898
11135454
9016134
0
12584735
7813655
6469292
0
8501417
0
7750348
0
0
0
0
8789352
14631701
8858981
7023959
8791708
8970958
0
12752650
0
0
11758664
11317019
0
11592217
10848171
10443064
7624178
8820018
0
0
0
0
0
8674847
7465582
0
9589058
0
0
0
8685171
0
10221690
9567678
12638027
10831157
0
0
9117847
0
0
0
8564272
13913457
11042563
9369925
9124523
7725828
9434255
9402014
7949123
10250265
0
12009115
9229751
0
7780922
9222654
0
0
9236845
8560610
