0
5189
5998
0
3988
0
4460
4337
5363510
5850
2340
0
4837
103766
0
5765
0
0
0
6623
0
4866
73136
0
7957
2542
5037
4158
0
3471
0
2905
2879
4722
0
0
0
5583
0
0
4917
0
0
3511
3464
4426
6475
4400
0
6579
1370
2382
179272
0
4326
28377
7051
0
2604
0
6551
4507
4222
3406
4515
2546
4205
0
4467
0
0
4084
224510
5732
0
0
11945
4429
0
4521
5292
6858
4306
0
0
0
4437
0
3918
0
0
10783
0
5232
2956
0
0
0
0
6637
5272
5289
4469
3473
0
55431
0
4824
4445
8797336
5142
3912
3298
30641692
0
6422
0
2862
0
0
183949
0
4455
4423
0
5774
7048315
3040
8812
0
3277
5208
3285
3649
0
0
181825
0
4314
4200
0
8843
0
26307
0
277271
5066
3003
4002
0
4580
0
0
94847
5598
112295
5739
3478
3254
4055
0
8154
5030
6243
143259
16681
8527
5740
8215
52584
0
128941
0
2496
0
78290
6290
5632555
109598
4334
4002
0
3083
215254
0
6509
5264
0
0
289883
0
0
0
0
35944
3132
5460
4222
3647
3948
4331
232015
3942
4533856
0
40526
1773997
0
3056609
0
4326
74595
0
250556
4158
6487
0
0
3142
0
5094
5862
4051
2418
5185
5748
4612
1380
0
0
0
2972
0
128270
0
4366
135119
5410
136801
5286
69114
4535
3262
3461
5549
6817
3127
0
131668
4830
9092
777150
3403
5524
4614
0
0
0
233461
2565
3434
132952
0
1104960
284559
0
3381
0
6950
5329
8034545
0
0
0
5960
0
4792
3918
0
4111
3729
238202
3913
3677
0
1710
0
0
5248
0
0
3323
3430
112924
2016
2988
3317
0
0
5759
1606921
3448
0
3253
3512
5808
0
172673
0
83962
3175
6855
0
567006
5191
0
0
440433
0
5166
3732
1620029
6635
5353
0
0
0
3306
24775
4535999
252905
4326
0
4455
2743
0
84734
3116
0
0
3425
177141
3093
5194
67509
0
0
157524
5598
0
5126
3501
3992
0
0
0
4148
0
0
19545
306248
242757
0
0
0
0
0
208207
1943088
3656
164867
3879
0
296034
0
0
0
0
0
0
130963
5182
3801
0
0
4552
445583
4910
92034
0
26900
4247
162774
3583
142670
4162
0
0
0
0
0
0
0
0
3795
0
0
39790
0
2539
129668
0
3003315
4238
3109
4407
106653
0
0
0
0
0
4295
0
4295
252938
43711
4280
5332
0
3548
0
4982
3225
0
0
3361
106567
7150
263860
191762
236978
9304
0
0
0
266822
3440
2297
1580854
4106
102965
0
0
3215
5950619
0
67085
0
0
83535
0
0
0
0
50807
0
72167
2469
0
2909
0
77252
0
1565669
7817
91316
109956
57718
15931
4123
4382
66443382
3006
4127
0
550855
0
4932
0
0
3177
2450
610652
256510
0
5094
0
0
0
3060
0
151762
0
0
4237
0
287986
0
198889
72618
3015682
3583
0
467634
142580
0
3014139
4938
34544
641923
3509
218356
0
4183
213667
289557
38858
0
0
0
82406
7747
0
131667
0
0
0
0
6950
0
4118
0
4710
3184
282594
1058336
5327
0
0
295713
224882
0
0
4336336
22317
4956
5901
3361
219608
0
0
288338
4555
241938
1182989
0
142027
4344
0
290946
0
0
316930
129030
0
0
93414
6467
4553
5360
0
127894
31071
4206
300574
3610
252040
0
3400
284058
0
0
115496
0
2763
0
0
92328
2553
0
0
125124
132158
0
6191
1805474
0
158705
5377
31211
0
76309
4323
0
0
0
0
269391
0
3971949
785140
0
0
205235
0
0
0
225110
26967
5206
2988
10995
46848
0
0
0
156488
0
0
5500
111519
3349
179578
0
0
264969
4099
0
3166
204013
3748
0
75956
76018
0
0
0
4653
0
3380
3582
5954352
186773
0
34583
15305888
0
99295
2237862
5941
3404
348995
6284
50822773
296248
0
0
0
0
14861
133320
1044458
167948
0
0
409689
0
1553
0
181553
0
0
0
183113
7050789
185688
0
0
331102
126193
16951336
6736839
3425
4126
202567
138783
280895
0
0
130855
0
0
0
40187
4757
0
0
3439
268281
97855
286734
0
5928
0
153181
0
290872
636261
0
0
0
158567
0
252437
3875
292723
0
0
0
283556
114869
246436
94622
54966
4962
0
0
5513
266606
0
12709230
0
86774
104940
244173
0
0
4209796
3312
0
5943916
6069632
157661
4688
1132642
8737
3014275
77220
0
0
101430
0
86780
0
3785
80971
0
0
251804
0
4362
3419
36732
0
28237
2796
0
5338
60155
4121
1453462
3307
0
0
4270
263969
131277
0
3280
0
35025032
0
4561
104646
368199
3219
0
168394
4430
0
0
327095
0
0
0
0
143958
2742
248458
297278
2697
31824
8111
609166
200306
64074
96337
6920791
0
0
0
148725
0
0
0
0
6123
336133
2361547
0
0
106343
0
0
20087389
52798
0
0
0
0
0
3205
0
42101
0
91087
3044189
0
76332
0
80174
0
2375369
228638
1414616
195637
274751
15510
311538
284028
0
260183
5181
0
243457
0
292474
87819
3091
3298
151427
304492
0
0
0
191682
0
0
256519
0
261527
23574363
4511
160751
75869
351353
0
30455
267589
177624
6572
21062594
27171
0
0
0
196670
0
99482
3382
0
3474
2989296
29337695
173057
0
0
114175
8522
4213
0
239674
0
7876
0
2796859
454684
8896
260760
300218
23968
249018
0
4148
0
262726
0
7806
0
317832
97215
0
201281
146263
0
253580
270027
0
989239
0
0
12245144
224335
311681
10804476
0
9923960
133831
3960
4217
252037
0
0
158052
91484
239005
0
0
2571
0
5342
131151
0
5396262
288270
0
182465
239072
0
0
2544690
3401
10346659
174263
0
0
378306
324185
257067
220845
498371
257340
0
127873
15044
0
0
130647
0
