0
19336412
18570886
19068327
55062132
62797340
20355284
33055761
29736376
30094155
18962235
39966515
32722356
28778592
32105907
28814446
20564507
38385485
30651837
36977705
45232330
30303743
19057301
18616956
37092941
18861255
43897974
55072812
19031431
28301898
34697320
18614945
18740358
47715041
19421575
26979584
21878238
31025548
19789993
50489408
19132355
45494353
46510918
45776309
46831319
40835066
20153085
30231935
18737467
43467251
21016763
27384333
30278654
18942541
28131470
19942225
18748646
60183263
33483048
25706437
32642235
19416051
18990944
37003483
28257311
48952122
39876084
29352733
31192542
18881631
19606063
19264955
20019337
20191012
26408229
38825649
30104413
28085378
18583450
20060321
69173480
19277882
30172537
51140473
20009958
46241040
79400242
20799391
26189402
18654553
38580357
26786014
46300420
57006810
40195305
30927060
19138723
57150153
20902645
20724744
18469745
19478158
32221857
27344084
32523037
38670370
45107912
18969809
28346189
19039655
37851903
29038487
19215938
19201718
43350117
38940677
30009209
18193346
29375030
18572888
28250666
18498812
47709091
31910871
31656808
27641505
19613293
17997831
29749541
37846426
40520239
32587867
49958037
26099035
27014293
28101472
39706196
30057653
37804337
56628763
29478054
31217253
19245218
30752202
19054677
46027310
37197548
19201737
28970907
31826110
72418573
20879484
32528954
17494519
37988571
42862880
30866011
19348775
18756126
20521397
27899664
37740495
28586703
27863493
26990524
20995475
20510561
18519225
18954175
28294149
31491588
27324297
39649493
18731830
18614466
28578578
29046179
19400101
44481827
28843026
44479888
31484710
67317447
19225673
18379050
39774229
43257063
18640354
34371371
19684830
41906096
18559650
28786774
19082764
30074912
25918552
29932883
27390547
30738727
20167201
19373776
30565874
27314359
19545035
53653669
18372644
37197986
29179077
41602562
27544502
31441778
42548937
18648768
27710369
28924521
31680376
29335905
45751240
19506871
30468128
19705530
30417785
32210164
19226108
19470215
19173213
41516548
27294639
20062330
32488130
19207073
55012311
41952663
48521827
17183196
43641808
20165835
32693208
19830648
40633712
39914624
19409229
18174136
19263760
42719823
29236318
27879355
56017749
18331899
37501544
28650948
38435145
21669742
20202816
38182793
39167969
17797581
44067155
37005127
30579797
20765876
29441511
17910492
40142560
50433794
31558424
41674606
31975266
19201338
19918039
42111455
38080554
43488260
18639467
30566828
29380068
19319244
18375245
28146855
30190566
41337156
17720495
32960951
18245273
50715504
19026810
49490997
29449950
26168711
18711264
29890846
21165787
18506310
31377132
19394358
19880222
30299719
45137092
20418392
40314002
19087745
21081156
25464718
29509729
19465035
19463679
19269931
19440634
19202136
19369895
28440984
20159674
18795978
20564108
20588125
19136326
27575592
19816983
19219928
29528969
42528446
18170550
47036066
18812275
46206908
40638385
31937558
18434544
17991398
19252456
20628144
31966816
20276030
17840108
27067951
25725262
48125139
29081144
29011171
29140366
17656534
31027283
28819183
34065932
30885108
29398385
29389814
20904056
44100700
18138778
18648239
29864018
27415521
19922598
18845543
29841361
19359190
49709727
38780225
33159239
19455318
30488798
46106573
19404328
42244036
18614457
19714624
18671116
18230412
56653514
21732605
26868350
19647282
34393044
28326607
29431707
20128345
31692427
33550301
41475528
28061502
20225156
28804687
28785352
28025670
39084491
40561709
30677926
37023653
37630409
31752453
29005911
18716472
46878222
19546654
34033757
19710177
32780546
31108832
19299353
40944190
30416964
19619065
37429903
30433296
18552559
19148605
19336020
51167264
29720204
52999845
49791330
20416425
29309036
19359107
34620432
51987502
29301065
53356843
17991478
27276140
48302537
28705851
25932694
19518687
55445602
31150415
52734638
27970743
63110989
32855979
20724258
39058660
30370108
29848570
18964120
18926417
44934963
18399672
19502429
47097918
56082085
20005402
18523137
39885087
20270309
19429722
26660490
29265419
28405396
35984565
19764224
34049441
26518769
44269980
18458031
32009770
32070923
39014768
19245901
48262225
34926074
42895880
18079090
21140281
30534156
52283281
19365897
18674712
31838968
35522969
18986091
29554702
19257822
27864006
25812780
19773651
43998679
27013117
42841709
44407127
18037108
58236161
18283512
18803708
18681343
52694835
27963877
31410401
18669313
29027415
30379314
53518884
31483664
20256551
20185061
34055990
42539872
19667662
34436721
26036373
43688319
41223437
28191174
26999935
30519992
18376553
33185240
17996004
31549446
30656013
44462135
33951477
18740879
18707119
28922918
29501475
28146319
18194920
32068721
38960017
56227881
17973711
18867369
19024224
28720676
17137499
20665030
40204800
45596800
59546324
31476873
31419897
33530018
18801043
39555342
44819339
30790070
20180774
42524273
18738162
18905073
19716486
28659580
19703060
49558411
65937194
31055311
17246875
30754387
18217853
19071954
41824447
27005101
30972270
37548704
19700667
21289110
35261971
19364009
30533238
28449940
18700690
31925785
17633508
18406431
17750253
21135475
27862957
43168157
39971827
41170156
32778900
28801284
29476308
48995270
27602096
27482599
18580855
17944472
30115116
29553786
44113796
40954200
31498731
49288815
18323428
36204852
28815507
19046450
27438052
34135788
18970087
19455895
34396919
20045235
18961131
29764079
18181864
27764424
18133481
30824728
19712166
19064999
30474066
33642819
29619173
32755304
51586652
39079152
38119588
21209842
27829358
18186960
19446973
19302963
17845827
18727694
20166785
19343574
33145430
19339180
29256818
34684027
38183812
30077305
42693723
19740915
54204042
27369470
29958617
18358812
18624195
39676660
19650497
19042537
19418633
18460498
26860907
18595877
30738414
27142388
18566861
33145645
40182831
18972532
65841365
40983436
19441309
30615074
26961582
30301695
28693875
18480483
39569411
51141962
31516247
29742988
19377119
43639688
19212125
42719262
38888878
51049486
31428974
19630990
19673788
27277099
26701906
27275063
19140056
51408953
19644896
19492026
19741719
27636752
20745332
18598598
48375775
31085971
33957257
19654379
33387756
19651429
21490732
18795488
44033088
56671971
40738295
26894518
28481517
17770090
48064421
19362925
17847912
18771809
37484304
32898621
29810716
37028971
17731330
20186383
53811595
48005442
38209818
31538798
32269458
18776219
32718170
40782777
19209144
42720761
20857687
19189354
28849311
19384943
18128227
33381570
20352596
30042606
30115130
37125572
40560621
41969859
30505851
18349258
18256211
37585177
17859325
28083939
18565263
18170407
29293316
26546238
28973344
20191205
32176241
29991095
32573039
20601665
20140327
18147111
19109053
19762285
27972201
19738809
19154144
28363971
19293472
17828593
33843324
44728091
18213927
40787136
32618013
41995524
30185988
17350069
55407068
18658275
31786717
17282072
35141689
18752061
20231449
18674514
19226547
30667980
40655536
19578383
27879423
19811436
18297847
40437731
47382046
18380996
19686737
31024199
45167139
18585930
34940635
39531798
31320064
33159242
25862318
32880163
28789242
19304449
39057571
31672180
19045081
51225776
72117793
17182199
49867871
31763336
19283084
30978550
30568043
40497288
19500565
19756106
48452727
30661129
48762375
28482871
30617928
18762363
44707264
35934340
29674056
17922799
18108731
27172173
19082132
42919884
20585768
20607610
27666472
35749592
40350925
18684435
33324874
20218532
18666004
18402523
33495351
29010254
42124406
29005802
18598289
26661370
38189950
30954215
40803406
31330689
18193139
31920266
29136332
26492541
20460150
66687184
53550167
32974089
30305945
19046974
50569455
18733989
19486702
45876266
46658135
19408970
41832984
63003138
41799815
57931932
40960563
21376243
26608713
28778337
37355994
19822883
39990529
20927916
38118630
18385052
29010173
31243649
18010535
19364564
31477642
19755464
18850869
40058340
27916281
32136795
38528148
61083427
30735630
32945289
30014954
19709979
19399040
31666508
40225744
18524436
44632559
36796924
21824637
46014750
20874886
41981697
18404223
29846082
26734999
18943755
19589811
19027201
38494899
28952105
29842094
43363806
31231610
26798177
39086709
20470142
33878360
31518833
32082508
18439646
20453053
28088977
40442710
39230225
19164463
45831735
27659834
48066720
20906450
51135294
40129738
39383448
18413849
27233870
32061002
28261913
32557745
35826345
27098644
28284854
20093366
64716867
33611341
51009198
27283239
42633726
27005938
53653659
19743465
33795052
19444134
18287039
40389062
18996256
18002991
18311415
28163729
33270229
26010095
42632245
18495028
55677640
18668285
40357210
44337368
20819586
19582339
19667725
19071856
38976603
44427697
28538384
18581714
32913654
33908907
19434980
46138263
28526766
19590807
54593752
37520786
41044226
26859790
30794941
33220756
26945724
19427429
18312461
18341838
43426599
66358847
19829920
40675680
19495355
18562150
40902649
18632855
17609868
32505004
29601621
19523479
30207430
28569404
63400012
18628057
29915161
19454785
34684178
41188761
25970812
