0
15543
5724
5871
1502
23994
0
0
3305
0
7786
2562
0
0
0
22418
711
0
0
0
28043
0
0
0
5654
0
0
12937
9206
0
3072
13318
15000
7294
8629
56516251
1584529
33759
6664
21746
4991
17336
30072
32774
8896
16276
3756
10281
11320
0
0
2051
22165
20936
14721
24469
0
14337
0
0
42256
0
24951
32230
0
14500
0
3348795
12924
10509
10002
0
7312
0
9833
15541
12637
0
6088
4472
4175
9339
18111
12158
4144508
3715
0
8614
0
43698
10562
5799
7670
337
0
9554
8360
13584
0
0
0
20790
12866
0
0
1891
418
0
5813
0
0
0
0
7369
0
0
0
7975
0
17245
0
8420
7896
23886
7948
0
12113
3279999
6756
9898
7581
48772
0
14795
10400
0
33563
2723
0
6914
0
0
10936
0
21576
0
5186386
32173
14024
6753
12897
0
3771
10723
6561
0
0
16390
9092
17215
0
0
4645
0
0
0
0
8831
6505
8369
11734
12724
6237
12275
6936
3206498
10223
0
16317
8737
8398
0
13639
0
10284
0
37068
0
0
14196
0
14927
0
9164
4924
13939
0
10586
0
0
28661
3298
10925
0
0
10417
0
0
20410
10325603
0
19458
0
4827819
25571
0
941846
0
12099
4498981
0
1952
0
16211
7079
0
3731072
2871036
28206
0
18027
7617
6441
0
0
7716
15730
10493160
41708
2246941
3255
0
0
10071
0
0
2300907
0
4323
11886
12564
0
21709
4104
2852
19064
0
15411
6127932
5806110
12149
0
3382
0
0
0
0
8903
6046
16903
0
0
0
4606
22521
3826
16584
17982
0
9701
9027162
7250
0
13693
0
66613806
6598
1668
21887
10442
0
44937
17740
19942
5616933
2594
5010
18452
17343
0
20849
19588
2034
13183
11839
6873
0
0
9134
0
0
0
2630
8833
0
0
0
0
12225
3206
9710
18174
14845
9456
15676
19484
0
7552
7519
8776
6070
7582
0
3882
0
0
21255
0
0
0
5960
18472
0
2736
3745198
0
2852
8087146
18574
0
0
0
13456
13933
0
3739
177444335
0
12535
28195
0
14681
0
0
11416931
18982
0
11776450
12612
0
18779
0
10455
6864
0
5448
1652104
0
0
20969
69577790
0
0
21044
0
2220
0
3398
0
0
0
23385
10133
22565
4300
7587
23776
4067
0
0
13901
26629
3576
0
7595
1249
0
13841342
0
11378
5469
0
26816
13706
0
5349
34630
0
16531
20642
0
8011
11112
9945
0
15714
88151
5516
34545
3942
5991
6946
2806
12135
0
43402
6522
0
6255194
3291
0
11637
3908
0
0
20752
0
630
0
0
0
0
0
1106
0
0
6098674
1351163
0
8177
0
0
21774
0
8974
5316
20788
6172
9679
2686
0
21473
17312
3700
2028
0
8006
16080
21249
2472
8609
4025
0
0
7891
0
12972
0
0
0
3998
12172
1202
9938
13296
10723
0
12570
1722
0
8036
0
11549
10833
0
1110043
0
0
17223
1817259
5039
0
11204
6404
4192
0
2502682
7806
8548
7686408
1610
3130560
1830571
7789
0
0
0
13452
0
0
59348325
1289
5072
44487
0
0
5158
0
0
0
18692
14639
3556315
0
3918256
13887
4685
11604
3098528
16436
0
0
0
41580
35029
4232279
34505
24063
29557
1360
8744
9871
0
13978
17515
10269
11191
8870
44416
12118
10684
0
0
2453
8601
4431
0
0
0
1806114
0
6659
5679
0
5463
13208
0
0
3984573
0
5375
3657
2827
9434
2546128
1639
14646
0
0
0
7552
0
0
0
12171
0
0
8500521
0
2028
0
0
6036
14340
6893
37217
0
12048
15403359
7346
0
0
30419
8266
6201
13054
2058
5727
2171
0
0
4739780
0
3672
7199
0
10424
0
33089
0
0
6581
8763593
18719
794457
5409800
0
0
0
0
0
6918
8110
5952
0
0
6208
22362
6642
0
0
19111
5747692
0
0
0
6331
8412
33632
89033846
6132
0
6775
0
0
28210
0
0
16617
0
0
14760224
27369
1449
1549229
10030
13106
53996
3334
0
0
7095
21558
0
0
6089115
16146
0
0
13124
11928
0
0
34180
11839
5503
0
3200
7726
0
7520
0
7373
0
0
7153
0
6105513
9468639
0
5697
0
14780
0
0
11619
0
959
14402
2910
0
15266239
7502
6776
17058
6454
6008
0
2225656
0
18384
0
0
0
7801
12032
0
0
20824
6060
5347
8552
11370
0
4911396
11178
17876
11315
4853
0
0
25991
0
0
9831
14444
12448
0
10290
5937
9676
10852
2081
16820
8376
11365
0
7500
1657
8942
7771
18079
0
4444015
11726
22498
2705
9085
6103
32831
0
9505
16601
0
3105
0
0
3223995
5886
0
3182
15148
0
0
0
0
42008
931119
5250166
0
3023
217982479
0
0
0
11991
0
736
0
0
0
0
15610
0
0
5925
11302
0
16293
1385
4185
13128
6722
0
37230
20379
9510643
34801
2468
2280
3676
2013
10015
0
14920
5771
19990
0
9734
6731
2191
1824269
6183615
0
2852
29938
10287
0
981246
0
1829222
893
0
33633
0
4577
1083
378447
0
22912
21320
3405
11037
6217
0
13439
2253
0
2159
0
36527
11827
21739
12815
36439
0
0
197969545
11645
10867
17367
0
0
20723
11688
5475
236082
11967529
7905
0
0
5533
10045
9399
11466
13309
1106
20512
296331
10361
7464
1484
2384
13200
5875381
13538
0
0
30401
0
0
0
4306
14459
10098
0
0
13407
0
0
0
0
15068
18975
0
36590
0
0
1126976
0
11451
7899
3637208
0
0
13444
0
0
0
41138
6175766
16613
0
1011
0
11524
0
5978311
36684
0
0
0
116214
0
8932535
0
0
7561
0
17964
0
20582
0
14812863
4921
21298
0
0
0
2136
0
0
1558165
0
0
14244
13799
3916271
14007
0
3550287
10277
18181
1636
12173
0
4776
22479
0
17258
6993
23238
0
7726
0
0
0
0
1511
11675527
4041
0
3018
0
17335
7960
12974
0
0
3390316
0
7189
7218
0
23220
617
3687021
25961
2595
8254
1469
15493
13314
2995
3786
0
4245308
7575
10988
4598
0
9167
6448
0
2558
25668
10884
4412
11463
0
3249
0
0
0
4741520
0
0
19260
1367
15411
12954
4110
0
0
0
9032
11869
6460
0
11204
0
8867
0
0
0
5752
1984
13344
0
0
5071
1416
2923
0
5327
14864418
0
4409
0
6369
20177
2827
0
11556
18848
38785184
0
12277
0
3918
0
4017
0
8244
0
19565
0
6155
0
6452
0
0
0
3212
0
5592
0
6269
0
5136
3708
0
2735
0
4515
2124158
3798
4209
33760
0
8859
5449191
0
5770
4771297
5675482
4424
4977
0
0
11237
0
7362
10857
13132
3897
0
7419
0
10497
39909
5069
3551
18667
22450
0
4354243
9577526
0
0
3425
36092943
6872
0
2838213
0
0
14377
8027
8990
0
88911425
7495423
7720
3157
15052
2843
0
1887200
2936
2524
8275
7998
0
0
1762375
0
23094
0
23037
28868
0
0
17707
8518
0
0
9641850
1637
2066
10888
9048953
9040
0
0
9159
7589
273654723
6973
9031
33819
1427
7490
17594
0
365004
11165
0
5298469
17946
10302973
14396
12741
36852
10976930
34680
1127296
8892
2374649
3783034
14953716
0
7184
2955888
0
1457
13969
0
18663
10762
0
15915
13473
1572767
0
5275577
6324
10256949
12476
10087
3175550
34430
10276
0
10459
0
3435
7453
12923
5459
0
0
13698904
19682
1905
0
11036
0
0
1818508
22624
6867
0
15319
11726045
23346
9545
5359
18983
0
0
11085
0
9933
10157
10931
2378
0
2746
2564568
6713
0
3555
1297
14988
0
26263
8394
0
1659
7231
12556
0
0
0
12083
177947260
3072
0
7359
4723967
12377
0
3936834
5991
10218
5312
1138692
0
0
713720
0
5335
9723440
1043
0
0
4228
7567130
2833
0
11364
0
14257
14897
5689
4758200
0
0
1159
14448
0
0
11428
1021
4950819
0
7517
4949
0
5763
31675
0
0
10115
0
1185705
15566102
0
9453764
19495
12189
20171
0
10681
6810795
0
0
3801666
2134145
0
0
4719033
3986607
14210
11207
0
4163
0
0
4575
28393
10654
4348
0
0
1320
19027
0
0
9386
4644
11350
11986785
7870
0
0
9221
18150
1624
0
8597
3177
7668
15385
0
0
0
38490
7172
3523
3344
32925
8099643
0
3620946
0
0
34418
87158577
6811321
19238
19119
80841989
3437
1117
7009
198628
18576
0
8583
22210
9003486
0
2636
3183
16322
17502
25661
8984
4622436
13938
2303
1752155
0
1989
5377
9831
3722
17144
6921
0
0
6840
0
0
0
0
0
13228
3107
0
19737
16802361
0
1263657
13959
3888089
15306
5060829
2138491
664
4780
15360
2755
9094
24907
0
13420
10190218
8942
0
10409
4092
0
5150
0
2417
4146
0
0
0
0
11081
4689198
4038
1572
11443
0
0
4611
16370
14804
14954
0
11036
12636
2804392
7421
658
11255
0
6316973
0
0
0
13835
3041119
4518
0
17221
7957
0
5883
13097
0
0
10228
12921
4850
6394187
5316562
0
0
3677696
0
0
0
0
3160
2924343
9313
100315
7056
0
0
20938
0
0
11336
2435958
778657
5820126
15081
30224
0
0
0
318817821
0
7082
0
5864286
0
0
0
0
0
0
6226
0
5162
5940755
2324703
4854791
0
0
0
12590
0
11310
0
17387
14774
2850
8700
5856293
11403
6843
2369
10266142
0
23069
14682
2671
10546
43515548
16936
0
11566
2482955
18821
38042
0
5073
0
0
23800
0
0
3821527
0
16591
9924
15958
8955
1814586
0
0
54993
8356
7222
15456
1759
0
0
19760
0
0
12570
0
7906
155301980
14562
9191
1373
12217195
17848439
0
4479
0
0
4592429
5324925
6999
0
11904
0
2472
13565
0
0
8069672
3921
0
13302861
9963
0
2013
2939
3849
0
11701602
0
0
5596
5237543
14850369
11271
20757
7268
4291
0
7697
0
5359647
0
0
5635354
559
14070869
0
0
3433877
21270
12320
0
0
11704
1197906
35917849
12559398
0
17949
10854
22169
0
7551
12091
2816
7842
0
11751
18681979
16232
11107
11694
1086
6430258
15999
8528669
0
1018073
10285
10389
0
0
4422148
0
6750
9656
480821
0
25306
12963
13869
7054
0
0
0
0
0
0
4765883
0
0
0
0
8304
14923564
13929
0
7371
0
8601
0
0
4736087
0
10189994
0
11053695
0
0
7147
0
0
0
77213091
0
0
711957
5240
0
8172
20834
5549
0
2615293
0
12617
0
4287
29535
13784
13885
2249355
19117
0
7818
0
0
9489
0
3170
0
5777844
0
9841
0
0
0
1884
5901
0
9194
2053258
10938
0
7166
0
24386
0
5972963
0
25322
0
33010
13414
0
22304
13929
0
9353
3785
21547147
0
15249
0
0
0
5710484
3459
26931
10183
9284
4507
3428611
0
0
2390
0
9189
0
11554
9868063
0
7383
16156431
5820
7159
3867
12525
4588
17132697
0
13239
3121
10616
0
0
0
8391869
12109
0
5187211
11446
0
12053
6317
0
0
4022
0
0
2319109
89067674
0
0
20760339
0
0
0
15084
4673574
0
0
0
0
0
0
0
2065807
0
0
638771
2846
8100
4363
0
12814509
2409
10010753
5365861
3825
0
4670288
0
2190391
0
0
0
12710939
0
5141
11012
0
32571
15457
0
0
15243
0
0
4464
4104
3140
0
4584395
11723
11612
6077
0
0
0
0
24097
374209429
1325
0
18325
8884
18899
0
16223720
23089
0
3824
4689
19354
0
8854
1919026
4124
3407
4131
3099
0
0
0
0
230999
0
0
0
0
17981
0
3043
1645
1150967
0
16629
19437
0
6622
14049
0
10440
0
0
0
0
6083511
4487
8884
0
0
6809
3043
34561
1270682
3533
3485262
0
0
0
1555376
0
690489
12965
12124
30732
9221
12588
7818
0
6756
0
8748
3269469
13899
0
11572
375335
11397
22015
1994
7712069
12688
0
15402
35831907
0
16557
0
16900
0
0
8527
3549519
7032
188180582
0
10176325
2487630
0
10389
71158745
4054
5049
0
27629
0
3684
9140
22322
0
0
0
0
9481975
3617
3777888
1817424
7937
0
3574874
0
2015816
1590716
2632883
0
21496
0
0
2047615
5951
18545
1311375
13238
10127072
3537
0
5609
2619510
0
0
0
1818791
9434580
0
0
11852
7836
3012
5057
12518
293872
12601
4011621
17018820
0
0
19222
0
2481786
7335
0
1888175
0
0
19257
0
0
20528
7551
3261
0
7774
28932397
11205908
0
0
0
11058
27154
24685
14090603
5741
0
1503461
0
0
0
0
0
0
0
1653733
5047986
0
11964882
3895
0
10622
14342059
5299041
13858253
4604
11913
0
3900144
0
8459
0
0
0
8456
0
0
8343
1024719
0
7404
13764
0
5525
15537
20054
11075
0
0
0
8585
32684
4740
0
16251056
188551390
7668
7133
30477
24245
3813358
3982716
3583
30353016
0
1813343
13658
16850
2035
0
0
0
18120
10052
0
0
8389
0
12077
0
17869
38432
1743
21286139
0
3958
0
2420107
4683
4850
0
0
8337623
0
13865
0
2458648
4561
17420
0
1700308
1286
3445921
13921
0
0
14183
8857279
20428
0
0
21067
7882
17981
0
10568
0
5505
0
18409
4376
2578
4659812
0
17034
15526473
11925
5426015
3409
0
0
0
11878
7859340
5897096
0
13715
242627
8009
14828
20750
20756750
0
0
0
0
32713
11022724
11196
4780
2499472
38410
13900
3623
9562023
13943
0
0
18066
15814781
1327
0
6311
3495
5862739
18987030
0
15546
16600
0
0
0
10502
26074
8750123
10214195
7173982
22898
0
6048
11119
9387
14275
11168
34218281
0
0
0
0
0
1073
0
7634452
5488
0
8364305
16381
2021
0
31381
12059
0
0
0
0
19635
12845
0
7092
2601875
17776
0
0
0
13534
2536814
11513260
0
13247
0
0
8834
20084695
2839
11982
8999
0
3750
0
1059787
0
5975949
7274
0
0
0
15016
5685
5682227
742311
14761548
6088706
8522
10210
0
3854735
15468377
6307
0
6945
11928
10976
13448
3110
0
9402
0
15359
12680
24686398
0
17247
9734
3367
0
3086977
8582338
4355610
0
0
0
12804
1618294
19723
0
15277
0
0
6689
5262
2894909
0
8300
0
23598
14785
0
16550
14231
5304
0
0
21898
51768
0
8231
19510
4307
7426
15953453
14774
25197
0
11633
2399
24780
3971816
13880
8186
11965054
0
7317
0
9189927
0
10356
0
0
121259798
8658
3673
9251
0
17651
13590
7822
8465
5593307
30930
0
7760
8230
10049
6934
10932589
3904814
10371129
1571028
6620
39693
1190
12338297
56685361
8839
0
0
13790
0
7791223
0
0
0
5055
11323
3533
2975078
15611
0
0
0
8841
0
10612
15547
0
0
14142
13506
13628
2857602
0
1556
6228439
11735700
10060
4201880
2301
30571
0
0
16012
31466
5369
5181
0
19365
0
11354
9642
0
8522783
0
0
15786103
0
0
4040
512221
0
162000753
2268345
3311
4308
3568
0
4604
13406
12112
0
12249
0
3075
13533
8517
4486
4387
0
0
5016
0
2182671
12606393
10134
37327
8662
37986
10112
6430
6325
9156
6511
10705694
0
0
13009
34864
0
0
28919
7559
2737754
0
0
0
25259
0
0
0
0
0
4781
0
0
0
0
13632
0
0
7954
0
17519
5657957
12495
0
4605
0
18488182
0
4479
7836
0
8447
21890230
0
14856
0
12722
8193
12302
271109907
12067
36966
0
7954
0
10720
468566
0
9840
41208465
2241
0
0
23783
28299
8118
0
9958
0
0
13030
104080176
11135
0
8281263
0
0
11381
0
4530
0
0
0
12013853
0
20645
5098
181892
0
10602
13997580
7182
3107994
0
3794716
5370
10015
4670742
0
7192945
8842
4143912
3661144
6821
4696
6293
0
0
0
7906861
2629
6602
0
0
3212
93836441
0
9350
9524898
2590533
5692990
4871583
0
15251
3951649
0
11466
13253
0
0
1385785
0
6079
3988453
0
52760304
3014007
818497
12750
882
16444863
6359522
4594
1442
4135376
12006094
8520
0
13582
0
0
3459021
0
5483535
11786
13520
3250
0
2291
22935736
10259699
6390
0
0
14169
5411
0
0
5422623
14114
0
0
19757
21775
0
9157
0
15834
0
0
9628568
14270432
14098578
13714965
0
0
0
0
9764
10323
10697
0
3949549
4143
0
0
11288
6336
2300
5463211
8310684
0
0
5677989
0
0
0
11029
9021
3233348
15504997
0
3507500
0
1217978
3361
6093148
0
28326978
0
1430
0
0
17058
11427
0
26403
3003
8804
6805199
0
13851
15466
551650
14987038
0
0
29394883
0
3571
14250
0
11349
8811
18705
0
0
16364
0
0
91630753
0
6843
0
7756841
8651
0
0
11975522
10156
9419
13790
0
16420536
19488
0
1027
6617
0
0
12709942
124392975
0
4295
5203701
4149
0
7058
14983
1475
0
0
4140
0
5743
0
11326384
1822
4283517
0
18432
2141
0
115684309
2601
1757
3139
0
26728062
14143986
1096
0
0
5457
3559401
14530
2219589
0
4540964
4406
0
0
2106
0
12290
0
10307
2295
0
159079
6247
12063904
0
2526374
13610
6436947
0
4405
22294
559916
0
0
25436
14647
2317924
6191
17233
2639
7262
0
24671
4098
0
0
20321
0
9595
11214
3945973
0
10666
10531
0
79193007
0
9157
0
20518
7457956
0
3308470
20371830
4487
152223
0
2594240
6730
0
8683
2619
4251
17855526
0
10983
0
10364
10424
19314
10107
0
0
9127
0
0
0
3019718
9832
2764321
14478
23224
3907
4990
9079
13353
0
12059
3451
0
0
0
1463
2983
4247734
2518
1734289
12251277
0
4026138
4001353
0
6520562
10163
0
15261
21320414
0
4594
16880
0
0
17788
0
5228009
5430006
7100657
0
9738539
17073185
0
2699320
0
7935799
8838
4514140
14587583
4298805
0
18972
8004
0
0
0
0
0
5162005
1056851
13563
0
0
0
0
21699
2360425
278907192
9734
0
88158852
7324
845137
0
498355
6114849
34309
0
0
9783
1111795
1907
671953
12656
3658
1953
0
0
15812120
22411
0
10963
1921190
22048
5006277
15842
2271
11698
4451792
11179830
3545690
0
5561
2178534
22595
0
24305694
0
0
710812
0
7218
13307
0
4269949
0
0
8652904
8605038
0
2297
0
3038
12828777
35611
8531
25412
16427045
0
0
0
18837
0
0
0
0
3119528
21302
0
14020
12376399
1425
0
8905
10589
0
3206270
0
4524
6968469
18065164
32347
4287
10766417
4033771
4491731
0
0
0
14883
5639148
11686048
7539
0
0
12091
0
3083
153271647
1922714
4911
4771
0
0
0
2733
13877
8705
0
0
0
5723061
0
9067
6893
3651
1296924
7312679
12828
11956
0
0
7611
1507302
21666
0
3391
10073993
5688883
0
10183
0
15477
14048
0
0
16928250
1079692
0
0
4814
7158
0
2903820
0
0
25164722
10167
0
10279
9083
0
0
38267
3452
12883
3613
8785
0
8095674
2268
23225785
8705
12589561
18193
9172830
0
4344
0
15241847
4295
1704
0
0
12682
17219
14071198
0
0
1796684
4091971
22617320
902450
197073615
6397211
11517
0
32503
0
5302123
28707
4965
6364975
0
10186330
549212
0
0
5860
0
6725
29490820
0
13483
0
39932248
0
4209055
0
0
7237
8449891
0
6684
5084
16900138
0
9939405
0
5109
7266430
0
20957
14816
14467
4765681
0
2233965
16310
0
19388
15355360
3984832
2396556
12158491
0
12180123
5500154
21871
2051
24047786
0
2786
4930943
3739
18272
0
8496
10637
4865171
8534
0
0
0
0
6817
0
0
34661
4872
30825
0
0
0
0
2398223
0
5330750
0
0
0
0
13759
4688602
0
8659
6948
5509
35086085
9990
4579
20626
0
0
5866
14834
0
11666
2421
0
0
4709
0
5546143
8105
0
0
18349
0
3796
2191
0
0
4434482
6055529
1203
4850
0
8746
0
0
14459302
2871296
5339
4949924
3314
12539
7969898
0
0
7057265
0
0
18195
15119
13282
10587
16302
15559
9141
1526666
4514335
0
1741675
0
11652
2552
15527750
0
6442
3144
0
187794924
0
0
25549438
10854779
18236
5116668
35293
0
2566
11208
4376
3693334
6631
3465925
10655829
0
2422672
0
4165
18627
8995
0
541506
0
0
14845
0
0
2095
8595
3893759
15557
8396
13592959
5065
10032
0
5239452
6454972
8773
0
0
0
0
1192773
5932667
36002
0
3945
10174
0
11837
0
6516
0
0
13275
2714093
0
9090923
6873422
64248
6146545
13859374
0
4685527
7444
23153
8768
20896
0
7922880
2986711
3224921
71594
0
11463134
9349
0
0
11955324
4909
1221889
13609978
14019
9194
0
0
16725154
0
0
7270
22096584
0
0
17631823
0
0
4124745
6650
8116
0
7634
0
1821310
1320076
0
0
613237
16788010
6946
5722178
6913
0
0
0
2041
14397001
11546
11670092
0
0
0
25758
18297
16184476
2925735
0
4548077
0
0
1115
0
2816
8819
0
0
7361
7701
0
15526
0
9081
6900
3860457
0
21673056
1197
15464
47799035
6302
0
2173522
6260688
0
36965
0
6647321
3541
2176
134401191
0
7772
13725
16063
0
0
0
5415025
7238
4467
21976151
9212
0
31880
0
2316152
9102213
0
3585313
29017
0
8885
11965
5764971
2877
0
7991
8368070
35954
3062
1470015
0
2671
0
1190
6483
3664039
7830
0
9441
0
0
10970
13422
0
10088
11245429
6419
34445
0
9581
8943
13756
0
0
78610452
0
14830
8410
1806787
13755
0
0
3984510
23770031
9191
0
6197
0
43603
44786556
0
0
0
9517
0
6832127
2433715
2531832
3490
0
8457
16163452
1300395
0
0
0
6817
9430
3180
0
0
14984
10400
0
7083
10852070
0
4028422
11209
10784568
11694562
1429
103566489
7501363
0
0
0
11346
10975
5572
10497
22420
10921687
0
14552561
0
2942
0
0
4229589
9109664
9912
0
14851267
0
9562570
0
2109030
12688
0
2529011
3988295
0
0
7854022
27334200
0
0
14504
11256
0
12230013
10993543
0
2824
15136
4243
8405574
7102
3257103
0
5189870
13565
2518353
2146201
3475
134563292
8489
3847
0
0
0
26900
0
0
8399102
11163445
12819221
1487
0
15141
7771
7860400
17996
0
8105316
8273451
0
2859842
0
16093
5055355
0
10231856
0
8615
0
0
0
5773
14565
0
2339
6748015
4637
10646
0
10028560
3731406
7479523
0
2786
12301
6989
4207
1359976
7013
0
13943365
5362
95928629
12517010
3830257
14125
10740
0
30531213
1227078
3248
4141
8837877
11032059
0
3763
3126920
6410
4328084
3620290
3071
8647
9715
0
32175
8400931
8466
0
4908943
0
2627101
8306
6336271
3195
211571
18181
0
0
8378360
0
19024
0
0
0
3040473
474710608
2974
2995
4604
2735209
23076
0
19705
3794
0
9367401
0
0
0
14632
0
0
14556
7693936
2032
0
1908460
26917
0
1577610
24476555
3760
0
5811255
13275
0
0
0
0
0
0
0
0
0
0
7290
12956
0
4758
2896033
0
24204
0
0
11843
8801
0
8094
8998
8178
0
15296
1249
0
32207
0
0
4759920
2391
0
0
0
7176118
0
11598
4619
4920
7990
0
0
45675
0
0
5155
2218862
73393138
6489
8354
280203099
2246334
2769
0
8318
0
0
9424
0
10496230
0
0
2835
113526249
9224
2655
0
16605
2268389
10907
0
14151
11124
5083329
17065683
15710
2818
0
5218
0
0
4079
32895
0
0
3397986
9792
0
5036
32771694
0
6200996
1227553
14417
0
6566254
4857767
0
5903555
4175467
15825
0
8239458
0
6741890
11664
3764298
0
0
12891
0
7711961
7606
0
11073
0
0
6839
4062427
0
11391
0
35869284
5089
6943133
5010
6567
11259
5786
10979
6921
0
0
0
0
0
3996072
76562306
83863562
204711
9706
0
46367537
0
0
11623
7872479
9379342
6519
5398304
8265478
10975
4135
4555585
0
8856
6880
0
0
24007764
0
7511741
6665
6050262
0
12960
0
0
0
17348
6574972
6070048
13414
124523916
1752866
0
0
0
20768
0
0
27145
0
17823
12873
0
7298401
0
15371
11482
14233
0
11230
0
0
0
3456
0
4516
10857
2866409
0
3045
7118
13849
0
9920
29744878
0
9870
0
2155244
0
0
8293
0
23459
10300
54499919
2898
0
2412337
17699
24474829
8665928
62386610
10278
6660
17978
0
7191
8016201
10948
0
11895
30431
46758242
12164
1735
3221
33116
2521
0
0
0
11939
6805280
13775
32541
10916582
7586241
0
0
13192
0
0
2280744
7290
8719
44280370
3979091
30035267
3023
21017319
16145
10450682
0
19273
0
16507
9524
12238633
0
2378
3895644
25882
2195
6863
3791952
0
26210
5164398
0
13994938
0
0
0
0
0
14508
5554663
4596239
31368608
9648
7863003
0
0
0
0
4501
0
27873
6101
5333528
0
10917
7321
12934268
5526
0
4088
0
24817
0
6850
11856694
0
5859
16851287
0
0
7928
1099800
0
4195
2475991
1780803
8556758
11580384
0
9711
12809
31461
24411604
0
8742
0
36697
27338
0
3586981
3939928
2398735
0
8719
0
0
0
0
0
33372744
19166
0
0
0
4615
0
0
0
6059
7482
0
20526232
0
0
5657628
0
0
11728
3525
0
0
0
12235658
8855730
0
0
16593
0
0
0
0
0
8840
0
20961
4687
0
16637721
7529
0
0
2547656
0
0
7901453
0
7014
0
8607
5796336
17621
1048908
0
55795
0
11585
3859
28348
0
7835
128766944
10354166
0
17177796
134416130
0
0
5954065
1458114
0
0
55907940
7268
7943
0
0
0
4308
4232
0
0
6866
0
7141097
3197
12956
15439271
1187136
10731
5241171
7834
0
17246379
0
0
0
0
7072
0
2704
10045686
7846037
0
4448770
0
139147379
18575026
23083235
3999
0
7333798
13451
2598777
5626498
8407
229458633
22377
3573
8367
0
3562
18878592
8859235
0
0
5326
0
9447720
17133
0
12374
13390
4047
3131
7943
0
0
0
0
7123
2345
16574
0
4492
0
33252589
15775
0
0
0
0
0
0
3512551
1779145
0
2831
0
10954036
9466
10455
29250
11590591
19033
8126
0
18157
0
48562662
0
0
0
0
0
0
15595
20022
8811
6213
0
3321267
19816
16717
30066
0
0
10265
8893
3569
2221501
11500
28769
27272
3636773
21858296
0
13289
4482
8625
6658
11191497
4030996
0
10073
0
15376408
12496
0
11371847
13767
10928
0
0
0
0
0
0
0
9709
8087
0
1388
10964
7853955
0
11593
11177
15882323
9196
0
69797692
3728035
5927
0
7844
1302881
4464521
0
0
14593
0
0
0
28446108
156003286
4288
15072
0
10639
0
0
7535
0
3164249
5276
0
0
12561
138741591
4921025
10350269
3510677
0
16074167
0
4478589
3749296
9740
9756
4527
0
0
0
0
14302
0
8618
11536
6111
6559
14736
13311
2649106
2754500
0
0
9827
3805528
0
3789
4158
4683
2696
5076
0
0
0
0
0
0
0
13031
9500358
5424
5517
6187
4076
0
7847
4606069
4115
3911220
3662
0
0
3917
6643392
0
8998
12658036
5286
0
0
7731
4481
15695
0
4801471
8720
6906293
11273
3505
0
8834786
2797766
19124
2128581
9627
11248
0
18580
0
0
7052771
3745281
11847
9583
6784
3710
0
13920057
4725957
11206
0
7514617
0
0
0
0
0
15582080
0
2967507
0
0
8978
9647
3152508
0
2948
0
6802605
7567
9204
0
3472
3456
0
0
10789442
0
0
4346534
13923
10479
0
0
5575114
15357
14043
8545
0
5964
0
8882
33262
2625467
3003237
0
3565
10163266
6610604
96535224
12594446
2657
17814
26262
17032219
0
28841
8548686
317206512
24218514
8105
1406809
4619
2814877
3650
0
6195511
10773853
0
6870
187603941
0
4127050
5039
3650089
5823357
24191
0
14824
0
1757133
14430460
4552
0
2787
4754527
24189033
0
25962924
7289
26017
2883073
11147
0
0
33817389
8505386
11486574
0
0
0
0
0
0
0
2638600
7605385
7706
10825
0
0
8684
91769621
105425116
5836721
7029973
7890541
0
2287
12700710
0
2466925
0
11537082
0
8580496
70362591
0
5889
3330
16270646
0
0
0
5480
5323686
9225
0
18739581
8596
13953
29649
0
3975761
18893
164044121
57948954
0
15305
0
22169
0
9520
376731996
1200422
5190942
5230
2231
21563
0
24414
2780
7336702
2755486
2457
3418
4391
0
10000
4265
20467
0
11079
0
23630
6384
0
20746
0
29883014
18374
0
16905
0
13976
5778
2389624
0
10725
0
0
11954
152506956
24593
0
9350
0
0
10590484
0
0
0
0
0
16150
31289084
0
15595
11746
0
13714
10689
3740766
5607
3528
13831
17653312
5005994
2157635
6926336
2089537
4009935
33296
24005836
0
2746056
13873356
5271
0
4974
0
14537
0
0
0
0
0
6920426
0
13956
15704
17087265
0
0
3020
0
2249183
10954
0
8540534
5102255
1719
0
19586
0
7972
9903
9664
0
1700233
0
0
0
0
9807
10946
4862
0
12479
11816002
0
3253843
0
7951929
0
5856
11927194
0
2330
0
0
0
3980
0
0
3125
4168
8028
11735305
5609407
13942369
16725505
7766285
0
1682954
16272
3067893
3795
0
1083310
11984
19877
17760298
0
0
0
14010
12603
12336
5619895
0
2983
0
0
15180
12417
10996401
4719763
53854686
186927361
12890
0
9769246
0
0
10735630
0
0
4461937
13008
6272764
7426262
7015312
0
12085
2155830
3494157
7784987
4796
4441
0
4645261
0
0
10800196
5820991
1782164
12034
16176
14394
0
0
9721916
0
9882470
6509183
0
46341575
0
0
3272
5670914
8262
2186628
15094235
21388055
0
0
0
16233
15094
9777
0
3386
17915700
7415
0
3289137
0
0
4409320
0
5441
1663013
1780823
0
0
8338
9931749
31638548
8373
10986
10371
0
0
2754117
6622812
27100
5887
0
2283965
14484
8718
5278
4172815
12444
6649393
0
0
0
0
14700378
0
8735
29541
8414
2777036
6197203
0
8464448
8569501
3237770
4062877
0
0
0
0
7093902
0
34444270
30709
0
0
0
6171595
6164393
0
8198
20400
0
2294793
0
7636925
9781130
0
0
7130
5377092
10773
5170
0
8944320
0
3758365
16942
0
5889346
34188
0
0
0
0
0
5778258
2017
11413815
19022
11750969
15095325
6133
17791497
5505765
0
8370126
15007
7246976
4924274
4800593
7496
0
9420
5923305
5606252
0
8530
9938919
7560
0
0
12019
11697340
0
0
0
0
5484343
8672
0
14892264
11713
18940
0
9412
0
6158
0
9299
0
68663452
4343746
6210062
12221788
3671242
6429
10894223
0
0
0
14695
0
64290971
3577568
10780803
0
17186719
0
1793150
0
0
0
0
0
26592
13989
23316
3742
0
2973838
0
879152
5635
0
0
0
5410319
4440941
0
28874042
26942
11620143
18354830
0
0
1825666
0
8568
8917
0
8170566
0
0
7292
0
12305
22388344
11954425
4731387
0
58124600
8092840
10982223
0
0
0
4625261
9522510
12599
1628
3894680
5237819
0
6765736
0
0
8417
0
12590692
6577
2173
0
0
0
0
4328
0
0
11021
0
4037
0
1920208
3043100
0
0
0
5764900
14837316
2006698
0
12701676
0
36705
0
9435
0
18061
14057
0
2832
67369899
13508
15480466
6767
0
0
0
0
0
1476574
7151620
4710971
0
9187
5727876
0
3201
232734362
6107379
5000974
0
1395452
0
0
0
0
11706947
15352
2092048
11526
127613
7473063
14905
0
14894
8442496
0
59621970
0
0
0
6893
10779
16155378
0
5097
288301197
0
0
0
7025773
16075
3253
0
11584
0
0
92377763
11884
9262
0
0
8551148
8993
3940792
0
0
13746
21189454
30683
5761941
0
6552
2151979
79292786
0
0
2934503
8891
0
9540
2698348
9039
8829042
18452
0
0
5389410
0
8970306
0
5001
0
0
0
0
4336812
0
0
7479602
4099
12501
21294
7587
6126
9069745
4230946
10577
0
0
6185155
19799
2757
3687706
0
10153
21864
0
17078
9400916
0
0
0
4134547
0
3886675
4930654
6930393
0
14938105
0
6049
0
5787579
28798
4465183
75504428
0
11746073
7327238
3911
20141
7607
0
4684
2861
9817
10165
55569430
9148192
2481341
0
55771908
10295549
0
16517128
0
0
0
9997
0
16713642
0
10985872
4649
4039281
0
6029
0
0
16032723
0
0
0
7631850
3818107
10199
0
0
5361830
10745537
0
0
1479100
0
0
99239334
4731
0
2525450
0
0
1574
0
0
0
0
1880016
4605783
7479663
17438039
0
11229
8851
10227
2401290
11940107
92962657
6210347
0
14979323
6342
0
8119039
0
10357
13656110
0
5725677
0
9548
9730
22809
6617656
0
13420
2565339
0
30505
0
29414
0
0
0
1720092
12246412
0
0
4442
7248
19919
0
12716948
0
0
0
20765
7186472
4037623
0
73600410
7095748
2570962
5760473
20457
15625
0
5737831
0
0
4346
8493889
8942
3633478
4692655
0
0
9115
2448688
41052320
0
0
0
0
128427048
2074882
18400077
0
0
9652
2276063
0
6669
5089
0
13519546
0
5918087
8466
1592437
6114
0
17034740
0
6028
5165
2998
12578
16202
0
0
232685846
8245
19761
0
0
0
0
0
0
0
0
4380916
2697906
5125168
0
16271
0
15603897
3755072
10260
0
0
15796507
0
21554
5127108
11708588
8963682
0
3709
4905446
0
0
0
0
0
0
0
2033542
0
7254
0
19196
33640
11863245
4120786
15791809
11222254
0
0
0
0
0
13925551
4594017
0
26841009
14721
0
17052
14501983
21556
0
0
10097243
0
4913
0
14505
10089
26098
9801
0
18350
0
0
0
0
9801
2231
5816129
0
10220
0
0
1050113
302486594
2131576
0
0
5440443
11306349
0
0
0
0
7806
7137424
0
0
3532939
0
4492
6108
121158665
24985914
4031
9487
1102488
0
2479428
0
2263573
0
9364
3360
0
0
12110
3143365
0
6710412
0
14681
11820109
3612367
0
0
4453877
12037
7898
14626
9760794
0
0
8490950
0
10142
10523
47173131
33754194
5981
15871983
0
10234
2019
14973169
4432092
0
22046683
4415632
0
10447078
4046
0
12743
18236
0
0
0
6152
0
1512740
11475547
0
6711
17134646
4089
0
78389721
1840160
0
17502
9063
4967502
7861435
11599
0
8379373
0
0
0
0
9754821
0
12415
11404248
3982002
10216729
7998841
0
0
7310
19059435
16443798
0
7422
2735379
0
0
0
0
0
474473
15191991
0
11793
0
0
8014664
0
0
8158
12466544
0
0
10237198
18945409
4611
11563089
0
0
0
13576
24421700
0
4565721
12932
4925587
0
0
0
9124
0
0
149376866
11311
4583028
0
0
11460056
6051
4225578
0
2522408
0
2172
0
0
69575247
4257
0
5810357
193211592
12848
12974
0
8468132
2742470
5267083
0
0
339995
0
3925
0
10053
802416
49762888
8857
16406690
11617
4172
7817
0
17816936
542093
10726606
23628
9432
6005
1226606
10809406
11588
0
21887000
0
0
0
7885
15092977
8924
6050473
0
6013209
27381
0
3415579
15433624
0
7756
2818520
10577
0
0
4389208
4464710
0
0
19714122
5754
5366304
0
0
3493208
10796
4462
0
0
9507
0
1138408
0
13382
0
9030
0
15061657
0
5065876
6095575
0
0
2300022
5857565
16699
1542191
8703562
0
4578
16039491
12133
17129379
0
7557106
0
0
8673864
15056
2904626
0
0
5611008
0
11493110
13685
0
1805534
11256
7633131
0
12253637
2821646
0
15339401
0
0
9317
23002
17202401
17875866
0
0
0
23147442
0
32942
5625818
0
2318601
4388
0
0
2035480
14575
15219
0
23909064
0
4055513
7500
0
10040201
5765065
7471025
7781959
1896094
3254
8359
0
0
18661
0
0
0
10118952
0
0
28428244
1496
8666
30223435
10239
11701
0
0
3309396
38719369
11263
26461
11131
29526
0
2358451
0
0
0
5193
11528
12426114
2602114
1916175
5000
0
0
7340
0
885127
25734
4850
6931
18434
5808
0
0
0
0
17806
0
11801
0
0
2464199
379669820
0
6992599
11271565
58036780
0
30719279
31769
0
0
13742500
0
15981
7123
0
10291
4206166
0
10036
0
12996523
0
2899
14543
29953991
11329702
9006437
0
0
8351228
0
16046340
10864924
5766
0
4491762
0
7439
0
11113858
0
0
11392276
0
0
14318261
0
13827
8356
0
0
4994055
0
11721
26190909
16238616
11439
14690
7862
0
0
6798
68126707
3430066
4687
15063843
0
11448982
7427221
0
0
0
5384073
4301226
20067885
453817
8454
10096522
0
0
26940
2788099
0
10053419
0
0
8816
0
7641505
0
8292466
0
0
15392
4467
9921431
4220853
5210142
6198
0
18386842
12828878
0
0
0
6122573
0
0
0
12163518
7353
6948681
0
15992
51272723
4350013
0
11957343
195678126
5387081
0
3641
0
0
6201639
0
0
0
0
7522159
8171654
0
11153
0
0
7715091
0
11462844
0
4066218
11509237
0
6499119
0
11110
10982386
4142126
2002933
0
11117
0
0
0
0
96356481
6110691
12897807
0
6351274
8364
14685
5042699
12547319
465364
0
8393
0
9835
11509369
0
0
0
3753
0
0
4430821
7835897
11800
3819703
3915092
14700
0
0
0
8507
5443
478995
0
0
1770625
0
1911423
22328
0
4765798
0
1956889
0
0
10316
0
3004285
0
0
8472
2429
0
5142
0
0
7382
10128659
10498242
15634910
34073
0
0
11937452
0
6276551
3432
0
17482
0
4195407
0
0
3426756
0
6974368
0
27211
17639
0
0
0
10108
2192005
0
5802
31778
0
10279862
20344
0
7363
5352156
6887543
2457926
0
0
60297345
14065826
15958
0
11710
0
14477
0
13070869
34020
4468
0
8352731
0
0
4416
9741134
0
0
0
97651893
10166
15232
26177603
108596212
7510
0
5436
0
0
0
3574569
0
20476338
1563136
2087077
0
20847795
0
4481430
0
0
0
0
0
19790
0
0
0
0
0
7012
6879020
0
3081
4090
1569059
18099530
41055636
2876981
8027
0
59501838
2332705
6133
5556954
0
0
464750706
3918
59458462
2204944
6459
0
11273
9406
6009297
14819990
465179935
5991
0
0
12238
0
2942202
0
2005292
0
10713
3299
0
4468
13816
6974461
0
957736
4220974
4611
0
4378812
4074
32870792
0
5528618
16811
13691
13453
0
19578
42155232
4102209
4084
4060175
0
0
8844817
0
13409
27448
4317827
10124265
9332
15924675
32370
0
0
6417
0
1994
0
0
8976004
21902
18473664
12761
13940433
16694291
3955747
12588802
0
0
11988296
10541427
8527025
5942
1693557
2118444
25456757
0
5453
0
8348
0
84917572
0
0
3494668
0
154520910
7752829
0
0
0
0
2589018
8439
10651
0
1901390
0
10424
8774578
12131019
11652514
0
0
10526
0
0
0
7901
0
0
0
1971238
0
0
0
10918180
0
0
0
9625998
4029
0
0
0
2247466
0
8572214
11760411
5546082
9318
0
14954
12321955
17254
0
0
0
1736
15706
7875
4839681
1284200
3853263
0
0
4691
0
0
0
0
29148
33097061
0
5144126
0
9720489
7824103
11177
0
24491
8045641
12539497
0
5269
5896
6028818
1443042
0
26632
8281470
8502
7103
1658957
4114140
11598
0
9385
0
110516
10715084
14688
4377843
1547550
145183736
4137
0
0
0
0
7794
178783057
22222
7292222
13821265
29655146
3887575
0
1929656
4262
0
0
4807
0
42807803
0
2828391
6464
0
11563096
4707
9174
5511000
4615268
11596829
11426234
0
15754717
0
4590
27482
7672561
6310072
0
0
20164
3519
2861
0
0
8905
13226
14923
9604
9571
0
0
5719
13915
0
30558
0
1270798
0
79174188
11270871
13706429
3909
0
36075
1436830
2552471
5013636
15913113
2873482
0
4047774
5491894
3660935
9865306
0
0
178934713
21864
4734232
10501490
12234731
0
6945
23985
5641336
0
7628957
0
11769
7162
1501719
13090
4683317
0
0
3161718
0
0
2831352
4575932
0
8911
5207381
3567
0
12382
4674
14710577
45458280
0
9249391
0
30843
5267703
20892
0
9394
0
7978
11559733
6272
12718
9682
5939609
4729
3020362
22905
11907418
0
8032532
8600
11697
8050347
8808
7197185
20076999
2160849
11106
0
5052243
16778
8046
239595161
0
0
10698180
14231977
3231
24438
10807
5741272
9012
1002734
9207013
0
123843
5605
9210207
12286589
2548421
0
995716
0
5127025
4959180
6925018
20339318
0
19380647
25094808
0
29128737
4698335
7447
11659
0
2617486
0
3780184
0
0
1413104
7913
0
8617
11054
0
10440
5085
11003
1042404
116782765
63307537
5077031
0
64909045
0
4095
0
0
0
9508
13728
3862453
2635513
0
0
10056
0
0
37756386
0
0
0
7628
0
4514178
2926235
0
197734760
0
16673824
16958
1234424
7242176
12141630
7670641
6950
9160607
3891956
23238
10845084
8567
0
13393
0
0
27313004
2910012
0
10929
1585699
20851
9310838
15668
47676584
7656
5128482
8760
11325236
7730298
0
7240
5969279
0
8792754
19746238
10202918
12005
7233320
0
5296798
4985780
22843
19004
0
6312466
0
9804
13553332
65029022
0
0
0
0
0
20788
0
2904392
6497822
0
0
4524031
537395
2136
0
1834767
4805012
3459390
3587
11059789
0
0
15023
0
13855771
468263
5796770
0
12292120
0
0
0
12123811
3954136
3353
0
0
2415467
5220
20719430
0
8889799
5703
18961227
4369
10568
0
53757457
37788407
95701308
0
0
0
9068
15034
10020
11021091
18879254
7926315
5916
0
5208
5664649
13804
70303712
8323186
0
0
0
15851511
14077
10818304
0
0
3174209
7254
5679626
0
0
10864
18301589
9050069
0
0
5348
10999473
18339
1818043
9422
5616131
0
12801
0
5157222
0
17657
5854
0
9092120
66596845
0
0
7805577
5322092
5069
7730448
4200427
0
0
5735
24978
5052
81272931
10499
0
14570188
4418228
14639491
0
0
5848366
9073
8811553
0
0
9938738
10265
15360
10374
17289094
7454
0
0
6340882
0
12370
0
24390
5071
28186
8005182
32009071
17865
0
5092
0
5621857
5606
0
0
3029679
0
12579
7932
4453687
56718390
0
0
17075
0
26292
12969
10642046
11909
14715762
0
0
0
12563576
9248
3972
11678213
0
11678
0
3789
5616958
2533564
0
6078012
14997
0
70411746
0
0
0
5943
5929075
58836888
4836549
10090
0
0
5116261
7318
11546548
5061830
0
9543224
4690384
0
17970
6361043
0
6172
0
0
7079680
7890341
0
0
0
5858565
8227314
2727062
19394151
12803118
11942
0
29012
0
0
5202003
7681
29693
1651791
0
0
0
12020
9803
0
0
14858398
18685
14656
15548
20604
9120
0
4690494
0
0
6636115
0
3540
25458
24414841
0
0
12602498
0
0
6112412
5850
0
0
7882312
0
0
0
9826
3521
9342
14219
9811668
3831
3059774
23620355
0
14608690
0
8115021
0
35114561
6555
12420
5353900
7601
6321
0
0
8866
2578182
0
5156127
10064
11380394
0
0
8385
3651251
0
4583
12359
17031881
0
0
5850407
0
3349
0
0
3958165
0
0
15377439
0
16221
10179
6821
7215830
8900
4622
5516485
0
61719799
4295
3793994
4858597
6977
0
28166826
0
4342748
9735
0
12497
9132
4806840
39172710
11535
7504
12994
12038
0
6411
6933
0
0
27916920
10690
0
7418825
17421
7932
0
12983
0
0
0
454012
0
2671019
5441710
55070282
0
0
0
19545
31016796
10731
16192
10196
14004
1933489
3958
0
3176030
6403607
4767587
15534135
4337275
23022886
2925
36026
11121
10890
0
45110985
0
152602
5094
0
0
194500801
0
7565
0
12000
0
0
0
0
0
12450819
10113
10475211
9923527
4914093
0
1933037
4957
11748
0
0
0
3094205
0
10554
10955707
11478
0
0
9639054
5667779
0
6081
0
43722277
4869848
4489670
2053164
0
26234
5043867
8726155
9538714
0
0
0
0
0
3345669
0
11286
1097549
0
0
4189
0
5816634
0
0
10778
0
8251916
13801
0
4541599
0
5880526
8677
5423346
0
6916704
473978489
9270
19819
5165010
0
25976407
12139141
6653873
4443012
11554791
4271
0
1953577
13327
0
11925
0
7592409
14182
0
5685
0
0
0
4178046
32675
0
0
0
0
11370589
66727663
0
4985203
2531137
4324306
3891031
0
0
5150005
2446976
0
9511
15773833
0
42280335
0
0
16008
0
0
2212605
0
5103
10396
6900
6941
0
12198361
14736
9615
3883
2241071
0
0
0
4709
15353
0
31039
0
3502
12366
1230429
3660849
9109
19705
0
0
5468796
1267277
16580710
17005748
0
8225
11851
0
0
8414274
0
11803208
0
8763
7379347
4405573
1707471
1431619
7439
134915889
363621
4368
0
0
38159997
0
16802
8622
7964713
0
0
8863
8730620
0
6523
0
0
8743486
2720001
0
121036087
5196356
3983326
2700
0
0
15855431
17456
0
13003
11652
10132
9655
0
5860
0
425062
0
12578239
0
0
692016
0
16110
2592108
12566
834566
3891411
0
18708
10432
2092378
0
55988764
0
0
25417
5691
179614
2429067
0
4015913
0
48495364
34080
0
0
12241326
24968
8951973
3796
0
0
15513
0
15226375
0
5348
0
13225990
3541941
11447
0
6755
14998303
2934323
21880
0
0
2804215
0
2243012
0
68216001
0
4295428
15798428
9553
0
11942
0
0
11185401
0
0
0
0
4062347
8697852
0
14241720
9561
8389
10448524
4701599
0
9574
44827852
0
25278108
4725194
2707945
0
3568441
0
8342
10702168
13926
80940646
5619
0
0
0
16175
5457133
0
26208326
6573546
9237457
7744
0
1803139
0
5487610
12567
11609
6838
0
0
4532118
37739642
4709
2435665
0
0
14937541
0
3317
10903266
0
10893
10285
7294595
0
10271
0
0
11355015
16014753
10605
7041513
0
6261021
0
15953519
24030473
11670481
0
106739232
0
193401088
5659901
9348879
8036
0
0
0
0
3115278
5586
0
69070641
0
0
6853874
4574877
2035339
4458476
4543211
18889629
4456
3348744
4172543
2559858
15829414
2217941
60191460
16274
0
4098201
0
1784627
8884638
9506
9869645
8750
0
0
0
0
1850937
0
0
0
11814
7898366
0
11781
26932
0
3639815
14553
5770450
9441
0
5213645
0
3863291
0
8667018
6818
4563119
0
0
6418
37364434
0
7979
13130
10061
4056452
6224
0
14343167
979806
0
0
130803334
0
0
4523059
0
12218
0
14362
8638356
0
33714520
18624950
9315839
3753853
4465627
0
0
0
0
0
2849662
0
12181950
12219654
2581
0
0
29427443
73897493
11668
0
5412
12914684
5885967
3168
7145
0
9076706
0
6428
0
2547191
13737045
0
4216
9284
0
7408474
0
6141851
0
0
13302
0
11695438
17398
0
3831689
0
0
7056
0
10172772
0
5879019
0
0
22707174
0
0
1436062
1838311
8591963
0
0
0
0
10515922
2702944
15491
0
116011849
8743830
11025527
0
0
126579036
0
12935
6825
14601854
0
27590
0
8245220
0
49767193
5754
3633732
0
5485695
0
0
0
1566069
66286066
17022
0
31408
5493908
6538
0
0
10888552
15347876
0
2585614
21105
12894918
4909274
36195
0
10649
0
6434
6235
5362
52820020
10367
2627276
11358
0
31071
0
4047
0
0
1707329
0
4646
27036
6744089
41568414
13502867
4397477
0
7121987
3933832
7750485
0
4402311
0
6122
28716557
0
2549042
38344319
0
11676643
23587
36360785
0
0
0
98407004
14414
594476
5849244
1684687
12628
3904924
0
25287100
11380
41182313
103413010
922189
15094
10929145
9312
9228
0
0
0
6176718
10077983
16103200
7871
8543902
5587191
6739097
20462
27098015
0
0
8675
10274336
0
7508912
30069790
29911993
0
11437
0
4760
9457
3992
4106839
0
22554482
14168714
12080318
0
18421
3910430
10604
11811
4128946
0
5442
0
0
66369074
0
11643
0
10294
0
0
0
0
44543621
14994271
12925318
0
0
5892350
0
58268684
0
11289
0
0
23616
0
0
0
0
20028142
6251495
3656790
20994269
7969772
28280602
7198832
11451021
6330059
10059902
0
7740284
0
7366344
0
7242233
29664721
13876
0
7122319
0
8963
5287
0
4539465
6872492
13124
13783398
4141
102948980
0
0
0
0
17141993
6012319
4362263
0
0
8513
8110573
76459210
0
0
54613424
0
22603159
0
11921282
0
33304905
18378253
11405481
0
9702
6686538
1521398
42129238
0
67453475
9532
0
2665642
0
0
10359
3089
0
0
0
23538753
2857388
0
7340567
0
4190
2790329
4855307
13258
17054681
6047521
12588763
0
2122394
24015
4342
0
0
4673589
0
0
3548340
7491205
0
3527122
0
12712146
0
15354
0
0
2568833
14887
0
16304285
14284974
8894
29637
16028
0
7446403
2314
0
8738
12279
16728726
0
1076627
11650521
5539973
31507434
7671
0
0
0
0
0
9629688
15947
0
9705622
0
0
0
5510524
15360962
5731022
10196055
74695272
0
34698525
2083584
0
0
10928357
0
0
4360
4998492
0
0
7816
0
6156372
0
0
5555058
4989277
397758
197342
3611419
27363
0
0
2783949
163038946
47405647
10808
0
3712775
12921795
5968247
2475868
0
0
61072623
5071
4310
9553068
8517224
0
4421713
222442602
11991
1144385
2885856
0
0
0
4932734
1160350
26923
0
4665923
0
0
4999670
6362123
8787360
0
8045
8699
5790
31959
29388670
15519
1327180
7424
8693
7753
31472
8645
0
101781139
0
11165
0
4010123
9532
2364
4001846
0
9430432
10890677
9965
17803
11804809
0
5313
86499761
0
0
10978540
0
11491097
8841127
4840032
0
0
4757
31636
0
0
4326222
41425832
5151542
4108
0
0
0
14812113
0
3301
0
0
9045
11981
10228039
7595073
20624895
0
0
18716902
0
3947
0
0
5179918
5196304
9087
12329
12711984
9342
11967
23482042
12084
11858413
2610543
16657078
0
8838
0
0
0
0
0
10843926
0
0
0
10908
0
14478786
0
0
7172
13390
13331723
0
145374545
0
0
64597590
15656014
12701300
13386
0
0
0
0
9908
9249649
9484419
4829
5166
11755
6094797
0
43618687
7726
22716282
0
0
4356436
24925345
0
21263
7781201
40232170
2288952
0
0
13803955
0
1858580
19237905
0
8381830
0
5257355
6611316
8769146
8742749
0
0
0
0
0
0
17291283
0
12880155
13158507
16889099
67469654
15713175
28607043
8026767
0
0
0
1321991
8864923
6100
2528953
18102647
9879720
3199105
0
0
0
8565325
9406
5419089
39614455
3799
12820266
0
4408
98751379
24826730
40290103
9916
0
0
5914819
0
0
8490310
0
2539258
0
2455
0
0
5563839
71152841
9116
14169805
2332991
11194446
8078
2431442
5809553
7793310
11249321
4426769
9636
0
0
17469930
4177
0
7481682
8538464
0
2044491
0
0
3525260
9232404
15092320
5692578
0
14944462
13736
0
0
25024814
0
0
23699
46736896
0
5154200
7272518
192371135
0
8222182
14718
10515138
0
28363
7581326
0
4807450
0
13933697
15222914
5641113
0
0
24573032
0
4587487
0
7053031
11034240
0
13896753
0
5400939
10175
22922
0
31527
0
12766383
0
12264
0
0
0
13149
7876
17762740
0
9022229
3116875
7759077
0
0
25608835
16374806
0
4379
125620
4819778
0
0
0
8251955
0
0
15185034
0
10952
55198219
105418294
4962377
9945
200632493
0
0
10840191
13774520
31085703
10006552
3803439
0
40525584
1516341
0
0
4438
0
7881369
2094326
3153198
0
10155984
0
0
0
0
7882177
0
60664066
0
2593761
2473881
6676058
11593933
0
0
17696319
0
7741465
3497627
24303
51434294
0
10307
0
0
57614286
4418
8599
10180
10626342
15046019
0
17827
4054723
0
0
5593
12623
4451569
0
0
0
10632865
195889424
5109164
0
19844
4584429
9040
0
7476
6612402
4202435
0
12645
335871
4144
0
3356957
19458448
7563
18185
0
9545519
4537111
4553474
0
13163
15225
4555271
0
26522
0
8228
0
7036591
0
69015954
0
4586
0
9227373
12511
67360988
0
1299126
0
0
5045758
0
0
16912
13563
15425
0
18015195
24230161
5579803
0
0
1964275
15701146
7925890
0
817929
18531
177162050
0
0
3119605
0
1339559
0
11791116
18268397
0
0
5795
6976997
7145
6811330
8922552
6929
9463974
10760
8471971
0
31132
0
0
17618
0
7937875
0
906118
5070558
0
2734408
14254
2498174
0
0
0
0
2963
0
31120813
10000
0
5979615
5469464
0
0
0
0
0
17708016
0
6508
11299
36922994
0
20460
0
2852696
0
5607183
4564743
0
16353
5123616
9657090
11267
2620
5423
7120
0
0
0
9756
0
11846623
7027999
0
11185492
0
14127
0
7948
0
189823651
0
4612672
17407715
1769372
8683243
0
0
0
0
14529747
4800889
5007014
7215442
8826077
5374
15720450
17281219
7644990
0
0
34686
4284
15170
6003474
0
12307243
0
0
4959242
13318
4053
8460983
0
2832608
11614015
0
0
11417
50096804
0
16941661
44176336
0
4202
5671824
6205
2769218
0
0
2873
0
0
5303
10939
0
0
0
0
0
7202
0
0
13950152
4871
0
0
0
60865104
0
0
8374
0
6643367
3158291
13074728
0
5781
0
0
0
0
8714
0
1197389
3370511
0
15358032
11410359
0
44779804
7446411
27527976
0
0
26178057
0
0
0
20640
0
0
5407720
2912
11640116
11799044
0
12116495
13298120
0
0
23531372
12995762
4430
10630
0
23309787
12602187
0
4473390
11873943
11506
13095886
5209
0
0
41144909
3021568
1169651
0
0
0
0
0
0
0
0
5545444
0
17365356
8973
0
10713
2233281
0
4890080
13977
0
8718370
12793
0
10012621
2118716
16933457
23387606
0
8551284
24200
0
12585018
44633639
0
2523560
5541
8391858
4901834
8367327
7813
0
6775359
8331186
0
0
0
0
22086
8767825
35040098
3972558
15006
6351198
4778385
17909916
0
7181957
0
267416769
6263
0
12806
7942941
8734646
19379884
0
2406
0
0
0
0
8646719
12209
0
0
9436
8890
0
0
16849262
4150966
0
9066662
0
18548
0
6581
0
12501
11556802
6970913
18195
8491888
69499684
6715
11276682
6409853
12920
0
1881341
10969248
0
57950222
0
0
0
14929018
5059379
24171
7880992
5841795
4448978
0
0
9444
0
18255578
14341
10746
13843303
4841494
0
75789499
0
0
10511
4500459
0
25296
0
0
12529
31528348
12576693
0
0
0
6658409
12486
21554806
8991798
15630840
12091036
0
11633287
0
20555649
5469
0
13683
2287030
10913
3070
6222459
3997846
5623341
9625
15995640
47732219
5369058
12253000
7565138
16797858
0
10111130
0
0
2263735
9299190
4723874
54660877
26113017
0
0
3138609
8966
7690479
6525150
12861
5213185
35707646
0
777215
378681549
17091442
9714
0
0
405879
9930
4945
3952175
0
0
0
0
1093984
6363492
200220
8671223
29791
7684
0
21518
11247
7341537
0
76396315
79358660
0
5779895
15143426
3128695
0
6663
9288062
24401584
3893
60417767
0
4141278
6200
13550
0
9032196
0
3258833
6174
4891
0
0
0
4462
3411005
0
0
4217
0
2841108
5784
0
19790766
4453
3112
5944839
0
0
94858074
3314
14079425
7670
10998
0
4174885
0
0
15112
5059664
0
0
0
4897085
6898968
5275
9675785
1517426
0
0
6711
0
0
63259090
14217480
1860611
11806008
14569
7367188
2005017
7507
15105825
11567089
0
3807006
11672
0
9987
24510634
38029138
0
0
0
3899822
0
4781372
0
9152
10922
13509466
21516093
0
11310
0
0
0
0
0
29633
0
29863
0
9809
0
4199200
0
3400300
7365
5903
4278
0
25645977
3479
0
9905716
0
4118300
13116433
0
0
6292
0
10335476
10385
0
0
0
12047527
34733478
17899608
7457526
4280337
8232713
14335804
38879885
0
8350784
58613277
11408037
2888512
0
0
7877037
11528842
96042341
0
8560
12019
5225390
2911504
0
27804197
0
82948587
7432240
0
0
43690457
11936389
66618173
0
10030
22413
7615
10679040
3875592
16086002
12294612
11621557
0
0
25561
3923133
24319
5211409
0
0
0
30332
11523
12743205
4260336
0
2413436
66156728
172305641
6513
0
0
15509937
6888281
8136
2883
7908129
0
26557
0
4863280
0
3789
2977767
3120152
8767152
8282
34113766
25526259
0
3466470
181979656
377471570
8899052
1396339
0
13148440
15011397
0
15544446
8017044
5350442
4182000
10032714
7184
4886006
58590318
4553
7733360
0
0
11929637
4695621
11868843
5032339
7649731
0
4009758
15253342
5349501
0
0
2766560
0
17310504
5792
17156104
50206240
7867266
7468908
8240551
9837
0
0
10647
11051353
12927
0
12528
11303847
5586875
0
0
0
69197259
0
0
9945011
23788
0
0
4011939
23444854
7095
0
5672
0
0
11544925
7799
6064058
0
3549
2354700
0
1076652
7885187
0
13045130
10644331
0
8717
0
2654388
2205181
7933395
4864163
2981969
0
16473236
0
3470
0
0
0
14186348
8341
0
24435
0
4876
0
30152
8062
0
10514876
0
6747
0
0
5024014
14380852
13465539
0
0
5061153
9991818
23596346
20976
0
0
12926571
0
0
4269150
6109934
2445
11506852
6923557
0
10628108
13951895
0
0
6986435
0
151648114
0
0
13136
8993
0
18829
0
0
3661698
3971
12196228
3185717
0
9257
5455166
8962
6612
7973432
200995736
0
0
0
0
7244414
0
0
9178075
9138
8912228
0
7955361
0
56229391
0
0
3318760
7380470
16114655
0
5813795
0
70141988
0
0
0
5717345
2688872
0
3980869
24280850
36494126
5341036
17184071
6654636
23433175
11009583
12191690
0
3851137
0
27542862
0
24886963
2474029
0
11215800
0
10748
14034387
0
0
3581393
8567824
4639329
0
8364
14129369
54492944
5638965
13012464
0
12238359
6927683
15874
0
0
7781386
11015342
3048260
0
7358083
0
4794
6231802
7359424
27709
0
14597400
8228
0
0
9547
0
0
0
0
5701
7312960
4368581
0
70573746
10971296
7406059
0
0
0
13013520
6337011
0
9031
0
12310045
14080
11066215
16648517
2930
0
96399100
0
4399401
10238715
5138
12374011
9331440
10075
11320254
6561
4770213
4210
0
15699556
14445679
0
0
0
0
0
4832237
0
8110082
1850822
22542
5472827
15445059
15498
19380
0
7220
0
2961678
0
25133
8023345
0
7722237
19047341
179271734
0
0
24566006
0
0
0
12343053
4371
4846975
5934981
3839291
2095267
0
11779278
10364210
0
95001138
81389414
0
1730383
0
23539
13406
10373
0
0
0
17053252
8816728
5711
6505968
0
79024728
29029
5685621
0
3111952
147102339
0
33925287
0
0
7599727
5175856
42149835
0
7469887
12065
0
9049205
0
13930121
10522
0
3477
7903874
17882839
0
83422443
0
7922087
20781266
11486485
30464871
195270105
0
3912586
0
12127
11723996
12134962
0
45123817
12715
0
742164
0
14634641
0
9242
0
8792
10379
0
9462294
0
10800
14872225
6173817
0
6690493
28646788
4526
0
11894303
24340406
3908846
18460034
0
0
2432180
17534
2642688
5577429
0
5904852
16470726
6285624
15409868
8403
5503589
10775321
7807217
1921610
10122
0
7593109
0
0
15871
10983
10905
12071604
15437193
7463786
6440672
17619908
0
0
10022365
18235887
6804498
58405739
0
5456159
5573
0
11211115
377947201
10309
0
17537486
16957228
29056159
6814
10280167
21332
0
4451643
8443757
4748212
0
18655
21685
8827
0
0
11540497
0
4503
118829
0
12887238
0
22469332
18632
6323282
0
0
9695129
4575103
9946893
0
0
163067442
12612047
0
95657383
5352918
10659968
0
17194802
378260461
12010
9908
4732026
17650764
7305553
3924
4398961
28380758
0
10471
11341556
25445
10338573
0
15623
0
3243
0
0
0
12229992
4371
0
27160
0
0
7117718
17332358
11530619
2384114
11352047
13710
10741
36172277
28824103
5027827
13596468
0
5882642
8258
8490353
0
2296962
4742
8424
14083080
7783671
9730656
9807
0
0
3376480
13010
14242831
0
37760547
0
0
0
8031183
3493968
6747992
28159003
11234517
7342833
12806938
0
0
11203285
5266178
0
0
10883374
8600861
9359416
0
17638425
35355860
30204
13704
6189060
3661
0
12661
0
17588621
0
1660276
0
0
0
4549
4095521
3480
0
7044464
9933794
7954
52398864
4501
0
0
15250826
0
0
0
0
3778
5180504
4033716
2775
5488
0
0
28936
0
5706618
10443
14969501
4102
5057825
0
5632
32973795
20885765
3668597
0
11428547
12007
61344601
0
0
0
28283131
10989417
7451685
0
0
0
6010
4115287
9583
6103488
0
0
5871073
5635
10025
0
12539430
0
0
27373
56663776
6069679
0
7713679
3899396
0
28969868
0
11533406
0
4221
9024587
3652263
3446
10127582
11203560
180564577
0
8541183
0
1013078
0
8964060
0
3723564
12656492
6308102
3018
6057
24843
0
0
12916
161451850
0
11079887
18934
19284
14309901
0
6131
4314258
4062
4093732
0
0
16523774
8150056
10792
11744622
0
0
0
2541340
7876904
4783839
0
0
0
10229512
7382458
0
3384
8574
5738743
0
14242
3236815
5426921
0
0
9118052
3687320
17967862
11604
0
0
9159
5185548
20724
0
931841
10528
16511447
5077396
0
0
57962053
0
26885
12541455
0
0
0
503937
11406
15060176
0
0
14923
0
0
0
0
7520
0
0
22058
0
0
2357536
0
0
0
5082456
1504612
0
9227278
2139714
2198223
0
8203377
0
11309
11727597
6502005
0
5250807
3977
0
0
4876882
5298135
6278648
0
7950
0
378485798
0
28074
0
0
8833751
6965205
8052564
0
0
10752447
3579
13125955
2040384
11588
163166
4998191
3516
12303718
8199881
0
0
4697665
2634744
0
4289222
28420
0
0
0
34254878
0
4251240
3686288
3778916
0
0
6176352
4630881
0
28073
9896447
0
19442
7992901
0
5787
0
4939
14078
6090239
0
0
0
0
10851203
0
0
3959848
0
0
67653029
6666
353228
0
8742069
5199713
5781
8149594
0
0
9932
0
9182072
0
0
0
0
0
7601784
10571477
12542837
6112254
0
7388681
2118829
380890690
3930
11001
23071
8367297
0
12072
9622
0
14776787
0
12983
5366449
0
0
0
0
10387
0
0
3854088
29077048
0
15968458
0
6300635
53131347
5137302
0
0
8937747
14131848
23262671
5036943
4739648
5483515
0
16482066
47569691
0
9256
0
4981
0
7470585
12086
2634624
0
5404131
6449121
0
8933
9575458
7964475
15786533
7344314
12433005
0
16507076
12047829
4629897
0
2946763
7852165
31620578
9085
0
9961803
10295642
0
0
0
6823891
59329997
0
1866051
94748395
0
0
0
0
0
9329
0
3660595
0
0
0
11826643
9836
7458885
15796
0
28214580
5053271
10854957
23048836
16676967
0
10563854
2918038
0
0
14845
10584
5186962
0
466916822
8976
0
27317
0
13977978
22398301
0
0
3579614
4598
0
15933804
1255328
6998413
0
0
2959108
8774
15085973
0
27178339
0
21839035
0
0
0
0
0
10472312
0
4833577
33313184
104192410
0
0
0
0
0
0
0
0
0
0
0
12204307
11322665
0
0
9129
6885
37366741
0
8524233
25355022
5006811
57230414
0
0
0
0
0
9046
0
28896
0
14934640
11223
0
3919218
0
3894373
0
0
24245606
26705733
108100365
22320946
0
