0
0
0
0
0
0
0
0
0
0
0
0
0
0
0
0
0
0
0
0
493750
0
0
0
0
0
0
0
0
0
0
0
875250
0
0
0
0
0
0
539462
0
0
0
0
0
0
0
0
0
0
0
0
0
0
0
0
0
0
0
0
0
0
0
0
0
0
0
0
0
0
0
0
0
0
0
0
0
0
0
0
0
0
0
0
0
0
0
0
0
0
0
0
0
0
0
0
0
0
714039
0
0
0
0
0
0
0
0
0
0
0
0
0
0
0
0
0
0
0
0
0
0
0
0
0
0
0
0
0
0
2614326
0
0
0
0
0
0
0
0
0
0
0
0
0
0
0
638367
0
0
0
0
0
0
0
0
0
0
0
0
0
0
0
0
0
962560
0
0
0
0
767727
0
0
0
0
871673
0
0
0
0
0
0
0
0
0
0
0
0
0
0
705682
0
1669530
0
0
0
0
0
0
0
872534
806196
0
0
0
0
0
0
0
0
869642
0
0
0
0
0
0
0
0
0
0
0
0
0
0
0
0
1000969
0
1724520
0
947773
867871
0
1791780
848938
0
0
0
642635
0
2303584
0
0
0
0
0
0
0
0
0
0
0
0
0
0
0
0
0
0
0
1670685
0
643611
761371
0
0
0
0
0
0
0
0
0
0
0
0
0
0
0
0
0
0
0
0
0
0
0
0
0
0
0
1060906
0
0
0
226707
0
867635
0
0
0
0
0
0
0
0
0
1125337
0
0
0
0
0
953655
0
0
0
0
0
0
0
0
0
0
0
0
0
0
0
0
0
0
0
0
636795
0
0
0
0
0
0
0
0
0
0
810695
0
0
0
0
0
0
0
0
0
0
0
0
0
0
0
0
626083
0
0
0
0
0
0
0
0
0
0
0
0
0
0
659531
0
0
0
0
0
0
0
0
1562477
0
0
0
0
0
724494
0
0
0
0
0
0
642060
0
0
626115
0
0
0
863865
0
0
0
0
0
569458
0
6040916
0
0
839214
0
0
1117270
643657
751032
0
0
0
0
0
0
0
0
0
0
0
0
0
0
0
0
0
0
0
898379
0
3141922
0
0
0
833838
0
0
8160278
0
0
745704
0
0
0
0
935398
0
0
0
0
0
0
0
0
0
0
0
0
0
0
0
0
1575120
0
0
0
0
0
0
0
0
0
0
0
0
1149498
0
0
0
0
1602588
0
0
0
0
0
0
0
0
0
0
0
748724
0
0
0
0
0
0
0
0
0
0
0
0
0
0
0
0
0
0
0
0
0
0
0
853970
0
0
0
0
1091955
0
0
0
0
0
0
0
0
0
0
0
0
0
0
0
0
0
0
0
0
0
0
0
0
0
0
0
0
0
0
0
0
0
0
0
2632376
0
0
0
0
0
0
879375
0
0
0
0
0
0
0
0
0
0
0
0
0
0
0
0
0
0
0
0
0
0
0
0
1277417
1059501
747231
0
0
0
787732
0
0
0
0
0
0
0
0
1404053
0
0
0
0
0
0
0
813156
0
0
0
0
0
0
0
0
0
0
0
0
0
0
873162
0
0
0
0
702404
0
0
0
1764410
0
0
0
0
0
0
0
0
0
0
620286
0
0
0
530534
0
0
0
0
0
908339
0
0
0
0
0
0
0
0
1961378
0
0
0
0
0
0
0
0
0
14909
0
0
0
1640064
0
0
0
0
0
0
0
0
0
0
0
0
0
0
0
0
0
0
1779709
689873
0
0
0
0
0
0
0
0
0
0
0
0
0
0
0
0
0
0
0
0
0
0
0
0
0
0
965134
0
757993
0
0
0
0
0
0
0
0
0
0
0
0
826128
0
0
0
0
0
0
0
0
0
0
0
0
0
0
0
0
0
0
0
0
0
0
0
0
0
0
0
0
0
0
0
0
0
0
0
0
0
1200883
0
0
0
0
0
0
0
0
0
0
0
0
0
0
0
0
0
0
0
0
0
0
0
0
0
0
0
0
0
0
693354
0
0
0
0
0
0
0
0
0
0
0
0
0
0
0
0
0
0
975476
0
0
0
0
0
0
0
534413
0
0
0
868338
0
671230
0
0
0
0
0
0
0
0
0
802523
0
0
0
0
0
0
0
0
0
0
0
0
0
0
0
0
0
0
1095503
0
896692
0
0
0
0
0
0
0
0
1133957
0
0
0
0
0
0
0
0
0
0
0
0
0
0
0
0
8577184
0
0
0
0
0
0
0
0
0
0
0
0
0
0
0
0
0
0
0
0
0
0
0
0
0
0
1044157
0
0
0
0
0
0
0
0
0
0
0
0
0
0
0
0
0
0
0
0
0
0
0
0
0
0
1055096
0
0
0
0
0
0
0
0
0
0
0
0
0
0
0
0
0
0
602788
0
0
0
9837504
0
0
0
0
0
0
0
0
0
0
0
0
807426
0
0
0
0
0
0
0
0
0
0
0
0
0
0
0
0
718929
0
926794
0
17049
0
0
0
0
0
0
0
0
0
0
0
810516
0
0
0
0
0
0
0
0
0
0
0
0
0
3821861
0
0
0
0
0
0
0
0
0
0
0
0
0
0
0
920072
0
0
0
0
0
0
0
0
0
0
0
0
0
0
0
0
0
0
0
0
0
0
0
0
0
0
0
0
0
0
0
0
676350
0
0
0
0
0
0
0
0
1588529
0
0
0
0
0
0
0
0
0
0
0
0
0
870580
0
649973
1022478
0
0
0
0
0
0
0
0
0
0
0
0
0
0
0
0
0
0
0
0
0
0
0
759246
0
0
0
0
0
0
0
0
0
0
0
0
0
0
0
1039066
0
0
0
0
0
0
0
0
0
0
0
0
0
0
0
0
0
638858
0
0
0
0
0
0
0
0
0
954802
0
600036
0
0
0
0
0
0
0
0
0
0
599110
0
0
0
0
0
0
1002536
0
825340
0
0
0
0
0
0
0
0
0
0
0
565463
0
0
0
0
0
0
0
0
0
0
0
0
0
0
0
0
0
1086212
2112936
0
0
0
0
0
0
0
0
0
0
0
0
885340
0
716016
0
0
0
0
0
957631
0
0
0
0
0
0
0
0
0
0
0
1701492
0
0
0
0
0
0
0
0
0
0
0
0
0
0
0
467069
875178
0
0
761497
0
0
0
0
0
0
0
0
0
0
0
0
0
0
0
0
0
0
1452259
0
0
0
0
0
0
0
0
0
981184
0
0
0
0
0
0
0
0
0
0
0
0
0
0
0
0
0
0
0
0
0
0
0
509956
0
0
0
0
0
0
0
0
0
0
738038
0
0
0
0
0
0
0
1741119
0
0
0
0
0
0
0
2015033
0
615724
0
0
0
0
0
0
0
647298
0
0
0
0
0
0
0
0
0
0
0
0
0
0
0
0
0
0
907764
0
0
0
0
0
2498388
0
0
0
0
747605
0
957694
0
2727729
0
0
708068
0
0
742732
0
0
0
0
0
581192
0
0
0
0
0
0
0
0
0
0
706555
0
0
0
0
0
0
0
698712
695929
0
1411686
0
564199
0
0
0
0
0
0
0
0
0
0
0
0
0
0
0
0
0
0
0
0
0
0
0
1663539
0
0
0
705246
897834
1128700
0
0
0
597445
0
0
0
0
0
0
0
0
0
0
0
0
0
0
0
0
0
0
0
0
0
0
0
0
0
0
0
0
0
0
0
0
0
0
0
1444823
0
0
0
0
0
0
0
0
982171
0
0
0
0
0
0
0
0
0
0
0
1308740
0
0
0
0
0
0
0
0
0
0
0
0
0
0
0
0
0
0
0
0
1742772
1146914
0
0
0
0
0
0
7918791
0
0
0
0
0
0
0
0
0
0
0
0
0
0
0
0
0
0
0
0
0
1079474
0
0
0
1895622
0
0
0
0
0
0
0
0
0
2003032
0
0
0
0
0
0
0
0
0
0
0
0
481436
0
0
0
0
0
0
0
1010602
0
0
0
0
0
941961
0
0
0
0
0
0
0
0
0
0
0
0
869709
0
0
0
0
0
0
0
0
0
0
0
0
0
0
0
0
0
0
0
0
0
0
0
0
0
0
0
0
0
0
0
0
0
0
5547438
0
0
0
0
0
0
0
0
0
0
0
0
0
0
1820234
0
0
0
0
0
0
0
0
0
0
0
0
0
0
1390840
0
0
0
0
262920
0
0
0
0
3079454
0
1019234
0
0
0
0
0
0
0
0
0
0
0
0
610831
0
0
0
681402
0
0
0
0
0
0
0
0
0
628666
0
0
0
0
0
0
0
0
1218110
0
0
0
0
0
0
797627
0
1001413
0
0
0
0
0
0
0
1914441
1087637
0
0
1585672
2478382
0
0
0
0
0
918552
0
0
0
0
1649434
0
0
0
0
0
0
0
0
0
0
0
0
0
0
0
955931
0
0
0
0
0
0
0
0
933303
1022062
0
0
0
0
1868767
946308
0
0
558367
0
0
0
0
0
1440326
0
0
0
0
0
0
164979
0
0
0
0
0
0
0
0
0
0
0
0
0
1660558
0
0
959291
0
0
0
0
0
0
0
0
0
0
0
0
0
0
0
0
0
0
0
0
0
0
0
0
0
0
895882
0
0
0
0
0
0
0
0
0
0
758501
0
0
0
0
0
0
0
0
0
0
0
0
0
0
0
0
0
0
0
691888
681476
0
0
0
0
0
0
0
0
0
0
0
0
853482
0
0
0
0
0
1573618
0
0
0
0
0
0
0
0
0
0
0
0
0
0
875358
0
933028
0
0
0
0
0
0
0
0
0
5390889
0
0
0
0
0
0
0
0
0
0
0
0
0
0
0
0
0
0
0
0
0
0
1054983
0
0
0
0
0
719994
0
0
0
0
0
0
807252
0
0
0
0
0
0
0
0
0
0
0
0
0
0
0
0
0
0
0
0
0
0
0
0
877373
0
723979
0
0
0
0
0
0
0
0
0
0
0
0
0
0
0
0
0
0
0
0
0
0
1083888
0
0
1039035
612491
0
0
0
0
0
0
0
0
0
0
0
0
969533
0
0
0
0
0
0
0
0
0
0
0
0
0
0
0
0
0
0
872834
0
0
0
0
0
0
0
0
0
770858
0
0
0
0
0
0
0
0
0
0
0
960737
0
0
0
0
0
0
0
428951
0
0
2475474
0
0
0
0
0
0
0
0
0
0
0
0
0
0
0
0
0
0
0
542967
12745747
0
0
0
0
0
0
0
0
0
0
0
0
0
0
0
0
0
0
0
0
0
0
0
0
0
0
0
0
0
0
0
0
1194089
0
0
0
632204
0
199099
0
0
0
1231533
0
0
859154
0
0
0
0
975607
0
0
0
0
0
0
0
0
0
0
0
0
0
0
0
0
0
0
0
0
0
0
0
0
0
0
0
0
0
0
0
0
0
0
0
0
0
0
0
0
0
0
0
0
0
0
0
0
0
0
0
0
0
0
0
0
0
0
1010314
0
0
0
0
0
0
0
0
0
0
0
0
0
752391
0
0
833541
0
0
0
0
0
0
810189
0
0
0
0
0
598478
0
2985
0
0
0
0
0
0
0
0
0
0
0
0
0
0
0
0
643015
0
0
0
0
0
0
0
0
1102131
0
0
0
0
0
0
0
0
0
0
0
0
1593581
0
0
0
0
0
0
0
0
748603
0
0
0
0
0
0
0
0
0
0
0
0
1972592
0
0
0
0
0
0
0
0
0
0
0
859183
0
0
0
0
0
0
0
0
0
0
0
0
0
0
0
0
0
0
0
0
0
906942
0
821354
1810821
0
0
0
0
0
0
0
0
0
0
0
0
0
0
0
0
0
0
755087
0
0
0
884937
0
1333376
0
0
0
0
0
0
0
0
0
0
0
0
0
0
0
0
0
0
0
0
1030416
0
0
0
0
0
0
733805
0
0
0
0
0
0
566310
0
0
0
0
0
0
0
696116
0
0
0
0
0
0
0
0
0
0
0
0
0
0
0
0
0
0
0
0
0
0
0
0
0
0
0
0
0
3817248
0
0
0
0
0
0
0
0
0
0
0
0
0
0
0
0
0
0
0
0
0
0
0
0
0
0
0
0
0
0
0
0
0
0
0
0
0
0
0
0
0
572162
0
0
0
0
0
0
0
0
1075237
0
548083
857714
0
0
0
0
0
1451613
0
0
0
0
0
0
0
0
0
0
0
0
0
0
0
1207891
0
0
0
0
0
0
0
0
0
0
917306
0
0
0
0
0
0
0
0
0
0
0
703116
0
0
0
0
802841
2008752
0
0
0
0
0
0
0
0
0
0
0
955225
0
0
910380
0
0
0
0
0
0
0
1270252
1007854
0
0
0
0
0
0
0
0
0
602185
718862
0
0
0
0
0
453392
0
0
0
0
704156
0
0
0
0
3749167
0
0
0
0
0
0
0
0
0
0
0
0
0
0
0
0
0
0
0
26691
0
0
0
0
0
0
0
0
0
0
0
0
0
0
0
0
0
0
0
0
0
0
0
0
0
0
0
0
0
0
8060730
0
0
0
0
0
0
0
0
0
0
0
0
0
0
0
0
0
0
0
0
0
0
0
1939428
0
0
0
0
0
0
0
0
0
0
0
0
0
0
0
0
0
0
0
0
857954
6059419
0
688976
0
1412883
0
0
0
232060
0
0
0
0
0
739770
0
0
0
0
0
0
0
0
1483824
0
0
0
0
1423703
0
0
0
0
0
0
0
0
0
0
0
0
0
0
0
0
0
0
0
0
605545
0
0
0
0
0
0
0
880034
0
0
0
0
0
0
0
0
0
0
0
0
0
0
0
0
715607
980607
0
0
0
0
3805713
0
0
0
0
0
0
0
0
0
0
558175
0
0
789126
0
0
0
0
0
0
0
0
0
0
951961
0
0
0
0
0
0
0
908798
0
0
0
0
0
0
0
722714
0
0
0
0
0
0
0
0
0
0
0
0
0
0
0
0
0
0
0
0
0
0
0
1203873
0
0
0
0
0
0
0
0
0
0
0
0
0
0
0
649657
0
713591
1400819
0
0
0
0
0
0
0
1018654
0
0
0
0
0
713527
0
0
0
1607276
0
0
0
0
0
0
0
0
0
627292
0
1485869
0
0
0
0
0
0
0
0
0
0
0
0
0
0
1108120
0
0
0
0
0
0
0
0
0
0
0
0
0
0
0
0
0
0
1620504
0
0
0
0
862317
1607702
0
0
0
0
0
0
0
0
715866
0
950297
852105
0
0
0
0
0
0
0
0
0
0
0
0
0
0
0
0
0
0
0
0
0
0
0
0
0
0
0
0
0
0
0
0
0
0
0
1243719
0
0
0
985785
0
0
0
0
0
0
1727440
0
0
0
0
0
0
0
0
0
705591
0
0
0
0
0
0
0
0
0
0
0
0
0
0
0
663351
0
0
0
0
0
0
0
0
0
0
0
0
0
0
0
0
0
0
959842
0
0
0
0
0
0
0
0
0
0
0
0
0
0
0
0
0
0
905344
0
0
0
0
0
0
0
0
0
0
0
0
947607
0
0
0
723724
0
0
0
0
0
0
0
0
0
0
0
0
0
0
0
0
0
0
0
0
0
0
0
0
0
0
1682574
0
0
0
0
0
0
0
0
0
0
0
0
0
0
1003854
0
0
0
0
0
0
1511854
0
0
0
0
0
955511
0
1313967
1093405
924264
0
0
0
0
0
0
0
0
2036402
0
0
0
0
32863
970958
0
0
0
0
0
0
0
0
1115750
1463998
0
0
0
0
0
0
0
0
0
0
0
543664
0
0
2234943
0
0
0
0
0
0
0
0
1120575
0
0
0
0
0
0
0
0
0
0
0
750326
0
1133876
1064367
0
0
0
0
0
0
0
0
0
0
0
0
0
0
0
0
0
970612
0
0
0
0
0
0
0
0
0
0
0
0
0
0
0
0
0
0
0
0
0
0
0
0
0
0
0
0
0
0
0
0
0
0
0
0
0
0
0
0
0
0
1098663
0
0
1028018
0
0
0
0
0
0
0
0
0
0
0
0
0
0
0
0
0
0
0
936177
0
0
0
0
0
0
0
0
0
0
867196
0
0
0
0
0
0
0
0
0
0
0
0
0
0
0
0
0
0
0
0
0
0
0
987028
0
0
0
0
0
0
0
0
0
0
0
0
0
692969
0
0
0
0
0
0
0
0
0
0
0
0
0
0
0
0
0
0
0
0
0
621075
0
0
0
0
0
0
0
0
0
0
0
0
0
0
0
0
0
0
0
0
0
0
0
0
0
0
0
562111
0
0
0
0
0
794277
0
0
0
0
0
0
0
0
0
0
0
0
0
0
0
0
0
0
0
1274364
0
1579974
0
0
0
0
0
0
0
0
0
0
0
0
0
0
0
0
0
0
0
0
0
0
0
0
0
1830478
2908090
0
0
0
1739216
0
0
0
0
12452279
0
0
0
0
0
0
0
0
0
0
776766
0
0
0
0
0
0
0
0
3762305
0
0
0
1038144
0
0
0
743210
0
0
0
0
0
0
1118859
0
0
0
0
1135834
564867
0
0
0
0
0
0
0
0
599167
1116604
0
0
1032852
0
0
0
0
0
0
0
0
0
0
0
0
566080
0
0
464948
0
0
0
0
0
0
0
0
0
0
0
0
0
0
0
0
0
0
0
0
0
0
0
0
0
0
0
0
0
0
0
0
0
0
0
2580425
741143
0
0
0
0
0
654835
0
0
0
0
0
0
0
0
0
0
0
0
0
0
0
0
1282787
0
0
0
0
0
0
0
0
0
0
0
0
0
0
0
0
0
0
0
0
0
0
0
0
0
0
0
0
0
0
823663
0
0
840092
0
0
0
0
0
0
0
0
0
0
660254
0
0
0
1501613
0
0
884816
0
0
0
0
777207
0
0
0
0
993073
0
0
0
0
0
0
0
0
0
0
710614
0
0
0
0
0
0
1076005
0
0
0
8019450
0
0
0
0
932903
0
0
0
0
0
0
0
0
0
0
0
0
0
0
0
0
0
0
0
0
0
0
0
0
0
0
0
0
579802
0
0
0
0
0
0
0
0
0
0
0
0
1937590
922124
0
0
0
0
0
0
718048
0
0
0
0
0
0
0
0
0
0
0
0
0
0
0
0
0
829692
0
0
1053204
0
0
0
0
918707
0
0
0
0
0
1112161
0
0
0
943357
0
0
0
0
0
0
0
0
0
0
0
0
0
0
0
0
0
0
0
0
880261
0
0
867064
0
0
0
0
0
0
0
0
612473
0
0
0
0
0
0
0
1562308
0
0
0
0
0
0
0
0
0
0
0
0
1016601
0
0
0
0
0
0
0
0
1591749
0
0
0
0
0
0
0
0
0
0
0
0
0
0
0
0
0
0
0
0
0
0
0
0
0
0
0
0
0
0
0
0
0
0
0
0
900316
0
0
0
1006089
0
885070
0
0
0
567327
0
0
0
0
0
0
0
0
0
0
0
0
0
0
0
0
0
3578790
0
0
0
0
0
0
961074
0
0
0
0
0
0
0
818615
0
0
0
0
0
0
661756
998514
1089784
0
0
0
0
0
1505676
0
0
0
0
0
0
0
1042372
0
666055
0
0
0
0
0
0
0
0
0
0
0
0
0
0
0
0
0
0
0
0
0
0
0
0
0
0
0
0
808218
0
0
0
0
615415
0
0
0
0
0
0
0
0
0
0
0
758262
0
0
0
0
0
0
0
0
0
0
0
0
0
0
0
0
0
0
0
0
0
0
0
0
0
652478
0
0
749200
0
0
760930
0
632969
0
0
0
0
806131
0
0
0
0
0
0
0
860490
0
0
0
0
0
943068
1615516
0
0
0
0
1906377
0
0
0
0
1102766
0
0
0
0
0
0
0
0
0
0
0
838468
0
0
0
0
0
0
0
1640531
0
0
0
0
0
0
0
0
0
952493
0
0
0
878629
0
0
0
0
0
0
696739
0
0
0
0
0
0
0
0
0
0
0
0
0
0
0
0
0
0
0
0
0
0
0
0
0
0
0
0
0
0
0
0
0
0
0
0
0
0
0
424875
0
0
0
0
0
0
0
0
0
0
0
0
2046607
0
0
0
1014272
0
0
0
0
0
0
0
0
0
0
0
0
0
0
1003170
0
0
1777489
0
0
0
0
0
0
0
1127555
0
0
3101840
0
0
1904878
0
0
0
0
0
0
0
0
0
0
0
0
0
0
0
0
725696
0
0
0
0
0
0
0
0
578146
0
0
0
0
0
0
0
0
0
0
0
0
0
0
0
0
760118
0
0
0
0
0
0
0
0
0
0
0
0
0
0
0
0
0
0
0
0
0
0
696916
0
0
0
0
0
0
0
0
0
0
0
0
0
0
0
0
0
0
0
0
0
0
1669895
1700723
0
0
0
0
0
0
0
0
0
0
0
0
0
0
0
0
0
0
0
0
0
0
0
0
0
0
0
0
0
0
0
0
0
0
0
0
0
0
0
0
0
0
0
0
0
0
0
0
0
0
0
0
1010064
0
0
0
0
0
0
0
0
0
0
0
0
0
0
0
0
0
806347
925857
0
0
0
0
0
563260
0
0
0
0
0
0
0
0
0
0
0
0
0
1042805
0
0
0
1677906
0
0
0
0
0
0
0
0
0
0
0
0
0
895688
0
0
0
0
0
0
0
0
0
0
0
0
855091
0
0
0
0
0
0
0
0
1434811
0
0
0
0
0
0
0
0
0
0
0
0
0
0
0
0
0
0
0
0
0
0
0
0
611326
722882
0
0
0
0
0
0
0
0
0
0
0
0
0
0
0
0
706219
0
0
0
0
20885
0
0
0
0
0
850811
0
0
0
0
0
0
0
0
0
0
2017599
0
0
0
0
0
0
984354
0
0
0
0
0
0
0
0
0
0
0
0
0
0
0
0
0
0
0
0
0
0
0
0
1799911
0
0
0
0
0
0
0
0
0
0
0
0
0
0
802429
0
0
0
1124053
0
0
0
0
0
0
0
0
1243617
0
0
0
0
0
3750614
0
0
701888
0
0
0
0
0
0
0
0
0
0
0
0
2461089
0
0
0
0
0
0
0
0
1051999
0
0
0
685367
0
0
0
0
0
0
0
0
0
0
0
0
0
0
0
0
0
0
0
0
0
0
0
0
0
0
0
0
0
0
0
0
0
0
0
0
0
0
0
0
0
0
0
0
0
0
0
0
0
0
0
0
0
0
0
0
0
0
0
0
0
0
0
0
1041324
0
0
0
717616
0
0
0
0
0
0
0
0
0
0
1274303
0
0
0
0
0
0
0
0
0
0
0
0
0
0
0
0
0
0
0
699990
0
0
0
0
0
0
0
0
0
0
632048
0
0
0
0
0
0
0
0
0
0
0
0
0
0
0
0
0
0
0
0
0
1446919
0
0
0
0
0
855326
0
0
0
0
0
0
0
571364
0
0
0
0
0
0
0
0
0
0
0
0
0
0
0
0
0
0
0
0
0
0
0
0
0
0
0
0
0
0
0
0
0
0
0
0
0
0
0
0
1003693
0
0
0
0
627531
0
0
0
0
0
0
0
0
1194660
0
0
0
0
0
0
0
0
0
0
728589
0
1124506
0
0
0
0
0
0
0
0
0
0
0
0
0
0
0
0
0
0
0
0
0
0
0
0
1017176
0
0
0
0
0
0
0
0
0
0
0
0
0
0
670935
0
782883
0
0
0
0
0
0
0
0
0
0
0
0
0
898176
526586
0
0
0
0
927292
0
0
0
0
0
0
0
0
0
0
0
0
0
0
0
0
0
0
0
0
0
0
0
0
0
0
0
622620
0
0
0
0
0
0
0
0
940436
0
0
0
0
0
0
0
0
0
0
677620
0
0
0
0
0
0
0
1029940
0
0
0
0
0
0
0
0
0
1172355
0
0
679207
0
1104817
0
0
0
0
0
0
0
0
0
1060798
0
0
0
668593
0
0
0
0
0
0
0
0
683914
0
0
0
0
0
0
0
0
0
2439840
0
0
762288
0
0
0
0
0
0
0
0
0
0
0
1420495
0
0
0
0
0
0
0
0
0
0
0
0
0
0
0
0
0
0
0
0
0
0
0
0
0
0
599491
0
0
0
0
0
813605
813875
0
0
0
0
0
0
0
0
0
0
0
0
0
0
0
0
0
0
0
0
0
0
0
0
0
0
0
0
0
0
0
0
0
0
0
0
0
0
0
0
834742
0
0
950814
0
0
0
0
0
0
833456
0
0
0
0
0
0
0
0
0
0
0
0
0
0
0
0
0
0
0
0
0
0
0
0
0
0
0
0
0
0
0
0
0
526794
0
0
0
0
0
0
0
0
0
0
897434
0
1784508
0
0
0
0
0
681798
0
0
718868
2359678
0
0
0
0
0
0
845471
0
0
0
0
0
1084664
0
0
0
0
0
1708307
0
0
584400
0
0
0
0
0
0
0
0
895427
0
0
0
0
0
0
0
0
0
0
0
0
0
0
0
0
0
0
0
0
0
0
0
0
0
564013
0
0
0
0
0
0
0
0
1226501
0
0
0
0
0
0
0
0
0
0
0
0
0
676383
0
0
0
0
0
0
0
0
0
0
0
0
0
0
751861
816867
0
0
0
0
0
0
765851
0
0
0
0
0
1082236
0
0
0
0
0
642144
0
0
0
0
0
0
607303
0
0
0
0
0
0
0
0
0
0
0
0
0
0
0
683378
0
0
0
0
0
0
0
0
0
0
907016
0
0
881009
0
0
0
0
0
0
809690
0
0
0
0
0
0
0
0
0
0
0
0
0
1851026
692348
938038
0
0
0
0
0
0
0
0
0
0
0
0
0
0
0
0
0
0
0
0
0
0
0
0
0
0
0
0
0
0
0
0
0
0
0
0
0
0
0
0
0
0
0
0
0
0
0
0
0
0
0
0
0
680619
0
0
0
0
0
0
0
0
0
0
0
0
0
0
0
0
0
0
0
0
0
0
0
0
0
0
0
0
0
0
0
0
0
0
0
0
0
0
0
0
0
0
0
0
0
0
0
0
0
0
0
0
0
0
0
0
865723
1763341
0
1736039
758184
827537
667284
928399
0
0
0
0
1110712
0
0
0
0
0
0
0
945901
833692
0
0
0
0
0
0
0
0
0
0
0
957710
0
0
0
0
0
0
0
0
0
0
0
1150664
0
659633
457290
0
0
0
1593106
0
0
0
0
0
0
0
0
0
0
892500
0
0
0
0
0
0
0
0
0
0
0
0
0
0
0
0
1264399
0
0
941907
0
0
0
0
0
0
0
0
0
162526
0
0
0
0
0
1012136
0
0
0
0
0
0
0
0
0
0
680823
0
0
0
0
930329
0
0
0
0
0
742039
0
723605
0
0
0
0
0
0
0
0
0
0
0
0
0
0
0
0
0
0
5355838
0
0
0
0
0
0
0
0
0
0
0
644332
0
0
0
0
0
0
0
0
0
3076716
0
0
0
0
0
0
0
0
0
0
0
552485
0
0
0
0
0
1023359
0
0
1600706
0
0
0
0
0
0
0
0
0
0
0
0
0
0
0
0
0
0
0
0
0
0
3726747
0
0
0
0
0
0
0
0
0
1367525
870991
0
0
1006221
0
0
0
0
0
0
0
0
0
0
0
0
943297
0
0
0
0
0
811026
0
0
912874
0
0
0
0
0
0
0
0
0
0
0
0
0
0
0
0
0
0
0
0
0
0
0
873044
1968223
0
0
0
0
0
1279493
0
0
0
0
0
0
0
743720
0
0
0
0
0
0
0
0
1049781
0
0
0
0
747188
0
0
0
0
0
0
0
0
0
0
0
0
0
0
0
0
1109645
0
956118
0
0
1160072
0
0
0
0
0
0
0
0
0
973156
0
0
0
846925
559608
0
0
1333076
0
0
0
0
0
0
0
712639
0
0
0
0
0
0
0
0
781204
810767
0
0
0
991299
0
0
0
1474451
0
0
0
0
0
0
935652
0
0
0
0
23294
0
0
0
0
0
0
0
0
0
0
0
0
0
0
0
0
0
0
0
0
0
0
0
0
0
0
0
0
0
0
0
0
0
0
529183
0
0
0
0
0
0
0
0
0
0
0
0
0
0
0
0
0
0
0
0
0
0
0
0
0
0
0
0
0
0
0
0
0
0
0
0
1172588
0
0
0
0
0
0
0
0
0
0
0
0
0
0
0
0
0
0
0
887382
0
0
0
0
899652
0
0
0
0
0
0
0
0
0
0
0
0
0
0
0
0
0
0
0
0
0
0
1316924
0
0
948755
0
0
0
1128856
0
649903
0
0
0
0
0
0
1180570
0
0
0
0
0
0
812900
0
0
0
1522085
0
0
695295
0
0
0
0
0
0
0
0
0
0
0
1968856
0
0
0
0
0
0
1012383
0
0
0
0
0
0
0
0
0
835545
0
0
0
0
0
0
0
0
0
0
0
0
0
0
817296
0
0
0
0
0
0
0
0
0
0
0
0
0
0
0
0
0
0
0
0
0
0
0
0
0
0
0
0
805535
0
1610389
0
0
0
0
0
0
0
0
738498
0
0
0
0
0
0
740010
744765
0
1542978
0
0
0
0
831818
0
0
0
0
0
0
0
0
0
0
600874
0
0
0
1126878
0
0
0
0
918291
0
0
0
0
674397
0
0
0
0
0
0
0
0
0
0
0
946838
0
0
0
0
0
0
0
0
0
1052665
0
0
0
0
0
0
0
0
0
0
649324
0
0
0
0
0
0
0
0
0
0
0
0
0
0
0
0
0
0
0
0
0
0
0
0
0
0
3992452
0
0
0
0
0
0
0
0
963028
0
0
0
0
0
0
1593435
0
0
0
0
0
0
0
0
0
595664
0
0
0
0
0
593456
529046
0
0
1641986
1496573
0
0
0
0
0
0
0
0
0
0
0
0
0
0
0
0
0
0
0
0
0
0
0
0
0
0
0
0
0
0
0
0
0
0
0
0
0
0
0
0
0
1369421
0
0
0
0
0
0
0
0
0
0
0
732090
0
0
0
0
0
872148
0
0
0
0
0
555637
0
0
0
0
0
0
0
0
1121721
625313
0
0
0
0
0
642267
0
0
970364
0
0
780332
0
0
0
0
0
0
0
0
721930
0
0
0
0
0
0
0
0
0
649031
0
574204
0
0
0
0
0
0
0
0
0
0
0
0
753480
0
0
0
0
0
0
0
0
0
0
0
0
0
0
0
0
0
610561
0
0
0
0
0
0
0
0
0
0
0
0
0
0
1542295
0
0
0
0
0
0
0
0
0
0
0
0
0
0
0
0
0
0
29902
1636343
0
0
0
0
0
0
0
8550297
940718
0
848087
0
0
0
745849
406859
0
0
0
798995
0
0
1101179
0
0
0
0
0
0
0
0
0
0
0
0
0
0
0
0
0
0
574961
0
0
0
0
0
0
0
0
2318453
0
0
0
0
0
0
0
0
0
0
0
0
0
0
0
0
0
0
0
0
0
0
0
0
0
0
0
0
0
0
0
0
0
0
0
0
0
0
0
0
0
0
0
0
0
0
0
0
0
0
0
0
0
0
0
0
0
0
0
763274
0
0
0
0
0
0
0
0
0
0
0
0
0
0
0
0
0
787928
0
0
0
0
0
0
0
0
893477
0
0
0
0
1699808
656802
0
0
0
0
0
0
0
0
0
17867
0
0
0
0
0
0
0
0
0
0
0
0
0
0
1168875
0
0
0
0
0
0
0
0
0
0
0
0
965851
0
0
0
0
0
0
0
812569
0
0
0
0
0
0
0
0
803333
0
0
1610742
0
3121659
0
0
0
0
0
0
0
0
0
0
0
0
0
0
0
0
0
0
0
0
0
0
0
0
0
0
0
0
0
0
0
0
0
0
0
0
0
0
0
0
0
0
0
0
1327767
0
0
0
0
0
1014960
0
0
0
0
0
0
0
0
0
0
1043225
1526020
0
786568
0
0
0
0
0
0
0
0
0
0
0
0
0
0
0
0
0
0
0
0
0
0
0
0
0
0
0
0
0
0
0
0
0
0
0
0
0
0
0
0
0
0
0
0
0
0
0
0
0
0
0
0
0
0
0
0
0
0
0
0
0
0
785329
0
0
0
0
0
0
0
0
0
0
0
0
0
0
0
0
0
0
0
582115
1044334
0
0
0
0
0
0
1032526
0
0
0
891670
970618
0
0
0
0
0
0
0
0
0
0
0
1050803
0
0
0
0
0
0
0
0
0
0
0
0
0
0
0
0
0
0
0
0
0
0
0
0
0
0
0
0
0
0
0
0
0
0
0
0
0
0
0
0
0
0
0
0
0
0
0
0
0
0
0
0
0
0
0
0
0
0
0
958765
0
19421
2583219
0
0
0
0
0
0
0
0
0
0
0
0
0
0
0
1151372
0
0
0
0
0
0
0
1747454
0
0
0
1140351
1037862
0
0
0
0
0
0
1433452
0
0
0
0
0
0
0
0
0
0
0
0
0
0
0
0
0
0
0
0
0
0
0
0
0
0
0
684986
0
0
1022187
0
0
0
0
0
0
0
0
0
0
0
0
0
0
587160
0
0
0
0
0
0
0
0
0
0
0
0
0
0
0
0
0
0
0
0
0
0
0
0
661914
0
0
0
0
0
0
0
0
0
0
0
0
0
0
0
1060918
0
0
0
0
0
0
0
1443191
1094331
0
0
0
0
0
0
0
0
0
0
19333
0
695091
0
0
0
0
0
0
0
0
0
801683
0
0
0
0
0
0
0
0
0
0
0
0
0
0
0
0
0
0
0
0
0
0
0
0
0
861432
0
0
0
0
0
0
0
0
0
0
0
0
0
0
1039087
0
0
0
0
0
0
0
4210108
0
0
0
0
0
0
0
0
0
963101
0
0
0
0
0
0
0
0
0
0
0
0
0
0
707137
0
0
0
0
0
0
0
0
0
0
0
0
0
0
0
0
0
0
0
0
0
0
0
0
0
0
0
0
0
0
0
0
0
0
0
0
549999
0
0
785399
0
0
0
0
0
0
0
0
0
0
0
0
0
0
0
0
0
0
0
1021351
0
0
0
0
999561
0
0
0
0
0
0
0
0
0
0
0
0
0
0
0
0
0
0
0
0
0
0
0
0
1756332
0
0
0
0
0
0
0
0
663770
0
0
0
0
0
0
0
1062013
0
0
1075783
0
0
0
0
0
0
0
0
0
0
0
0
0
0
0
0
0
707528
0
0
1009135
0
0
0
0
0
0
0
1627832
0
0
0
0
0
1686121
0
0
0
0
0
0
0
0
0
0
0
0
0
0
0
683888
0
0
0
0
0
0
0
0
0
0
0
0
0
0
0
0
0
3059544
0
0
0
0
0
0
0
0
0
0
0
1743427
0
0
0
0
0
0
0
0
1492103
0
0
0
0
0
0
0
1014590
0
0
9713265
0
0
0
0
0
0
0
0
0
0
0
0
0
0
0
0
0
0
0
0
0
0
0
0
0
0
0
0
0
812757
0
0
942118
0
0
1307583
0
0
0
0
646265
0
0
0
0
0
0
0
0
0
0
0
0
0
0
0
0
0
0
0
0
0
0
0
0
0
0
0
0
0
0
0
0
0
0
0
0
0
0
0
0
0
837669
0
0
0
0
0
695593
0
0
0
0
0
0
0
1073329
0
719576
0
0
0
0
978590
1416426
0
0
0
0
0
0
0
0
1083443
0
0
0
0
0
0
0
0
0
0
0
0
0
0
0
0
0
0
0
676269
0
0
0
0
0
0
1033649
0
912183
0
0
0
0
0
0
0
0
0
0
894713
0
0
0
0
0
0
0
0
0
0
0
0
0
0
0
0
0
696881
0
0
0
0
0
0
0
0
0
0
0
0
0
0
0
0
0
0
0
0
0
0
0
0
0
0
0
1135676
0
0
0
0
0
0
0
0
0
1613083
0
0
0
2667990
0
1070289
913819
0
0
0
0
0
0
0
0
0
0
0
0
0
680036
0
0
0
0
0
0
0
0
0
0
0
0
0
0
0
0
693198
0
0
0
0
0
0
0
0
0
0
0
679827
0
0
0
0
0
0
0
0
0
0
0
0
0
0
0
0
0
0
875474
0
0
0
0
0
0
0
0
0
0
0
0
0
0
0
0
0
0
0
0
0
0
0
0
0
919322
0
0
0
0
0
0
831764
0
0
0
0
0
0
0
0
0
765610
0
0
0
0
0
0
0
0
0
0
0
0
0
0
0
0
0
0
0
0
786708
745957
0
0
0
0
0
0
0
0
0
0
0
0
0
0
0
0
0
0
0
0
0
0
0
5818286
0
0
0
0
0
0
0
1016378
0
0
0
0
0
0
0
0
0
0
0
0
0
0
0
0
0
0
0
0
0
0
0
0
0
0
0
0
0
0
0
0
0
0
0
0
0
0
0
0
0
0
0
0
0
0
0
0
0
0
0
0
0
0
0
0
0
0
0
0
0
0
0
1014468
0
0
0
0
0
0
0
0
0
0
0
0
0
0
0
0
0
0
0
0
0
0
0
878149
0
0
0
0
0
0
1115439
0
0
0
0
0
0
0
0
0
0
0
0
0
0
0
0
0
0
782744
0
0
0
0
0
0
0
0
911876
0
750641
0
0
0
0
730451
0
0
0
0
0
0
0
0
0
0
0
0
0
0
0
0
0
0
0
0
0
0
0
0
0
0
0
0
36921
0
0
0
0
0
0
0
0
0
0
0
0
0
0
0
0
0
0
0
0
0
0
0
1514959
0
0
0
0
757258
0
0
0
2269042
563683
0
0
0
0
0
0
0
0
0
0
0
799500
0
0
0
0
0
0
0
0
0
0
0
0
948212
0
743713
0
0
0
0
0
0
0
0
0
0
0
0
0
0
0
0
0
0
0
0
0
0
0
0
1091810
0
0
0
0
0
0
0
0
0
0
0
597608
0
0
0
0
1631382
0
0
0
0
0
0
0
0
0
0
132805
0
865986
0
0
0
608520
0
0
0
0
0
0
0
0
0
0
0
0
0
0
0
0
0
0
0
0
0
599022
0
0
0
0
0
0
0
0
0
0
0
0
0
0
0
886126
0
0
747118
0
0
0
0
0
0
0
0
0
0
0
0
0
0
0
0
0
0
0
0
0
0
0
0
0
0
0
0
0
0
0
0
0
0
0
2435117
0
836174
0
806422
0
851759
0
0
0
0
0
0
0
0
0
0
0
0
0
0
0
0
0
0
0
0
0
0
0
0
0
0
0
0
0
0
0
0
0
0
162555
0
0
0
0
0
0
0
0
0
0
0
861389
2587246
0
0
0
0
0
0
0
0
0
0
0
0
1130700
0
0
0
0
0
0
0
0
0
0
0
0
0
0
0
0
0
0
0
0
0
0
882533
0
0
0
0
0
0
0
0
0
0
0
0
0
0
0
0
0
0
0
0
1038986
0
0
0
731506
0
0
0
0
0
0
0
0
0
0
0
0
0
0
0
0
0
0
0
0
602863
0
0
821490
0
0
0
0
0
0
0
0
0
0
0
0
0
0
0
0
0
0
0
0
0
0
0
0
0
0
0
0
0
1027270
0
0
0
0
0
0
0
0
0
0
0
0
0
0
0
0
0
0
0
0
0
0
0
0
0
0
0
962818
0
0
1075999
0
0
0
0
0
0
0
0
0
0
0
0
0
0
0
0
0
0
0
0
0
0
0
0
0
0
0
0
0
0
0
0
0
0
913298
0
0
0
865444
598671
0
0
0
0
0
0
0
0
0
0
0
0
854326
928170
0
0
0
0
0
0
0
0
0
0
658274
0
0
627529
687824
0
820709
0
0
884858
0
0
0
0
0
0
0
0
0
0
0
0
0
0
0
0
0
0
0
0
0
0
0
0
0
0
0
0
0
987892
0
2042141
0
0
0
0
0
0
0
0
0
875780
0
0
0
0
0
0
0
0
0
0
0
0
0
0
0
0
0
0
0
0
0
0
0
1012717
0
0
0
0
0
0
0
0
0
0
0
0
0
3612301
0
0
0
0
0
0
0
0
0
0
0
0
0
0
0
0
0
0
0
951422
0
0
0
0
860039
0
0
0
0
0
0
0
0
1037304
0
0
0
207973
0
0
0
0
0
0
0
0
0
0
0
0
0
699935
0
0
0
0
0
0
953298
0
0
0
0
0
0
0
0
0
1359616
0
0
0
0
0
0
0
0
0
0
0
0
0
0
0
0
2603585
0
0
0
0
0
0
0
0
0
0
0
0
0
0
0
0
0
0
0
0
0
0
0
0
0
0
0
0
0
0
1861916
1518315
0
0
0
0
0
0
1206841
0
0
0
0
0
0
3042792
0
0
0
0
931259
0
0
0
0
0
0
0
0
0
0
0
0
0
0
0
0
0
0
0
0
584346
0
0
0
0
0
0
0
0
0
0
0
851327
0
0
0
0
0
0
0
613601
0
0
0
0
0
0
0
912581
0
0
681836
0
0
0
0
0
0
0
0
0
0
0
0
0
0
0
0
0
0
0
0
0
0
0
0
0
0
1977306
0
0
0
0
0
0
0
0
0
0
0
0
0
0
0
961810
0
0
0
0
0
0
0
0
0
0
0
0
0
0
0
0
0
984016
0
0
886313
0
0
800316
0
0
866751
0
0
0
0
1272552
0
0
0
0
0
0
0
0
0
0
0
764124
0
0
0
0
0
0
0
0
0
0
0
0
0
0
0
0
0
0
0
0
0
0
0
0
0
0
0
0
0
0
0
0
0
0
0
0
505751
0
0
0
0
0
0
0
0
0
0
0
0
0
848065
0
0
0
0
0
0
980164
0
0
0
0
0
0
0
0
0
0
0
0
0
0
0
0
0
0
0
0
0
0
0
0
0
0
0
0
0
0
814176
0
0
0
0
0
0
0
7866919
0
0
0
0
0
0
0
0
0
0
0
0
0
710682
0
1395378
0
0
0
0
0
0
0
0
0
0
0
0
0
0
0
0
0
0
0
0
0
0
0
0
0
0
0
785445
0
0
0
0
0
958037
0
0
0
0
0
0
0
0
0
0
17211
0
0
0
0
586360
0
0
1625777
0
0
0
0
0
0
956472
0
0
0
0
0
0
0
0
0
0
0
0
0
0
0
0
0
0
0
0
0
0
0
0
0
0
0
0
0
0
1769191
0
0
0
0
0
0
0
0
0
0
0
0
0
0
0
0
0
0
1732094
0
0
0
0
0
0
873323
0
0
0
0
0
0
0
0
0
838085
0
0
0
0
0
0
0
844929
0
0
0
1807488
0
0
0
977622
644510
0
0
0
0
1360642
0
890110
0
0
0
0
0
0
0
0
0
0
0
0
0
825166
0
0
0
0
0
0
0
0
679210
1131031
0
0
0
0
0
672027
0
0
0
0
0
0
1029922
0
0
0
0
924821
0
0
0
0
0
0
0
0
0
0
0
0
0
0
0
1727308
0
0
0
0
0
0
0
0
0
0
0
0
0
0
0
0
0
0
0
0
1096303
0
0
952359
0
0
0
0
0
1186137
0
0
0
0
0
0
0
1046375
0
0
0
0
0
0
0
0
0
0
0
0
0
0
0
0
0
0
0
0
0
0
0
0
0
9666
0
0
0
0
0
0
0
0
0
0
0
0
0
0
0
0
0
0
0
0
0
0
0
0
0
0
0
1728360
0
0
0
0
0
0
0
1629516
0
0
0
0
0
0
0
0
0
0
1154488
0
0
0
0
0
0
0
0
0
0
2014935
0
0
0
0
0
0
0
0
0
0
0
0
0
0
650520
0
0
0
0
1598407
0
0
0
0
0
0
0
0
0
888700
0
0
1830379
0
0
0
0
0
0
0
0
0
0
828937
0
0
0
768892
0
0
0
0
0
0
0
0
0
0
0
0
478298
561062
0
0
0
0
0
8148976
972174
0
893717
0
0
0
0
0
0
750498
0
0
1813549
0
0
0
0
0
0
0
0
0
0
0
0
0
0
0
608239
0
0
0
0
1179158
1768248
0
0
0
0
0
0
0
0
0
0
0
0
683953
1473136
0
0
0
0
0
0
788548
0
0
0
0
0
0
2285616
0
0
0
0
0
0
0
0
0
0
1008712
0
0
0
0
0
0
0
0
0
0
0
3119557
0
0
0
0
0
0
0
0
822424
0
0
764687
0
0
0
0
0
0
0
0
0
0
0
0
0
0
0
0
0
0
0
981478
0
0
0
0
0
0
0
0
0
0
0
0
0
0
0
0
0
0
0
0
0
0
0
0
0
0
0
0
0
0
891397
0
0
661966
0
0
113159
0
0
0
0
888772
0
0
0
0
0
0
1520666
0
586642
0
0
886093
0
0
979012
0
0
0
0
0
772316
0
0
0
0
0
0
0
0
583355
0
0
0
0
3770896
1048517
0
0
0
0
0
0
0
0
0
0
0
0
0
0
0
0
0
0
0
0
0
0
714998
0
0
895963
0
0
0
0
0
788868
0
0
0
0
0
0
0
0
0
0
0
0
0
0
0
0
0
0
0
0
0
733418
0
0
0
919974
0
0
0
0
0
0
0
0
0
0
0
0
0
0
0
0
1061613
3096749
0
0
0
0
0
0
0
0
0
0
0
0
0
0
0
0
1115197
0
0
0
0
0
0
0
0
0
0
0
0
0
0
0
0
0
0
0
493876
0
0
0
0
0
0
0
0
0
785693
0
0
0
0
0
0
828301
0
0
0
0
0
0
711750
0
0
0
0
0
0
0
0
0
1000695
0
0
760377
0
0
0
0
0
0
0
0
0
0
0
0
0
0
0
0
0
0
0
0
1633481
629774
0
0
0
0
936112
860106
0
0
0
0
0
0
0
0
0
936980
0
0
0
0
0
0
0
0
0
670283
0
0
0
0
0
0
0
0
0
0
0
0
0
0
0
0
0
0
0
0
0
0
0
0
0
0
0
0
0
0
0
0
0
0
0
0
0
0
0
0
1439895
0
0
0
0
0
0
0
0
0
0
0
0
0
0
0
0
0
0
0
0
2250826
728182
0
0
0
0
0
0
0
0
880444
0
0
0
0
0
0
0
0
0
0
0
0
0
0
738548
5287675
0
3875025
531288
0
0
0
0
0
0
0
0
0
0
0
0
806209
0
0
0
1052182
0
820199
0
0
0
0
0
0
0
0
0
0
0
0
0
0
0
0
0
0
800450
0
0
0
0
1518117
0
0
0
0
0
0
0
0
0
0
807691
0
0
0
793932
0
963688
0
0
727573
0
0
0
0
0
899037
0
0
0
0
0
0
0
0
0
0
0
0
0
0
0
0
0
0
0
0
0
0
0
0
0
0
0
0
0
0
0
0
0
0
0
0
0
0
0
0
0
0
0
0
0
0
0
0
0
0
0
0
0
0
0
0
0
0
0
0
0
0
0
0
0
0
0
0
0
0
0
0
0
0
0
0
0
0
0
0
0
0
0
0
0
0
0
0
0
0
0
0
0
0
0
0
0
0
0
0
1479276
0
0
0
0
499932
0
0
0
974816
0
0
831679
0
0
0
0
0
0
0
0
0
0
3358771
0
0
0
0
0
0
0
0
0
967080
0
0
0
0
0
1517119
0
0
703274
0
0
859809
0
0
0
0
0
0
0
1055881
0
0
0
0
0
0
0
0
0
0
0
0
0
0
0
0
0
0
0
1688863
0
0
0
0
0
0
0
0
0
0
0
0
0
0
0
758666
0
0
0
0
0
0
0
0
0
0
1569470
0
0
0
0
0
0
954352
0
0
0
0
0
0
0
0
0
0
0
988097
0
0
0
0
0
581145
0
0
0
0
0
0
0
0
0
0
0
3194266
0
0
0
0
0
0
0
0
0
0
0
0
0
0
0
0
0
0
0
0
0
0
0
4219239
0
0
0
0
5305137
0
0
0
0
0
0
0
0
800192
0
0
0
0
0
0
0
0
0
0
0
639226
0
0
0
1068496
0
0
0
0
2382211
0
0
0
0
0
0
0
0
0
0
1479303
0
0
0
0
0
0
0
0
0
0
0
0
766676
0
0
0
0
0
0
0
0
0
0
0
0
0
0
0
0
0
1042889
0
0
0
0
0
0
0
0
0
0
0
0
0
0
0
0
0
0
0
0
0
0
0
0
0
0
0
0
0
