0
5779
1756825
1482
1438316
5043
2313
5558
2434
3851
1584164
7076
28955
4223729
2013
4400907
3043
3905
4198442
3140732
3589
4995
2468
4026
1121983
5033
4922
1939128
4985
5076589
1240147
3469
3046
3931055
1526170
1459528
4065
5140
8456
155811780
2953
4692
6312
3036
1241212
916648
1161204
6166
3455
2338094
2945307
1595605
3994117
4024
3895992
3235
175944483
522499
150360919
1620432
2381
3634819
80763514
3496
1392081
2889
198974244
1892731
1648060
7291
2077055
2901
3678
105923195
152813
164544141
655713
92937829
3424309
2562416
3072
4369181
3125
2296475
3270
1806867
3003
4487
4686
7982
2990
5009244
899769
3529
3040734
3575
760161
2716
100332153
5061
3960
1548832
6870
1949
2704576
10257559
102396703
122761
902151
2948285
93479836
7572
2627675
2772
8972
69667869
4182
2836
5434292
713178
325721
3554316
4634
727827
2839
7548
3099479
8263
111357535
1914979
88721929
135128011
2952262
2714
6785037
84408329
2413
189537624
4655
2111387
3447830
2766
88769882
3350407
1758325
2703027
4400260
72875232
558407
3575
2906
10787730
298987
1210494
1062492
87088165
123994823
2280906
2820379
3077172
3398
5231318
3729
4723205
6766781
4586662
89437923
6620
966236
20499
3051912
101041
149985786
196641
2685
4017
216879121
2925107
2933
1230634
4257841
3743007
957570
4103
4421908
252844
3122822
3441
1645401
2460548
6831
6280
4303
378666
3891517
519845
11002615
623119
191958846
117585379
112147537
282406
4825841
3146955
5865658
83621541
700718
3666028
4820243
7074
778731
110044
4501196
3457
7203332
145569142
1462524
4087
338742
4285
2592899
3412
3970665
762990
723171
2272833
1544744
22161186
4715
2061689
106662836
961842
2644371
85276885
3033660
1717283
1123653
1847932
2364
3151946
1774306
3963384
1835623
5310963
4715951
135614965
4583658
6155
96131484
3534
5092895
8932463
4638215
3388304
2359689
3674
2300206
3216543
5984
15631256
5582840
2097436
2864467
425265
5285
4117
4226
1480691
1472362
4830
3031
6916
4287
5915
1353425
12809210
1512723
465075
2143
766909
81397085
66462511
2874
1414219
8216496
3008
1065438
544844
3826670
5237250
331706
3091165
988793
2282907
4381491
5426632
2553781
5042704
4123
7956611
3068
1691157
3359061
4901803
891319
1366103
6208155
1650559
4963
4876412
4606563
70543227
3580943
1958451
2136
634395
497972
7644
6286852
6535612
1165799
301129957
2927
1790980
4729
4137401
1719872
6112884
233197800
5146249
4085306
7051092
1949754
6463020
4187
174179667
3541
8233376
3162
7420546
135339012
4974221
5575431
9496631
3133
3575
6304779
4459223
4892
141680
2907206
610842
3736917
4226422
112858646
1953
3157
2850
2862
2309596
2206848
2509958
1596852
10816
1677600
5103804
2366
6247
12888
3016631
133974346
3461373
2248501
115373483
4470969
735100
670585
97531198
2723
20204181
14574626
3904
2404813
2616016
774899
3493767
6788490
122641339
2143
2435066
4611
3225322
5653448
130582132
5764305
1430851
5166
5233795
4078
2374
3122
5778965
1318386
2580857
1915653
1749024
4391
462807244
2932228
4599725
2604
2249505
616105
140734301
7970276
182005197
3054
1949094
6627988
4093280
3434
2441
2090120
4464324
5206382
3215
4689927
197072753
158390834
5251
90575394
488991
2510
5217824
3427
2009247
126362041
2813935
157809476
3015
1731766
1451982
2757
3044
2009920
17015
3358081
2898295
3786291
478119
3312923
2382300
2124946
3801412
3001
4551702
1767
2925
5336051
4099644
2231417
5948
4259887
483881
5227
5044
6268646
2925385
147763237
2061
3485
4881611
4183
100133143
603
3535166
2807
2535835
386120
1723018
4189495
8038667
13706205
4993
4768576
1717815
181006723
3261241
2515754
1351197
4327392
3911295
884266
6013
4340980
10059469
2868844
3262302
2712
140894300
2711984
3148
17358730
9104
3653685
5469213
3442
259899337
6080893
1908924
956635
2053
2876
618777
8838445
3011
62856292
3119
1580880
3573639
1980039
316550
2292909
3315
4721
3360
2063899
3637724
3365
2414410
2476
3221610
115460347
3456
4548
2831172
4497
5024013
2363486
2986022
3483
161305296
1107794
272560191
3257442
2043322
3866
12273714
6979
5305777
2991164
91561101
2705
7544756
5122852
5071059
4948443
2791846
67177
3749248
6265
1326285
4519257
5208024
5582977
6882231
1027629
4972533
7656763
457006
2021657
4426
926881
3146360
6788328
3211
2630
3156
1182476
3477952
6210629
198258
1838033
4283527
4434376
2155403
141199988
116713067
2050924
120645422
3048293
2874
6648
2731
4423
3854
3308693
5476141
515443
105765405
3135553
4675594
2836517
121733355
5757493
2709
3063
2410251
5381622
172808793
101976203
2046209
3711
3044
5117
3404
2546597
3564
1006969
3412
3549329
439483
2836
2029429
2547
2042701
1373919
3002717
3707571
6955000
6654594
3269
5366436
2925855
3964
9369508
6130408
2726148
3236213
4455
7436801
3034
4531958
5426778
2964560
1027782
2845879
4020223
3407595
1211783
5276942
371216688
5591
6990699
2473
4707
8563839
9712321
3003
3762
11320269
3032
2396
1640980
6784465
3046
2716
5264161
610958
4072078
2659
1767870
3085193
3206635
3588586
2561
2089988
720375
2083587
3979093
5575
8219233
5138
158942793
1906
2490
2839
167912122
2510
5474089
2594
6949859
5433988
7579670
132571535
3123
2836519
17322206
1960
6610
2885554
14489
4951320
5428072
7719674
3423333
3246
4905
3547
5215418
12741
5349
3588170
6849654
115718444
3364130
1759776
617680
2405
5050
4135167
3782782
2457
124387588
3701939
5765127
6667118
4728612
107365564
4512021
93518947
1931207
2158469
2075859
88781790
3926484
1629954
405304
2146678
4900
2896
3783986
739773
2224988
5641891
2758135
8737
2914
3203059
1503283
3043455
2949114
924053
2880
5464172
229865107
3693973
501629
5714309
11611203
5815119
3167
5734
7774785
2839
5095
3954
2277330
3122
5514064
2610420
2714471
3839127
468315
754657
5501284
666038
5303
4032834
2892
9577
2461
132285285
121010208
17871
868391
6328495
5698922
193498993
3270341
2889725
3503151
2915861
3937769
3303
1785772
1741274
4371263
7590580
873775
2385536
4273117
5118275
3594492
3220
7245
3579271
91548951
4794537
8471440
759498
1634852
6459052
7548222
5394080
1840370
2026
1693680
636252
4975225
421162
1235481
6058082
8068463
193620099
5130
2490
57245176
9500
3017
6837972
144237328
8327322
3113
2921384
1631729
165659885
8380885
1358502
3533305
1617598
3442920
5243846
2192835
18133140
2756654
4917170
1398806
4358100
4724
9506011
8282137
98193373
232224175
4753290
219784999
3066110
110383340
2658
2218150
1882635
5096749
2268106
183530305
7915173
10567662
3801
1073181
9400567
4058914
185929858
73112929
2887873
988283
1440325
8355625
2679
2196
4882508
2253439
3232
1693212
224173466
1855842
6907899
1645116
3897386
2619025
4834011
4704215
6706
1994330
4050206
6012137
3147318
3849240
2694950
3274
4835646
6402556
3599
545216
7072311
1765586
10172464
5709
124771304
5168962
152321202
4485198
5595705
3696746
9304653
3226617
1790928
6389560
12996840
2624112
4125534
80604347
2880705
1298869
6539
2183
14168306
1873
835780
4505193
164480124
8957
6944503
4330665
6832
2843369
3471165
2220207
258953403
5330909
6228
5115503
4603232
8363303
3249250
6610171
1748194
12487769
121740373
173751890
231445
9321082
14410590
143313385
1448699
9671033
1542066
7814305
2091989
3016039
4960455
136848615
6425137
2152471
6349453
1344867
3909481
659394
2566
196083641
6255
10983815
5881085
521119
8831
4291398
7267580
6400560
8540785
3100669
4147240
2374
5498382
2094
1954904
3272248
6173
5300654
300651
2911
698425
13281987
1110020
3423751
36896271
136309079
7331352
151613100
5037850
5867606
3701423
11518213
888708
1640315
1192829
1017390
111861930
1076296
1086724
2586890
9778755
3539
3720
3620276
5327489
4783881
2334476
4239396
2776580
3980876
2002329
1072575
7090293
7678
2297861
3812574
181305569
4776703
2486579
4567
3046431
3929
6470102
1906710
2062
1973733
1916769
195806015
1705798
5438667
882970
6594455
941404
451732
4414739
2636
7394894
3102991
6956781
3472205
3607092
3092
6595
10454414
1958
101838333
4543353
5657
4489138
1686621
42638615
26223405
2885711
3026784
7454203
6950323
2310
3075129
2089416
3575990
271449323
2294
3452039
11985234
7924086
2612194
90223247
2488
1105609
4254577
5282701
5794820
6248276
3638
3711
4739455
2216
6646537
813401
8802867
6205241
5297
3575178
1705236
6152879
101956619
3624
5076
2419
475797
2116893
555376
5747351
1732863
10258217
2744985
5909350
4961899
11003276
3232
2646
2755
2656613
8415472
80858588
4934025
291968122
2488748
8558634
10507574
1474502
2077510
167935067
2148276
2347102
5401487
2568766
5065
1091919
4288402
7179427
5925
1858374
2880171
2258924
3842249
164290244
664439
191896027
325069130
305240992
6345138
6841312
7294328
3989
156030580
4299960
1924870
6907816
1584032
2422379
17449615
184586285
4155903
136784833
3759252
4807853
8160734
6290
5739
3279784
1912
4986334
1025532
3432433
7940810
7979423
1565556
7843425
4308
2326510
5722435
3913
4635
4391
2574
5993501
3986
4381588
2497
3758
4144066
143779178
3707
2578726
676111
2708
3441819
2860953
2202912
5420424
10534187
49556029
16150697
7774474
3143775
6021695
2183637
4835071
3488463
6799912
3597725
3734369
2144
7738028
6237633
2520
8140597
6609528
7977789
133371693
6766
2803866
531652
2270204
138436711
2699786
184238937
3056
4769405
1507898
1446337
2806
98475976
3143
2788817
4665795
1300786
86831679
3847647
3913382
3357397
6174401
3038
4195749
2010648
1135768
4714411
6724516
5563176
5416006
5333
267020628
120814525
7289
906352
1206318
6816314
2531
6503575
14211258
1849117
2699
7657762
2978
2937
8288147
5569446
3490070
9794038
122991347
623393
8936732
165107002
3460110
3892
4690
637484
14870675
155964068
3555540
2511
4152435
552784
4526587
3426044
160703090
6144032
3851826
7155955
7272706
344370
219578642
5544070
4089219
87759685
214964190
166423429
3329
2555598
5280306
4392951
3998009
882337
4279
692614
3073
2134
4551082
10880395
4411425
3165
1430961
1699783
10465224
4461642
4296377
2711891
4914734
9567065
5653282
2455
7675082
7275014
13144469
6146
2014280
7392601
5021219
8791459
7678
3109968
2474
5603942
3131411
1328724
4837
972855
139507378
8725532
3839024
6963033
8984696
6177350
197531037
4985436
108307120
2476744
2981
9117807
2371590
1412582
2446
14875986
10143145
3901102
5073223
84569030
115682450
3565
157594747
3089789
10197652
7085343
4768269
3076051
1490061
10564861
2034657
3152
1231610
5006408
3464654
2043720
1282304
3129
2846
4231
3463929
2413188
195838474
1112292
6915546
2164
222913706
3813096
212829121
1683375
2313
5147293
9656053
4881316
110045109
126931390
2888580
2975484
168136522
3175
5465710
5122
13108512
4293
6561443
14463387
3620369
3487012
2425652
1120934
2250367
2722070
5335502
4240629
2761646
1904998
2958881
4733636
3623694
3854897
2377603
6631039
2876261
6467020
6344985
3039595
1797504
2367
2356
5430
439684
1618609
3451
4608517
6242708
2006096
4008
29202167
6147653
3376638
3480675
3834898
2355
15461214
4121097
2515
4554
816365
1112080
6095610
2964024
3766
2664
3937
5321771
2722768
15586392
1055046
1751387
4987078
7879894
21457851
4244860
5009
14657992
4765951
5274700
4086736
66467436
154123228
1696582
6338846
3262
7555138
12245119
940291
2848
8592265
1644361
1960252
2775561
8266006
2681617
5545274
3172943
65392412
2681
13654578
2973
2536378
2878919
9581515
4643124
15587412
2761
7794897
15415173
12459604
3342
180480954
3339009
108498816
2190606
6649646
153986702
3395
6266104
7742
2423100
6610626
11961992
3512845
5357481
3426199
3783023
6464292
2260544
3306223
1192944
2787033
11091398
3988449
6623203
6790234
1593932
2817
10864275
2707521
5562
18334555
201944458
9887757
2865462
259365073
4371
5082641
2014473
16606407
1734763
3059814
693456
1572196
4854
3467886
14279397
195117819
2931693
3658699
5755
5346121
3188
4332
8493397
3766
8516721
7996
12941247
1246
5782627
14023375
6710728
1544194
1798280
5426
17116103
112262146
3818417
2468764
237628300
5997235
2771476
3391
1381894
330139707
1698804
106310695
3425
1646828
7277
3027
299309
4074
8472805
231164613
7042633
3017284
8701545
3528115
2259
1331666
3365951
7011145
8147781
106589332
2429327
2683702
8027446
5599615
2495390
2037465
433737
5936275
7230792
6453252
12292856
5840392
3187
2643293
5217489
1207477
3291132
9166122
940101
8687958
2965
3298567
3559
1266224
3391
113892997
2738
75140760
1087619
8118628
2805802
2113969
11519232
88704176
3286339
4575727
4300097
8172014
2394626
6463910
7676205
1909302
5666
3123168
6470528
295380
1319135
4495164
5283399
6924205
5490149
10749180
7615418
3480830
1027646
2023327
203702980
5666076
2004317
340857
175330886
6416889
3842713
1113268
193268436
1961485
5050679
10115941
10904271
5895490
12143754
3140367
2855
132181579
7949325
5005776
6595829
5605378
5774987
5923472
2650379
197724
103390928
2494219
324261
4938263
1567934
6440327
184151
239556882
10015029
3195016
8480145
299001886
268081676
5592300
2341824
81678469
2618557
1229067
111727702
9282
8434318
2250738
1097121
2937656
1573426
7724882
4067948
3042275
486528
1491877
1497
7777
1599830
7345903
4807422
7436232
21823744
1116464
6723227
9390004
2957
2098
138922265
4819139
211864766
17127
5849227
1903606
805617
259962
3858
3697328
502810
12185170
4827418
6601
2761890
7244113
12424475
370686100
6503153
4590636
5523294
114788706
4822318
11119433
5772034
169916128
4813077
4035138
3798872
3438979
6008802
1793835
5799145
3314658
355270
3728
1248993
5446
4543
256499069
4186575
6247438
2224588
2054985
277239695
4631392
125064880
125458133
1172000
3005719
3339
3399598
112434528
7365368
3265998
5819930
2244821
3000875
378612425
2670590
9343634
4852008
2860031
218821599
9015
3867
4417454
2933173
3312
2800378
9622432
8381298
11154830
247035416
6809551
3944985
7071495
10780753
5865025
10458010
5340597
3188
4206462
3394
3208
3912115
3868
3342609
94032904
2951
3148767
5942084
10545478
158136782
10684188
2443942
19656511
3808588
8263744
643744
7943703
156175098
7229
1799796
3112618
1245770
2986550
4882
8055789
2237951
176305312
2075579
192135370
169410989
4791346
18762960
5914502
7591415
2295262
7355732
197012658
3129672
3088
11471530
1296782
46160163
6124339
4988052
3847165
140909228
3498
4833504
10030412
9699221
2357310
5029
3059272
10497
3900550
990969
2459755
5764545
1870852
9097255
3542909
31796559
155738282
1450073
4043797
1984038
2236089
23138111
11198106
1821444
6740767
5323016
8535384
263022263
9174545
2384
1075743
7057464
1471812
3622
3327595
1861764
7263106
4579897
1642513
5574542
49711837
7461308
5876591
6370123
3385982
1946
2877073
1517658
3675
11271336
7212934
9426571
3221
3912293
11327491
5391953
3262273
1917083
7929839
9325732
2710
5344429
8662716
42951064
2791
6619336
117952491
5701301
174262
1060149
17051617
112108025
5216962
2919
2096418
2506201
10045114
290482845
4347
1554340
2057812
17865588
6606768
3336
3271
2831
135449014
823007
100805298
198409100
7156499
3947572
3664006
6651657
3165
5820792
2704345
11081852
23097176
157260058
1636772
5967591
4448260
576046
4210992
8289586
1561928
6373372
325091
8976060
8945134
344076832
3004117
5041020
6277961
5965330
2222266
2813284
2439011
2328991
8411268
3193173
12379846
40225503
6388205
3022
3316
8324467
3559
906859
1679697
3408512
4641732
3758633
4577846
150910039
3319485
3818
2343845
7254140
2510
2297801
5003102
238322780
13320757
3160567
13320129
3438120
10953878
4030
5281569
4342210
2052445
11002568
3396
1754510
2777765
3004009
3595827
3960111
29239498
57078976
8732159
3874657
17591298
18271034
7512272
16116478
2140871
3012
3011343
6362630
4513374
116041766
159240203
8597
34675087
4743337
4285820
3043857
4664037
5714873
2089474
3414422
239412612
258375962
6501483
8412492
2111390
174094014
2361
9380298
7661153
6873942
6215104
5421901
956129
1556007
102564249
3061
3224351
4779116
6232441
6115568
3571006
1923457
2627
2468
2322
3633568
969404
7319535
9413225
449333300
9546238
15474904
384279249
4975597
2925528
11519600
10723236
1447509
2861535
406166014
4097768
8137673
3139500
7489001
1835609
15947904
1541423
6074049
16668356
6721
7087161
4466273
2617813
4651285
5164044
8238941
229871259
21880655
3998333
15750069
298062009
2618085
7562307
6906523
17115177
4726110
7862538
12098716
6047819
185566579
4296153
2389474
4156894
9262580
6060983
2808625
3238505
1258271
5329020
3702
15120537
6726164
7956274
2307056
9232508
2735659
1017870
6899440
3027567
6546807
4524304
3396003
10097831
721969
504785
7731793
1163512
1830616
8087351
2257896
5411
17476430
1794962
2779224
142478991
617979
4505002
16267548
4513757
121833656
5662995
1786219
10938439
10064480
6194301
294764656
5161
3005674
5922014
1944
205399003
3502
3263
2514196
3498739
2347
153821484
10620628
7815569
9358554
192991642
5804752
352220939
6715758
1773903
4331
10653036
6070614
945847
3824915
5448565
1878272
6159115
3160730
2354426
4729
4254334
2972
3430850
182756705
2729364
2941110
192176113
9531
417925398
5567105
11063010
26194144
2240461
5193523
2166643
3448213
20162962
3205909
3155
87227785
2964
20367333
12120012
2819
106972685
5405
547659627
19422753
1868024
3751
3208170
2221499
44033219
5766
158674311
6378841
10230941
5106
6811468
2235504
2439086
4477367
3179097
6204533
5060901
2114209
6268122
3999823
13019729
7389115
8065774
274328918
1254824
5127189
3045520
3406
3164
1569419
11857060
5465071
6212462
3325582
2005469
16503837
3272
7057057
3127986
6103314
93142582
2435131
3032867
4652111
9120667
1825124
3881253
36476126
6497095
3276031
4021494
7126641
572067606
2053036
2335081
3879702
14164
1939686
4145250
2281763
2237411
4624344
5122304
2584842
11462676
5356312
2983
4460502
3104
4727842
1601578
6046659
5282669
23185196
315575377
7358563
3077
5356619
2394490
1363882
7397438
3263610
3505003
14122434
1444346
11909092
5605168
9221208
9480422
16226488
15390592
10327856
2047429
2253415
22156234
2862
6704474
150527119
1222719
4914846
75569490
3051
4827055
6815186
510815
13741279
5325485
12921719
10325079
3841144
2347275
19645530
8607553
736676
7755300
5307905
2164011
1485516
3086497
1472860
3484281
4641332
4216434
2939901
12416861
162899967
899888
4317270
950296
7235805
8312123
2666570
2993
4199
5027259
9027198
9271906
1373204
1215764
3726506
5930
6458831
16972965
6736932
232612189
2223836
2645191
5724887
896666
1254626
6693968
33010895
32179002
5433666
6757614
5574139
2098640
1810528
3233421
6159248
14047046
10759365
7930487
1886358
406130544
239545251
7269495
121331871
233625161
10810460
4355799
3702
759056
2783984
5560697
131339000
2665896
5241227
3298719
5856497
5598302
92440519
9489511
4080807
302372630
2360043
1703425
3882513
10064416
2305506
3139820
7116610
2834
5849
14869600
7255617
3392
5664
12614933
10359158
4344451
200513
1293660
278789380
4635410
77460189
5789001
2248326
8669737
5485731
3541405
6713605
21639022
15282489
7551737
9013736
5150961
4254455
10972149
6205387
26099001
5655241
1095329
8326364
10011693
10502333
2293
5361130
3389
4698317
3532002
7713347
29707630
100434781
988918
575755805
7509874
19974318
3086
3332927
758800
10036828
3002290
1354202
3145643
4420867
39957337
7941337
277829443
4230383
7221740
31640457
7042507
2975059
2400645
2101483
153590507
2333698
23638685
10581184
22050022
17563068
2328928
16886209
7133270
359627755
22640899
8447975
11086404
14345258
3503864
92967009
1202828
12259576
3020210
5358819
3403601
2126016
348974643
89645229
3716114
5099328
19005382
2610708
344775572
1040807
2942
2856902
6656659
1824922
6452285
110780497
9810472
688455
2967
5619663
12931353
3519894
5051853
4553024
13282486
11037694
6274509
7032330
13346178
6853157
104823263
5138672
8115936
191374168
6188561
314472609
10866188
13248002
7662295
4495871
8746782
4838052
14391644
2059216
11365580
12304299
3194
4451748
13753777
251306
8280510
1493940
6735422
9490216
21006597
7389415
2328187
8530310
216267274
7700
998015
8209121
3254
29429757
2675247
2582198
3511
45106388
3767106
9731192
4086071
19623240
9033915
11214492
5345556
4338763
13347269
7290035
2878134
8293510
16480
1331271
2502994
367318757
3557883
3459
1115396
17904765
8449740
21604921
6631402
7145126
398950836
4913306
6485499
5638351
3831017
128302941
5681882
3532478
8806061
13928743
22334239
11290319
3729
16694222
4045648
21914696
8352
18131
3374987
7841052
12802866
3414
5835021
13453157
2534148
2828
7428769
8721761
10936634
7808506
24402813
13473090
16438308
24331047
4732
4041
12541726
94208654
968288
5709007
2542423
8087546
24752710
12215585
4047800
20702325
3725787
4910002
6055463
3693958
5720721
3902
15230028
230332474
3445839
29504389
6791120
2442
2043775
12230630
5297198
10138309
8416096
233259134
5555718
3447658
12897931
10274016
189430403
2363399
3286
3963
11766672
9438652
8627696
5338314
14694600
11297891
2561866
1871969
781340
5788922
4706461
1689602
13306734
6863530
6811485
694371
2662555
1228881
8453688
5117128
14638613
3229522
6641970
220350383
9616020
4536932
7803513
8927882
386026335
8571598
1552879
59048254
7081661
16530912
171071753
11241624
8163184
14860404
5637025
2509
4588789
10724613
7476995
8742669
7393466
22331423
120206868
9404993
26578067
5687703
1799010
5465928
211386785
8488786
463235969
4619405
341600492
4792075
19946250
9194948
6348724
1668158
8675298
239401482
3062821
5000670
326548972
4736498
10042149
1396150
8809872
4640339
11125242
10767216
5811311
7436226
263899880
4757107
5715366
3398531
2046424
2120593
6926530
1041685
384830562
4752241
30919600
21426071
4746213
9364672
3624503
2913
10264698
522537154
4053
3193
8656149
4888
5788313
6578032
3292
2501050
10224282
21921258
19263478
5453307
2279
3207919
11968365
8376232
41165412
10572634
6255055
214175643
2310999
20652076
8222091
4241
2703173
161662698
6782645
6502754
2312253
13040610
192018807
4170874
591088606
3317
2238203
286974540
1800395
454962912
220904117
3148913
5363282
267302358
4236178
6772768
6568455
2412942
3800103
3727
5232083
13650651
156675171
4234011
2253672
13758010
6184247
27675066
1823455
3803
7181030
6502
8639060
5146949
3923
6247638
10538789
10610117
20914487
21941953
16647488
5370591
6837377
9384
7193053
60619053
7821540
9584676
6090799
180458540
2368797
3374157
5254625
3737122
2554473
3932272
12179577
7575882
15296075
2599838
11334152
6407397
6063213
2552960
18036034
714728294
11677844
9411065
4019040
133544091
2345394
3530471
1441099
6645442
4879836
3046
8494393
10889646
5563981
2790928
15968483
4374209
6342930
4224963
4118
5369356
3293599
8667460
2835
1727652
5822223
3465
9625172
8016278
5105198
3866002
5995904
2642
2515373
9440119
407900711
5383987
8951966
6258016
22883891
5033258
20418052
4521787
35050357
238471816
2923543
2625
15248833
281762403
159485861
5328836
2882544
8453007
2831844
3179178
8662705
2788453
4300009
17569678
6936677
8368682
2445
6449012
6310546
2146822
6899512
5146664
14806591
17271291
9434419
2196781
8515839
3748660
2333541
9574101
4054200
4910764
4650053
11936110
9194870
1182628
14061396
3103746
4358120
60141639
6012682
3537178
14462016
7045110
5364810
5798580
3428482
2692480
223265595
379859
3576763
24455930
2345593
5467963
3849481
6397389
13591296
12450505
5324023
562162735
3127791
12904276
4334372
2765
3954403
4526686
6121640
8894822
274348988
5857061
7020118
23485549
5658252
15648907
11524516
3374
3315
2643972
17038228
1008638
28602222
2820
11251745
26488158
5409836
6249062
24812455
3736100
9215723
7086812
19967184
3411549
8106719
2291693
4650973
5881801
6566946
9854288
126915545
762496
6141623
9378792
2999195
296670
14797163
15851505
3475866
24724271
4222900
5820715
10721480
4515
3286
15720706
3377
4141
1635078
6108361
7774303
22156709
468984
5179624
2276835
6051441
13071063
73603815
300955
4667173
12054080
7164656
5328891
4741287
56765553
42056550
368423
341104771
2223538
53634696
5528516
5288795
1982656
3412117
245445226
5872
21410386
19432421
300812964
8836093
5019702
206813483
1835401
1926646
339665286
2535879
29711675
265023
5140349
5895783
11435562
2889
3535775
2904
1437546
5721693
346277573
120932597
1503661
651432
2004042
5207816
5812851
2014
149318660
271711803
5115560
5155977
3696
5239408
11305387
5871008
1665028
9957164
11249081
4324609
13092041
13321399
25032392
13437176
8414461
3203170
11988097
1953839
1765816
14233377
8367198
1679840
3901
5416545
7011304
5213731
7029839
812208
1696813
15129301
20866477
178149105
8349110
1697925
1388314
10369521
238231491
12276280
11707370
3774
21761980
36567897
12585900
5092794
25770576
30815555
9683428
724034
133930582
4019325
5186727
4372040
12119319
756711
2345925
11435087
3950168
8665115
3169
7294305
24015499
4996388
2782
5545965
2738232
11896315
9436687
7655128
5971434
10528708
2437891
177840291
5176425
3554596
7016890
11082540
9150149
19351547
6793302
10756037
4049465
6621953
292248421
3061
11205890
7684249
10575813
30099618
4566651
46762318
3823404
7747378
4667676
340977301
6438236
6121169
85749140
6230190
445025177
1136143
2934
11854984
4599269
15094524
8275102
2576
17110028
2693065
398594635
66899108
10467637
10337594
3813359
1347013
6401931
513976
6614063
4108291
2492660
1901152
48863856
3634573
3126278
61789438
31847976
4588
141621078
29229245
5245297
24451128
492433071
3141695
9048882
14875292
8744259
304093473
6806504
9058818
2392149
2332782
13225652
5296506
12687053
16037605
15326961
4024526
16436854
5485539
8738316
2761
5672578
6646576
4778807
6190580
21966290
378876772
7347241
190729411
13085262
4195926
9805866
7848115
21375407
6713563
12229645
61108056
2571721
4427878
6601284
13297831
33453106
202370563
11835279
3860546
5083858
7332892
317695702
5980911
8636996
3273515
9545612
4102993
5538906
5112017
11983126
16346260
8712227
5229950
231588136
250509684
298889813
19966583
11826523
11167906
15352517
17589942
5801600
103208909
27615529
9078452
13413347
13576662
4602821
6205250
8232327
3331722
2508683
18267514
3775313
6713977
2869436
11566036
5433271
3798976
2678
5282265
7848897
4890018
2438400
6815516
1035889
5347382
1143424
5856436
36887357
9415334
1616709
18142510
89908412
13314721
183813336
10692922
7936002
4162958
5389246
37872506
4938744
6947249
7157
19893785
69951018
6931424
7301469
940094961
9270709
8321361
6834882
265814521
13183607
4601686
9265768
21986015
4686907
10693
499165913
3647
8897650
14294713
7345701
5463545
24792303
8421784
8634406
2676944
5381743
4125852
2064008
16346369
148997796
5246846
6031750
102584219
331073265
9461343
308000507
4569769
18305840
21095402
5670459
11113250
370521954
548299
5493023
77264886
6348083
12645089
96794912
35535881
4405692
42858291
2886039
28531367
32134797
5579395
6286774
23461251
4023880
295580863
16229245
16832853
8640810
6167105
9948317
591062104
325752159
573609
6805668
7304313
114446969
43328244
6208349
128771080
2959512
11868495
2891342
2802344
2117
3944663
4332245
5892349
13187986
3600936
12251767
5701
11184780
6117560
161766955
40067869
2317854
12330175
2741935
9034299
2730913
25985832
8924136
331047959
15495669
2019629
7706981
6544815
3283010
1126696
12404208
2131056
12320883
12538039
6011376
9290615
8263321
204492624
51788902
11487234
18804184
15539039
2874031
871139
13331501
11868416
13180648
26602648
4714120
286112280
12741706
4368362
6200975
2485577
222619785
5684329
24370527
426637098
27246977
3912420
742060818
2145848
3304
800847110
2989264
18242075
10115292
3097
55764630
2625397
10105395
17661825
22287153
6313897
75753051
11139498
10348
3002429
3814693
13275400
2718393
7228021
51309403
8799822
9715133
11022477
3961020
443007811
8197
4184
4948816
17040694
9922148
7608322
23076190
2375248
3746900
11937629
9804076
284353462
21684170
13116058
3639832
3867595
20485124
7683773
4138244
232107955
4212335
94673935
13336880
10506013
29452364
2899933
4557500
6775125
525107
43352787
11767590
7448206
7620687
3516
400741009
19675865
9303477
18432342
7419829
7960125
1047542
12230606
5676508
7791289
1926864
3011815
11841987
12804962
3135
8967581
103041661
5447242
7416616
20093802
8651082
9903661
5907928
7512527
8093218
333088205
14996251
3792016
18618514
6772637
35202032
15505764
4435560
1802969
5393860
7899138
11628701
452775
191821753
8522005
5784198
4110141
4658581
7725742
26822416
2773890
8228490
14452796
27397523
17326968
13744502
3974
7709914
13095852
2605040
17116518
3250764
3693614
19345985
40645826
6811503
110780061
1014214
11547255
38953378
5939397
4722739
3168
5683727
538103
7669338
6871921
5762174
180972297
3885
144857969
9781068
5462554
20557811
11067397
26366325
8663407
30557739
100272046
21739209
5520727
183767916
2080712
6541477
21807908
2217779
215386245
9022429
679075511
64038734
14724148
9606927
23555769
22539860
201507355
6614791
13629730
552256331
11025499
3362176
1173027274
538892673
9938077
2470693
3904738
25668907
10813819
3294774
30238089
9838677
23858336
48401635
6970279
10407172
13125738
6478319
2671183
96840096
23692602
3824091
14302260
13814934
3819962
6536085
15504844
6818386
6098341
7864263
19460026
6952275
3599013
3679721
10508424
7491362
8887811
36534448
9867736
8234273
2126385
53899719
79769842
4911944
11715129
8437908
235198426
14983872
330109988
5657589
14993614
28257716
5557817
4734383
3877718
11603098
452932035
13812834
5790271
196387678
16153774
6343
2616011
4386377
3971
3489291
7969428
3367
2196847
1574496
2418681
227082179
5230257
48499367
181439509
19323483
2248631
3312
4721650
32547722
4518507
30903926
3404
20798075
12640398
35415618
21600950
3699120
11551490
3041051
8062646
55872561
6345448
19202053
206810120
1574047
6049449
15372467
3954770
212736588
5730006
2533641
15209112
7359108
3444403
2904314
127644047
29607308
6634841
23114577
3633652
106567176
4204187
8041
7970546
12170273
32194986
10237413
6819788
17543653
3585041
3687149
5346699
7149066
580294941
14512818
26917751
5491520
561760311
4788432
2557
21511467
3705
3112
5295013
15326268
579524
787684
7712014
7770131
22146252
9404694
13877549
4725452
2214272
21822076
5407002
399267
18902046
16965706
506135241
41211226
6661749
2839515
5700750
4366051
23584900
5755269
445633810
8170398
2142950
333946369
57022986
18173009
7185601
185240207
47314102
4038283
15375208
2622413
23707213
176141987
235300873
6225048
7991215
4099541
5972165
24999672
939867
3464352
4354109
11611318
15783466
17133590
9038998
19323247
21723963
19320103
7696748
18148427
26835148
14256266
5000014
11717259
6161051
29785309
1885889
3138
312438512
5041223
7089477
4670750
422683293
16485240
19789357
10837117
3079338
7348591
3684318
3734
16072774
20364158
4681608
23753987
187290397
197969337
14571938
6698837
3430434
4695254
5573376
123994763
2760
12924706
13623975
433720913
1683169
20370234
4678082
7189620
2540625
12443544
4475203
60737059
10796653
28665861
28844761
10730039
4826115
8932161
2774
6189455
5608866
33377716
2547120
10577336
5212117
744782
17954248
1378513
334354286
579218
78301782
136140387
405261732
28346197
13241273
3092661
490549913
12025550
30509048
51385293
7541621
53383166
15468875
702099
28302413
10262216
21816027
233350448
425324343
8866074
6081665
18110833
1721617
15394338
35390185
9085992
8917820
6806666
29806678
37788233
5022076
4680785
37655223
9164814
13847546
14154580
42375581
10223207
6752520
9367775
11781396
1884047
308365315
6208359
8529556
32818230
2970076
1100083
26150626
27101235
7948912
10784549
1885810
5223
32936064
26063398
232081716
104008568
10530120
222737234
279700749
8093423
42000447
2555684
10587212
2909
197434132
3625956
9114124
13544913
26948693
650884047
28211736
17739649
1592349
15594670
7490441
5004
10855279
11885556
101939062
6818797
13579165
9495195
6672368
481407163
11236389
14309214
198151016
2863086
12949472
11883030
249360663
3798090
26175531
1302753
1420113
4737937
58401206
18779665
8096598
735730
11183925
289074441
12404756
18660196
1659931
6170451
4996388
645469
3763181
3842165
17955775
4705570
4174436
313823988
8213226
8525001
10391444
10042104
10742169
146888738
5558767
6736339
4838
27654642
3746
326643653
184751666
42719238
24827654
23537989
453662398
4139854
5657656
11433298
46183656
4791515
37291687
26510221
2729801
16186673
13208849
137597751
4048121
6986224
3454836
14643182
603337261
19603762
13608635
111370124
42773087
20247427
1788789
9910702
9950360
221887317
4016450
9400684
1936019
5943322
5066949
11589240
2845732
28941414
45574592
35979010
3537856
127325752
508620764
173369539
11323304
434026186
213516780
2683779
7266879
2851580
29433975
38597089
26552442
10589320
28130536
295702551
4010516
10103182
6620659
6238504
4229831
6491891
96377795
1957649
1659722
2101616
6706132
8714388
46028190
9760191
49448666
240589786
491266960
181760554
10445927
4709906
5263
15107382
2263076
114065701
17240034
3470759
8308932
20873584
8191792
8607397
4898511
91016943
14093727
12819748
11071237
15664354
14791044
8471205
11793290
11979228
30609574
5319101
3637843
3221825
15959925
5392166
11787739
179794997
11323747
1897508
5231
2254213
7739404
238087275
2602893
464633382
6505166
19702641
13740124
5230909
17095975
21114376
9983431
7225981
78798312
18959366
15060435
166179675
35277772
51511281
316554081
7463592
259912821
11988605
4092806
7294182
3998350
2463162
2762
14488329
15501226
18554294
32223239
50643848
28345230
17540725
3517897
232796851
6443287
2809015
12142506
2330254
4695429
6926379
12715347
1026814
3309390
20280708
7947562
9746793
18099591
196059688
5240236
2999
831933
5589554
6616030
348557321
29218990
16186704
7499173
852610
4955488
13397757
11764591
19184460
302591291
7378748
390209349
25627807
211362331
15297475
356306294
12886801
6248091
960857
5238990
12510613
1983126
14923210
9548224
628088170
2229342
3668
13309785
4664408
10598990
28392617
53992448
234405367
6086881
2581
14764047
8508850
17959386
1872068
6813396
303696269
4865063
8171104
7445598
5786147
10056084
3424
7750632
12766345
5735530
19900213
22980296
7040774
12665105
8545089
20753241
6991112
11009365
19433716
13672100
4146808
183214338
16817317
6070688
25219234
11861020
3108
8933792
5383651
4611345
2040770
164128678
3143228
49283414
1593920
10883867
9026356
17608475
3042490
7970144
9286613
306328253
5592247
611117375
11285008
1018472
5914933
9503952
24552420
2064828
9097965
13731329
106157589
39979319
6486514
5134914
6863014
27997936
9212822
11051736
8464472
74822613
1110756
1753736
6989403
29112187
964416
8317662
11336493
13328806
24651482
2230467
3507725
3893380
7746382
1074598
4065075
89998768
11964936
4480
372817506
10434938
71240974
6692318
17730814
37051872
44115340
8394085
2878668
15195726
5495576
51466239
4586224
7060810
13076354
7175569
8923954
4721627
8963823
10271482
7983975
3776570
7284956
3657
293394688
11340804
5566850
4041511
7090706
2342649
174157634
14247068
54190935
69368441
3247440
186863938
27691541
8752902
8691837
3202108
55783129
5605893
6618223
113461613
9670187
11291724
4384548
23330461
60497704
13191000
15280618
3138297
7335842
2419620
12610181
9988083
22845056
1679459
29623342
6339067
151895331
6643871
17713954
13897719
5415564
3936561
23105732
14326140
14631112
10526408
32006634
136301552
7778963
1508400
83168952
24848653
217904178
2459
7656832
4810121
253522674
34555405
7434494
114689989
242781272
3897539
9893152
4001
178559929
17048432
9741069
1533248
2351620
23407520
17352249
9516217
5817267
274319016
10421494
16050949
25431917
96761736
5616831
12241035
2266345
5143826
6941220
15904534
13553494
8917167
3070036
6066694
3617
7180493
4363995
3049646
19767642
4426045
4858572
530683147
11928325
6969689
2462488
78012513
28251101
16543636
34082649
20402527
18692869
4775981
26833994
1414946
10791539
14015628
129638060
8696307
273334141
6525594
37965600
32231896
3388
4658924
11274173
670203077
7763231
9731965
72377771
293790224
4426746
9592146
4863
68033365
5726136
17757011
341222600
7122610
10790492
37936809
509055451
4612707
39759964
21972099
1087329
220954322
1257958
4483029
2268235
8850
9579831
3515662
31897378
24460347
12223812
10653941
8474357
14997467
10770751
12610598
747609889
3563360
7345775
19996210
21444990
22246761
2612745
3869018
8483212
12597829
25507787
3788943
7929609
15379792
3315035
28579798
219098712
64449268
9242593
75416244
11684026
1253410
20546909
25422956
513396589
26850121
3807062
8050079
47370963
1114329
9138078
10994724
16840790
5041419
51556298
228946374
14379427
847209837
26617414
6501
17917550
3506664
19623703
8884890
180974211
13743938
11546188
2993042
4181469
16122446
6993707
3799705
28400379
5719736
1960401
9189907
18231070
7839391
1960909
10940146
1694850
489328
14073382
4028227
13206056
958517789
6211154
33683376
10430290
59795010
31561664
32499702
9716449
9567446
24663915
654535140
4389138
747390
17042409
3363557
17436864
4252927
12682836
45180739
88746765
132128608
36580273
79094693
41562913
11104283
18642504
5507900
118212883
17562243
5561208
33011025
3722597
7258989
9517407
94112585
6055988
38375761
18299267
3587145
2060893
172751323
9464468
12820586
39618919
186982662
15112186
6242385
95921437
2559244
3116882
3004381
8399400
393197963
7526243
20342334
126421781
187543828
103717982
64045716
13936190
38126945
3572271
627502686
6726469
156583894
20789141
4206273
49821212
632578459
4886402
23871227
29396211
1274577
1680595
294132918
10695248
39623943
22872910
6084154
366253514
6815399
1030028
29583749
199332739
636985532
10050080
9753197
53906168
3918
33304564
4989361
2779168
46830848
3774552
33311782
2742596
6956625
7303816
7194888
31195110
95060721
13362618
16290518
129543312
11252655
22339046
59780569
47468802
6043679
220900850
14864566
17314886
2312376
1474655
77880485
9118612
2789001
454370599
361691562
37219858
4191123
3463598
11335890
5810298
24102937
119034685
885289436
7923470
258143699
7882387
8268002
4972136
17593375
288826048
361499664
2883432
243726892
3826351
39553956
129224876
4416899
20663079
32509714
43297454
289647252
15538791
44363834
24909058
318019097
54500183
89784170
10145175
100139836
13056680
14973810
2193187
604292717
4712695
7837371
1625489
31431019
58209552
543932
6443199
106681862
20787662
9375759
202442090
408611962
327393003
306665588
5605694
12593080
11004573
9251687
5984422
23591217
27631950
18222073
10619456
634325717
24913789
290224896
589654901
17807211
8633153
54924974
35821293
687806
11951749
43663267
11119042
1411910
12872128
4953675
411191406
46954441
62736064
8139234
81130581
6508485
7792789
10172063
5587079
6355541
10138924
11686771
13477084
144806803
8251234
330894387
12300089
54524826
856701
14625129
4303972
4661364
1931944
59619422
13767300
528875
9462953
41241452
63155435
8565875
20103718
80254369
416466026
11314204
18456243
41600585
5037
8817644
2935
18607366
23598319
45579715
2909293
10912841
46181684
7662248
12916560
6890175
155333535
6190388
32892494
19568709
52493220
8156674
3416979
3342256
11374701
3636025
20674209
55737114
14061988
34907423
63266122
18750042
31336131
6952780
4262390
61195800
910945
18957763
11856405
10000426
6236260
21781493
5274436
14316698
372883840
14813996
15797052
131694342
11922558
3984266
113992013
13014914
4187902
10243410
9661730
9990759
11850657
6664712
18355441
34630683
9800817
3425783
19340101
227189522
15439490
6618635
5251954
24871144
9211976
7486272
6012750
524895094
296990053
6450316
32914119
8452204
44982664
115328229
2778924
32630153
2376973
3331
50963556
18816714
15139057
10144470
40353537
193418077
12822735
38756792
15766113
15464202
174073826
4238778
3938380
259440175
13396065
533442381
232021884
2886989
5466456
6358058
2972323
11331556
82623522
181052197
9635304
64698577
26414672
5119546
18562184
2573755
91472997
226133450
4824
11659104
18356465
3754436
5194734
19291247
8960669
2159629
44186831
21216707
10369726
169740587
209460774
465570848
158291141
16643284
118596447
8138050
128195786
560837197
32027472
3563
108302909
6510793
6868555
12375593
9267607
16771664
565737585
19221301
158479177
12446106
4862085
20823205
2874675
6581404
10437563
3734146
12106675
280028203
7699759
7177258
12083613
9462113
8092613
5670128
7337366
2359727
8233191
65446282
3521476
7299986
13850014
77516643
3047
19825601
42296489
1664678
16839114
18421278
6809677
3102415
31589132
140833954
176976837
570311201
144565532
6168527
10980996
34831743
10723262
5876185
6010486
2477150
6853216
4919574
14798070
16144006
24000765
3899088
234381315
26946852
345527520
2399608
38480020
9441536
3892767
114744555
12582900
165691626
4766237
30227901
65970390
206304313
12317224
6586444
533276530
567913
16941855
5069541
5269615
3891170
2221433
9710476
33042170
6186798
6874527
3480876
5444161
10120262
23930962
3925059
9277156
6660017
58248084
16811306
4346227
12843535
374428827
7535011
45219873
22565747
4060880
6935140
13826696
34314528
8794532
40364597
416101620
4531
16814345
52443420
305347415
14636311
537686171
12830271
2659834
2757217
9301582
895345
193203187
46451540
172473325
4285110
59281960
156614744
23782085
4949113
16656655
13000553
8930022
8793559
159351991
15009518
47619344
6491420
3827907
8301371
6211061
8774720
6124475
12855707
122150915
98956704
8266537
32223403
16510370
7128246
27223124
2974
189245730
6685413
18550573
15823919
15060115
14477281
3088636
22388142
6890393
423492881
8592036
8722635
14856660
17400088
49220901
8557936
6695848
42536590
10965899
56199455
9411693
18711095
10868197
79290545
45464784
821061628
15549225
9882765
16259188
3832636
10205440
20047645
241921995
8898269
7429299
6676773
6860255
14252560
202292458
477569678
197991380
3616294
9018314
230015708
10959926
5087909
31806915
552901231
348953026
40705430
61933529
29376984
49355192
53535668
9297571
7090364
6765719
265898205
9044586
439551839
19432884
3261
4705413
11615352
7855137
1206953
7585497
438393218
325245169
3928549
49921015
10137845
3768169
13108103
13536075
5146529
81740072
11589682
3625428
4863032
7057399
22820774
617297185
8677611
201768507
6316059
78772969
52302556
4446449
5206174
3722376
248653977
8335871
32970449
13786670
9717683
63016746
8985197
220060043
2905622
9861054
6747147
51155291
6515850
283475964
265323561
21984897
282454189
66735997
16088478
7262790
543698900
7668193
13948208
37777252
13223601
15128098
40369897
7621143
17369895
13155580
1471910
20230565
614574417
9069339
2035144
23901158
567102650
69029673
17027874
4105310
3576518
274509484
11721466
9530237
25618765
7542122
2538067
3887051
6749090
42503638
131455798
15720489
13613144
7270605
13070901
105085828
524588585
338739347
42976256
6259430
11285940
8442947
31796183
9717902
11642393
7355123
574357304
18111323
30823989
9412302
64898609
889964
6181092
8394222
12780731
45740103
236407649
77276773
30214136
14311075
262744440
33985947
12443752
337176690
11295314
21926129
9370485
7031143
33208030
17918922
689734
19685123
10781302
34525369
473196949
6398677
30943408
3727203
12199653
69497098
1216855
14544159
20023440
5266819
15217648
5865390
9765236
16083289
21845919
3964479
16363220
8161533
10237682
14491932
6138
3706132
10834168
19099017
32870256
13576242
255333206
3403747
446436872
9041575
39556588
66528149
86261014
8055
684423045
12362109
1287635
32950517
64757462
7585265
6238859
10529581
28187279
31681313
4752748
5463370
1617826
9421396
3438155
81527791
16736814
85287372
19751211
6037986
11856893
21807595
1067526
13463550
243690664
320983158
1932994
27465857
4418511
162811411
7196923
3343252
12695156
12250391
7410818
22063198
24580681
264673933
6780823
89832410
2246613
6035974
245318809
17331244
8028558
5456324
55478667
5349031
4769206
85672006
3428
8538510
8387274
6939381
62341307
13794350
42439050
301117947
5357272
147576008
9058279
3247868
4874618
6900062
6479494
11631802
35716331
40375305
77339669
177734875
14638298
14187611
10254906
11810485
5821920
8446248
32347058
19125283
18228064
474047789
87141376
16122899
10618326
20012042
204392268
63168654
2370733
13489293
9751954
25746153
3624630
6369654
6222374
262214367
38915175
3910325
22463534
9268185
26176607
666698262
8920416
6268340
15071725
8414112
16122424
17330992
5605400
85308938
393021209
167726961
71683435
21929307
5966868
3412
6672673
12869853
23378295
189970157
3921354
12634368
3450533
25913902
1107505
9741667
35967862
11093941
8127633
3402
46914964
195197060
7968950
10430044
213000104
7306221
822531
3505570
15007158
52442061
9913955
149847624
536611
369529234
24400386
18151874
156966854
5554281
46703814
7559827
22872985
44406902
8965794
13822174
5142137
7038054
11244911
821901
1531210954
73341804
35623198
116962490
188703638
2789468
4238184
169905826
3605
51268464
12701692
7882
28425017
18680310
13567164
13728734
7395653
4839486
14854838
160890793
5213811
8261118
37578325
44250199
2658900
8478339
437214810
3484467
9361330
12591537
59257813
5240318
16409608
5961053
36394400
393309655
5378564
11216676
19141858
602534
5547800
109916337
404635614
472770912
74164990
8657940
9082958
16258522
357545463
9033168
4503955
17207400
2620540
9543893
4669
34058521
32198455
10238183
10344273
24589718
537738958
12135314
4573262
27307319
32502313
23404565
30438999
5311173
18626290
62500298
6681722
4722659
235257405
9803778
4464271
3278478
2164668
404129953
13769752
3771015
12592160
5602261
9372275
45765554
12624325
31192804
12727070
298950531
317513938
347294982
4902715
2743898
14516790
65555119
8012442
11151240
7674576
18382552
12144636
15758655
23671247
34514193
11920526
32569862
19859498
15332298
3012161
9022463
13356529
10691281
15389681
6365728
13272389
5548062
10866141
141620847
3696415
15494889
343060757
12564722
11896633
4412471
41204518
23738695
126579767
7670628
35560473
11895036
2997058
58361022
15781805
3840873
4647241
440611730
6017516
7835151
704338
32629838
7803451
76053067
8208131
338987136
715358587
81051360
15310695
24044784
6769416
4166578
4967646
19829443
25067703
12732566
329779411
37133389
177916568
329841461
2061200
119925208
189056552
7728094
11192410
14803921
4518867
3985835
4772791
2985
46426947
73535429
12736692
12783086
142356374
2263803
17358027
63183143
6464336
108592448
536788824
3856252
14298072
270769508
113115599
77020017
58607503
65174345
29857612
805553380
16314721
9653714
8783767
4581921
95763774
137472889
458820847
99452259
8656328
597773608
37266064
9738696
789151906
66084811
8552118
2881042
195610666
198757460
94675969
6461785
3634380
15344073
3566649
152825586
168906287
175972120
8394920
513627517
453444103
4109224
32307013
8459959
116809671
66264550
2973057
22575395
309450748
5635650
9709838
2838
70317820
5279946
61372873
11926561
7655695
82289365
55288241
8843380
138261366
67684296
8000721
14125841
12432973
5385024
55930135
66975321
9411797
1216887
2479729
447319411
6992
714276318
20883956
9942604
1098929054
72755419
303047258
366960160
42665383
5697613
3816698
35155068
2978521
3389289
433904149
33881121
5512869
258360406
20336151
48686277
1509399
49786318
5957518
43625478
13017913
19749492
1689112
68454516
13634966
5941832
64933140
92972937
169821679
7168287
2753977
11241371
12098963
132709217
77476676
108801547
34096365
11872454
12029920
85366391
53970475
88440059
74143940
3595661
26469958
23135387
36123089
7886674
45744419
17718678
5853586
361238691
4896222
10177391
216533147
11196296
621194508
146475293
311692314
22825260
15238764
18060480
6632076
6301394
15947442
77950156
114488443
20778029
484585456
3167160
3626
163947338
24787066
5254953
34256047
97136846
204252073
29348582
6052827
10304629
43706430
66192728
18457749
9884965
15680181
8236127
1989510
13469879
6648126
13914441
10357138
22198541
32801280
24133653
13262373
69508055
8309755
17667036
11576153
40383000
413143653
4818711
7338650
11565766
10783151
106133651
159495419
367681471
5647234
130228496
128926712
24106532
11089878
206093609
6057918
2355545
6767907
32233198
7010619
12674512
144503724
63312774
275638619
10480041
15913654
16680629
10356044
10681346
8292520
486177640
34707884
88111214
186465198
5884793
6868814
85664422
21381291
57128852
23459614
15934234
51115942
11835003
102981386
5833019
16180987
19312693
7504045
20907850
20887411
9978459
11574334
517361629
301010060
5832654
11969622
3111499
317968616
179137083
11488078
7018879
9934914
12218451
8291376
3910953
92526234
13891394
27165598
280782579
5855332
6105486
19423687
6064732
433495060
8683623
200079390
10179458
33265128
10715019
5758085
7648550
17985881
864714
9105179
17484534
9505241
101099003
12795668
124738270
10175866
7554926
83350245
50639253
5936070
566435769
25888779
9953153
12685513
27888027
502764294
22053342
11483704
4244881
138263803
6855676
384589176
45283410
8728428
48023097
7327625
12513798
37986766
126556113
69280207
1703583
500299484
45753812
8138647
3695610
29290434
7833489
11136914
3123009
14593439
7030664
3025107
55238874
5612784
151792530
28631914
6824671
20061182
9937083
7360887
126334186
19772869
57340374
25370156
11148710
3466519
77612567
194309409
9656649
9492326
10236428
20437654
172034647
195222101
6773656
676607232
11178136
9459603
244554856
79630017
6400915
16597095
381811772
14281602
52459785
11950218
473890552
42973022
15659074
18702365
9698528
437155268
14929284
12257355
13925268
13461920
1169079
16534879
19889628
11624881
148902166
22865733
8203101
219321842
986504133
12218324
12600171
6690486
10677521
4321629
13235019
553466127
16837551
24267126
182407540
52602672
7412539
119889076
8235664
141785316
15841414
42792467
13965774
9112596
116443981
2775
424042193
70744066
33950208
211752663
6048260
11976520
11582115
300060745
134277605
6247857
49860528
18837570
124961176
653939579
19921648
5959856
38620251
2449737
6541546
31978665
4662542
43430589
37954267
15108196
273870379
8871361
14064021
14402927
4993217
5610769
11677784
41771535
32298384
15416690
55609175
19250189
18307283
100378177
181036310
14451260
319170015
9001232
3563
27932337
39282691
63093161
7433537
260571192
6183621
5889385
24192283
11643348
222032240
192581060
3665324
71436803
10802721
10442796
6758313
2933869
2099887
5282775
10984817
7111
157090980
17764565
34661341
7447330
57267342
230954934
40550869
329130140
1135433
4169421
8816152
7945531
40323433
9741449
34487601
21198041
8782875
208142267
287845908
62821902
8117465
260499667
17776713
166475569
1603562
74655730
303000448
86089953
52031746
161455680
8571907
21906044
5354537
21867322
780511904
313417235
15890771
2399322
45299990
15635575
58636907
6627865
19266844
49315327
2736153
87331319
13946097
264020629
14779024
11481630
15412282
6476776
550308821
14082640
5792920
12374989
350338909
25160444
22308957
4757029
80915787
17362840
44790979
99431409
136073637
13080250
1653389
8229261
146063494
97111712
13193288
360043314
240338396
46300351
254057733
331781154
15603131
138772351
5779198
84362725
2933
10492641
4430454
26463336
419746954
62817446
5944285
31669943
383802438
7703209
6591423
4204
5765324
5850670
140667939
11114888
93540474
14891745
8184128
7848984
68440756
119165148
14217686
19991949
6040059
6495715
9543669
1280837776
15383464
626861457
4562979
4991412
7712076
491132513
68128118
18217817
7241921
259521346
118549761
11298187
24687650
7480486
10172065
26293490
7284021
515055522
18453914
19188014
355483610
31001438
7931664
45088810
154121161
15010617
1014946356
14711516
57524726
5402395
152840149
7054925
34020007
77369046
57774190
5135438
23861052
4606704
19432289
104167673
38917786
20381571
7536445
15940241
8526385
22669750
11155250
272117479
8795075
24173526
7105482
11021204
66028553
74015812
771886178
56455130
262438154
5166596
390910389
53240883
260824760
16037078
30607993
61927850
689503651
427373658
17978821
196973644
6348157
940717
67779579
371811300
13627971
364475652
14553874
34817754
8796600
22113237
94863334
31450765
141233826
16082333
6562113
10352883
39785251
16551973
3700551
185027804
523487106
392213109
146622795
33509893
12047550
43541926
8821859
7115475
4459649
164999604
11091302
5762260
17510920
2664169
544869490
28538618
10215848
4650963
12282099
2637161
20659454
111220466
9755238
62437393
72890046
193193825
13461839
6657546
130389696
4161230
78741405
310945012
5303844
1088402346
20334686
27216449
9903360
37794510
27457137
196924132
6186365
13974574
14459255
56462923
33157525
4586991
6475774
3062208
12108947
8099403
7410896
9827697
8370270
377602602
6960474
20347545
5012250
32522325
259567877
89665794
9000383
14528792
23216745
427401736
19813082
35034792
353390167
326163032
467393369
9104953
13296740
18675260
8355790
7986645
5706974
166965629
227708556
81610877
7252906
15826174
25182712
4429317
14580114
36221042
43798305
22125600
522144116
94436382
199647077
5871272
12633855
25210094
4994510
400444032
70441835
13230245
30672114
20825410
7384138
115425866
5040197
30986260
12308721
23349287
355354355
2579757
51252207
527675418
18609054
314039996
429506391
479887599
14637963
12641404
13082544
258709832
12148358
15999257
102760035
11703904
3548707
3566589
56365980
56189380
35381642
17568928
374142619
48762829
3967206
8524500
353478120
28792392
21346482
4662015
23161222
38585667
23103508
10741501
79932094
586068388
10471665
111018937
749341687
12289389
21723751
522417265
246339280
121122446
222389851
126103239
19755676
11357970
13494608
471119922
38065908
8961053
154561871
6523646
22403880
48386012
6936354
4820453
77177107
33847756
378396813
80711796
79972597
11028859
11385101
7630627
24130177
12862141
4851190
35860686
258579471
29969435
309182071
16576982
10478514
88237216
27221711
11604515
213215069
5329882
29924285
9587261
11262751
4743062
75916229
6528629
18919702
2836700
44551423
5182823
140340919
9968425
48449356
135913461
18712330
32899508
10657044
373857096
440295539
9957614
12602316
7599392
11111703
87787554
29752387
15344293
7051946
6449632
32524699
343656441
7446447
36652046
4943481
6295687
63759134
6426739
46669955
9308350
7079599
20434049
2083914
518078094
9634179
275655303
243704790
39455230
11379792
13255371
58365957
9525134
348502986
384562544
7253189
11053079
9451270
7127631
8977280
7712480
31738118
70800897
333866353
143183391
36619016
26956497
325875094
19769873
8774198
52044951
10265289
16251132
75990177
16105493
67276148
6078577
74900111
18124888
1667659
11350474
8384960
154141468
219158074
315484746
379912776
632701777
102272693
58325966
6821291
574639508
102886957
7311838
4798710
3961306
14569209
4042715
43004042
11121825
294607134
29451674
5267639
733270830
6943966
10014310
46008693
52275344
5537604
5274197
338888101
14947618
44169838
7545
38729808
6826597
9802836
9813779
18031245
40463889
10223245
45372987
18685658
43725844
21190253
278339093
19507252
636775700
205212730
6073276
49699307
14626136
164748609
38973001
34725927
24302587
139313053
251623637
23176434
14062378
6768068
6338822
14421190
88900556
5675663
32154187
5771981
12733144
113448013
27194684
128817198
1695675
5511353
165511401
35720938
7065558
79818201
9124587
9554793
26150013
3508
48056763
457476322
238049166
282913124
64035144
49905224
39177553
239070486
53882992
18825686
142205360
18710356
709809313
28832819
755127338
25817679
80726931
26595174
30819018
198984228
85111420
394094184
5519882
47826817
19850504
33675946
32707985
300163513
3921
21699030
4421556
13007972
4914950
19338712
213523912
92072140
20043761
71312258
112874358
9600373
13232502
327715
20650288
223157951
30334322
10571615
122027432
12749433
12771288
12357287
22116444
63224145
17785295
91200679
757755491
281827970
9190945
6777399
183697322
2945453
138116139
537075025
12402174
3392271
193034038
27212132
186079061
62149841
11967537
14936131
6296594
48342456
195895901
6700945
87609443
26625942
5385086
40565242
6715609
108234396
98770662
3718038
41885624
5696221
6652004
31390795
210458582
22636164
9577621
540509475
8582006
34615791
26084285
14315098
6349799
8557434
18795604
18537381
18595768
542627074
230860562
4135700
9361990
25374850
203080919
107751170
11941221
75916091
7250121
5630732
8451878
31855428
14663243
9902377
3242973
9952127
11059283
96048513
283640870
639288292
423985853
10496885
272103174
155180480
22711459
5887341
312752310
9081435
7926482
10033321
44274893
82600471
7556502
24508032
11431044
39361445
14433642
16169246
541165782
6863225
124621449
23886825
10064370
11644816
13399496
3682133
10517680
18666891
741714031
288265605
164939465
1721176
11457842
250256455
199995519
12697220
107795456
214041539
339960598
32532666
38751889
6048308
3219280
58195536
60107376
46552580
12769193
12633311
9060931
377531380
31606973
17270362
41589335
329234623
17541827
11523441
10317407
7679385
9685055
126596125
50490045
8744347
26601972
4104
7552433
42618360
33178832
79956164
587150
379878295
6818040
32507962
11340781
20876789
7999683
17059333
155284138
77511246
23189738
22364105
34041664
379183431
42426719
7514403
501193237
17378573
1194872
34811947
167521752
27430233
144634330
45299696
269736314
445139899
4193141
20029324
22039697
2871487
5841405
355093987
10757320
8547471
220966512
52414944
14420168
51244824
11326581
243424854
54349470
79673781
27266240
285216414
382382544
506754773
663687411
191439816
4781347
169418101
57258523
7870860
8460381
13907218
75818266
130853394
6611170
102241339
454812346
8063157
7330782
6638943
7138356
12673220
6270458
150857881
254999451
9063502
134277972
613694484
8201176
39859924
6079425
316696674
50578691
278017264
422322682
43654410
2989456
48217182
98679008
30046466
12685277
142855781
8182637
128743605
240742120
24310718
284624237
61731695
3927660
60752726
15194187
51177861
3272
17222161
280816805
413671262
112871281
219438526
2902166
10100283
39513136
90577591
2069991
12956860
9441107
511160687
26046882
6162208
58633301
148012743
15426041
192575715
6455139
41763850
9969065
9072425
362304335
21540799
17161925
5666138
392156994
4306129
8671696
18988508
5921013
6646715
100094977
16318978
140435116
14843186
205805938
39978353
261021088
5533558
76214392
3608
59816000
78834682
365989217
11174096
84910865
9304760
167741581
43790710
537884109
8800511
137008338
7737678
12254853
274257350
435703630
81345931
84807838
5529836
79120323
1857673
651691042
7571580
44218226
6449703
54692590
5974900
16345125
546256188
8379276
9888891
52428823
17041705
6262768
6696058
26039225
376761616
7217170
208195509
226806484
2255
347900944
424085746
14380328
6773146
418778524
19098821
13235673
10507938
12680514
362260223
55105888
297578337
26450336
3677
571363183
10613742
6703318
16594633
138399507
181846505
55236179
18022394
85715177
226145581
11427180
177552469
141813848
15053756
22676604
96724296
457055766
11194989
4275616
10718036
7792567
211643419
8720256
15301105
15154433
133859513
110662731
150146725
7080637
9462494
12035493
230391599
16414770
54578645
178873780
6581851
8846171
145295119
3486956
18697349
7868029
253071767
5277789
5293720
410244575
96849723
6496630
11853758
23286904
7904514
6959723
346720978
201766838
81252509
15559729
78821887
3357123
7525661
179208701
911124889
98467349
15337616
21559693
186016931
155879654
352750797
5946278
68274696
128034746
21290377
13592017
73087020
10852057
1193038
11978217
8118029
7174367
12123790
4861540
1312567
183588900
25655350
356210467
20340754
18206459
41824406
71452897
5592540
130290801
10164865
392979519
192553229
113243190
10658723
51398601
7178420
73999837
120946015
296984230
164860933
251386320
22466106
11786846
8591808
4997723
2441587
12169915
320136439
6641771
18051995
91386731
48824279
8101132
16637792
386374363
224657000
62786272
9277213
627827737
445235319
203078929
15108424
400237324
42812632
17201052
53380120
675728402
359916486
81947846
8595640
67025058
1632244017
13487139
8017947
95256211
289760193
23317796
12196700
420933505
6376358
14255294
9106528
149428806
12008151
5788739
17436170
14671814
154130357
7310847
47702957
491665752
5379617
76019380
327072495
19093818
96844111
5558455
17651069
164626385
9096207
17020228
49699072
6886123
17535176
13160229
231059989
4018341
9389578
26287724
1610303081
105521657
341343879
506019137
15727333
11651388
96072702
57999456
57925881
144418575
7095761
27454671
228198315
9048216
29766992
39975419
853056468
245512514
11108638
22021888
202803257
20637087
12735745
14813312
101040455
18256143
9172865
774725084
49985609
108272415
10858392
132593328
4251115
265062909
7450596
8601343
8566027
4466642
27975167
14584975
19015139
137989071
10691578
42655277
11345993
22294155
5214925
15649232
5512047
15090173
161866891
36185342
255905989
134071838
786644588
2805443
35416263
5988819
57292306
278153853
67287674
40079035
26689754
14171546
18353515
51565531
14336519
30783215
544035106
641684044
20748491
20399416
16457526
9722871
12684206
7632547
728784787
11074141
13493261
721194359
114394352
6201758
28374330
14635060
13596706
31389172
6204559
25843060
60833194
809580761
126045085
19786819
8710962
155547713
3018686
10983923
11818794
305213733
151777775
119910005
55835543
8398625
61438966
290504345
55011511
5880697
56148733
99409151
86021772
10634387
12610863
10419431
8202232
15288802
10970079
98026236
35570785
997127674
4302143
30234475
39123648
13515471
313139588
13105172
56846429
70878482
256105857
210749401
1127066257
6355934
12853172
12239889
751404665
5408607
156347455
252449110
6272756
231604518
34524394
25827759
13334853
17250586
209326083
316514586
608142
5212466
19347254
10781191
2824218
236059335
15895053
9946464
228675975
10283728
295005630
51191863
112257631
12475806
100665050
15135023
250490707
5946202
172274818
15620670
12414956
19849709
80911064
99593846
316894342
16816775
8620210
231057912
13177927
5777231
4755
61760923
7541325
19289064
24750083
181325179
4823861
4519424
3395953
240756489
425339066
60160728
109560805
7332170
72115991
15688052
289480843
41039711
5595025
16392933
215947641
48830609
600169103
419245462
29273421
26997393
14545500
5000582
510698956
35671813
17430759
84295039
68789008
7774004
18080903
4176720
584788568
41478584
545682911
330250910
83666427
102788303
11783149
6317540
14957772
926951919
14470302
647481490
36465447
5204793
266999822
3332579
230853782
35315531
3798315
14448968
203666057
4766736
18219023
22640566
37105451
139366967
147038034
162844240
64283852
17676547
5131
3677692
204648863
154384486
7052716
419040103
17338928
24108130
37236238
95280116
1121282223
9713233
5197260
56776609
325595704
103243614
12834959
30215039
5512783
25067054
214669381
43858974
15296783
10191665
93968060
27268288
1285676135
179131165
39004784
12313452
13826801
35271182
9281952
74962991
10966340
8203919
86701033
48814121
8989333
407831863
796415130
82714686
38686886
29143367
151146973
11191411
12036870
11606212
80922341
6365313
44429311
244735437
19038694
1875812
27106539
343533393
430848431
363969848
581315999
674186095
32423994
848835047
3499785
101859912
429013368
166863512
107804999
463395378
242274615
125939456
22855034
15441450
8022281
40332791
101835689
28244849
9213990
18990215
198281760
6948140
11416273
486084868
130740983
115142571
25123114
13802405
17239984
386426155
10492153
636611614
82826624
551896805
269330326
48733628
143496675
23863809
230270061
47902236
14815456
26686795
21873801
22096223
76920763
92428430
272852084
31763763
238368517
16039996
6172607
23997280
459845323
2257868
41597426
17444912
390122261
16545478
6023989
115261547
40860130
10310128
8873955
9636269
69364672
114420658
26489540
12514500
85129172
29565337
15115563
7595045
26996344
11553307
23841124
462763405
15225572
8486319
278848175
468934825
35393054
127192004
92168921
74952363
26409836
10633953
4894928
211887284
267609861
11805542
12197336
72541804
153583134
10565833
7793366
959411
279222597
115316813
17780101
26135522
16962493
10950632
18111696
49551073
35053382
692526067
12372058
10631694
31826913
65685035
49704087
34509220
10306662
99302196
126020635
14620071
17065385
8000764
162267392
12070016
363291195
8199836
25773952
28697211
11305869
390846696
156377913
320278232
22140150
121246455
64982465
80166217
16910388
11783159
864764387
10145170
102977207
6981523
800371969
21639342
453447226
270690196
5549235
70308320
23271801
9782373
126604467
76361313
8654630
64974951
231615108
244317585
161506490
5097354
23775500
55422461
3664212
160943475
8783165
16867706
26423339
13307585
11262651
8147091
7265577
8547107
17166606
23282094
874975445
111132666
79133416
95717201
28017673
142483295
631589135
201735011
61701494
9440117
716186497
69446789
34031350
5457528
602780488
20370219
5564174
29891883
73360838
9502882
79649727
435155892
13926779
62539278
53954980
207296516
18059290
616629722
20199193
8583523
20464376
420665579
12461436
54305683
2887343
6847303
196995987
5155500
11684572
8849611
10778498
374802749
7131952
8563773
37402669
18283251
62636153
35569476
24661242
5310
5478247
35047681
2180615
20389253
6290825
11556720
20470853
25486298
199731613
86985567
2082989
64659545
36283835
8384908
9047905
101001866
71296264
241621205
16473867
22771552
1221458541
65597156
38052056
174612271
142511771
34100525
13513770
113702962
9515594
8265288
10135401
205844624
56736792
17575740
61886072
55157151
9280203
232754953
13640233
72735673
474527197
469650905
15486472
56277274
78173061
17902562
257968487
22455726
30865311
8230003
91969819
7130746
5703956
34378225
7483195
696743087
5332052
27666696
47486927
12539632
9911532
189073047
9408201
2931235
108594105
7554434
44298825
8844817
59034520
4088387
49488894
30423061
77594690
19098573
73590236
22076004
14129176
23719128
14741903
1091361918
95451253
208793890
111778944
18362874
270100931
24150264
233027843
5242250
9401704
83839195
2346629
69280514
17535659
19947230
127439213
982568668
26452158
15090463
12245147
646879564
61622968
12835958
548387397
14049141
45097450
8287045
386724727
24050255
53924766
14757907
22954698
3045517
135551315
468581
227989070
210699888
73909311
94585317
81671983
13506007
436806473
97128290
8698762
16696676
30083201
422881428
18909937
81591360
109771393
70254376
153104205
41088941
244452823
16608037
9888488
6421810
91441543
6183127
12175913
34732372
12192439
15428735
25177753
32500883
9048165
37244339
4382893
27176968
8154759
17759919
837267647
645729315
8968587
110173353
4212003
10915662
65476402
24009029
28659518
78703594
6794066
589808416
228956159
369722975
7637261
176704980
54072429
14222722
265621619
9944895
208779476
270999009
82178912
18400998
86927799
203476312
840390712
36131934
987159460
27168792
435531498
119374465
236037171
237982474
10401547
8494769
539138590
19800281
296479839
137939870
819337
8269038
131004357
126640120
26489227
6837673
4526021
90864875
11065086
29681164
3576642
6473699
106718399
364623965
6003281
21424840
98242320
5096994
15869835
1147953
4331031
349917247
4313
301611038
103623392
2311057
242151111
12651319
357661700
40059874
155968691
22877034
801214098
121683003
27588261
194446861
160884879
13009544
16761545
19538011
12670441
10683
3348
27130654
195757320
43382243
436486584
332089752
13085265
38832802
1060533319
36079020
9240141
159825895
8962853
162761470
54434886
47204059
9944874
49301493
198936552
119944304
16487831
129960470
484329158
71276110
254063115
39111128
26373664
114696108
12549139
189160758
101759796
21826905
251812928
83208971
17320176
447322109
19337026
98321881
19074192
60651600
65626167
719577279
619016283
30648745
35191906
729186531
57062656
54706588
12601108
27429687
13439259
10116462
344190374
43017992
239169620
16114719
88263547
8996088
11011464
116149659
9837071
26595278
8992381
16786312
8395798
22596587
60153586
9903728
12764428
10268434
697135520
3700262
26449205
91624472
1296580
23535805
54542292
53492503
276994610
10061223
104692694
25458743
280898870
83672513
6794
130932858
21556415
505823287
24696171
30192793
1548476
7025548
17934089
9297084
469204958
122437853
91104308
503822148
76057326
57276227
1054026756
231974632
5187986
21711092
41343525
49922579
276202050
81028639
126481317
22759220
460210893
10920228
26149205
12651788
310399579
52960158
143312719
12984477
21979529
11479681
211345925
437378101
51440305
6752203
139088652
131989119
10862851
14690640
143738022
99565293
19246101
17728460
112877817
6035764
584709885
22865937
8441706
14758962
57852998
17401112
82856022
3214441
22405118
8349357
49360633
135202240
16430345
52408305
2954926
6520264
17282202
24959217
11567612
6234868
65165943
9265338
7987090
19899278
21814835
1456846765
158467332
437893994
63616902
173436865
4534164
190877455
100477220
114877212
32909921
14249960
136812092
12659388
27957934
742699453
54976833
45263803
16801344
9758730
790315205
138668709
63831149
7861890
7851762
175841090
103428962
79528812
12146316
11637751
8136404
44150981
15527279
106555046
40393709
18617053
17644152
23912406
9221080
144358186
141728718
106901392
241310575
445471666
281899711
17898951
224658461
24562824
13472218
169116548
72882245
51153358
22708512
15136256
18310289
507602255
226424440
8883833
12373806
18996835
94186619
1717766977
14716709
22613150
266272273
14759423
28783946
16572528
11830116
7775076
135215532
30361725
18137428
185052333
218004147
24223854
174955304
20464954
14182888
9422682
107662598
10470239
17434932
42651720
30348317
124061011
10374964
15922915
461526179
89111380
19470308
276082369
9438752
231389559
23419934
100259405
22724037
5227788
72908481
21932684
55142969
393215081
2767168
6472662
843010930
8315568
161779460
261471147
51052486
22442956
80491215
29624894
9918531
2548311
403583266
32059000
1653529
5444867
316801907
18960123
12365233
37786113
77300139
9196446
9607286
236809432
47723930
26494555
36060827
34561608
375762401
280231369
1266114302
29134436
43664112
7002791
12544518
337520109
73807001
10149693
198781294
28714907
15282732
19759630
4086069
1016078910
675124246
97027251
85156408
156203288
18301786
11629927
14834263
49218748
2679669
13840918
32046109
7903493
179019588
464026652
22467685
25755086
2935610
24394421
119759258
8598304
1343519
7367638
3584350
39316283
21138199
161202532
42819279
131953184
20431297
10108787
8195534
8286924
6486957
72778814
193022215
702246281
554886487
19816712
135916824
224771727
167598619
173712604
20109426
5292036
53876917
123317623
258773191
647220794
125168927
337761900
683546163
346202788
11506812
570016215
17808986
18408746
18739142
5455945
263769375
493513712
36124337
4096392
18508706
231120724
350382342
88890153
256770384
80449780
462045538
81680718
11762818
83942494
6886843
20909205
9142887
670124732
84912746
4076
15039397
12185460
10119428
8406890
1336237538
11721089
19965138
26097111
20753998
7758248
32780902
163683584
12317230
453273115
379494108
166676469
9665985
88903378
101508770
15298832
441639693
102737862
89919319
5423528
212034721
31915663
1715723699
154797685
1349067095
793001477
13798741
5867557
36126415
52129425
11707415
16253644
113400384
6249607
16380132
13145697
17671163
71898429
5281125
275763071
56549053
29456182
13872885
165279893
8744037
93609862
65695857
16332544
33918329
14384543
10067690
159721778
47882814
22302046
109545383
33538627
5016577
22407769
828735061
526577090
150617577
114532735
834266149
21482050
61082321
22770829
105321138
108661382
838587527
19092698
421700947
24783520
26037892
70310124
6465895
3016929
64238275
113717052
398330066
115679336
59076044
26735949
9219812
401332962
32602421
16035343
56372477
1604982532
8378969
14270987
121422211
39696565
503335344
8331851
9399085
365224087
10684291
93281834
496571730
33848874
16669565
469322627
25940364
649139118
77992803
33779103
616360266
61915362
140887556
11604087
98519417
3744721
78302267
190541595
200040567
33192362
9500452
10203679
459318686
106696462
29357629
14630716
5810158
87981377
40640099
37350945
51750971
98550756
508326687
17485736
39336215
36625078
649702271
15034880
18344414
58732983
16811022
91145385
129427552
233789893
146122756
376787077
80316846
90604061
576158101
11301715
370996808
145430309
273321229
745486613
253075048
319524523
348756509
23259772
12589219
21544453
19136753
231982079
17678477
37471018
285564402
8206953
189902111
122346056
8164412
387684651
6346769
18163414
190402297
12769226
275510428
851039487
67288668
493279055
267095156
22353372
513076663
681933592
14878025
12486997
10583218
199924967
6806349
142839830
10342512
14858811
6026741
12145975
479553031
531350540
63835341
70498601
50092333
385881288
4774654
732420422
15111969
25802717
23862053
19721945
412169848
43407235
17020678
427083018
87086520
45252828
129504846
19968285
236846567
475356568
28928731
50173618
24362998
94136226
15345386
215495267
14683644
11694780
228936086
26261404
40139280
279206875
4560797
14990682
34295334
39255511
179460918
285760728
17556251
88513222
27025519
25249148
37430542
67735058
67309039
47626912
7512552
300413741
19713295
20046251
576402920
10083487
137106814
106116209
42580812
10287473
22499508
78873488
25773521
846583127
5587416
8483129
14382627
10533816
215421855
13513261
5432422
11303616
63555168
33031989
198719055
41020044
8450796
149806417
66839254
220244432
228603565
16483765
15442666
48473679
317606391
9603388
78998956
12029251
48189741
43357882
108344389
15162116
18882088
86896480
33929406
22985001
118775609
8240817
49305708
1542883759
68666451
7285837
737118683
5045234
14141013
20970592
366265893
12506819
15711293
87424788
81117356
317203270
85963300
27692190
5192981
554831182
6547350
513984117
45991684
30901103
18884139
441181109
111557462
453263823
65125660
27741076
65838439
563255838
37920617
488511455
127429705
79453920
34357734
23347895
431919447
97416910
256143017
3270556
132969728
69887350
28035730
29466028
126006279
267647882
3563527
50738127
7692646
160422136
233663925
8652172
72147134
46503573
457596761
6609359
109960801
104338695
14227657
9042514
45291672
8785840
17108278
224572186
46614061
5232884
11411458
383093398
22372301
251623357
311998270
12628383
288142453
5855680
23692703
276576670
3919
362868927
4042548
3435583
49090707
651413245
119289025
19900758
155035447
10880189
48597140
624916898
268911068
7211478
175777774
21450855
14690492
13106956
374517831
645325807
24017372
16990222
17325932
10958306
49953978
323407938
139623666
117087136
4549693
13751685
21129201
9202215
18790209
304001891
318606800
22895668
67853346
11539268
244633806
394232898
51133462
204389472
14371255
728743414
62139310
14569317
7835832
11329061
78145589
177398279
16398950
64985801
585455601
246093644
51858306
101565855
17431038
282132205
62661356
234334036
25323046
5230850
17556227
116064516
2668378
266017768
401193839
245474895
156465632
18721016
25340296
72812277
29206266
79769013
52859872
135908062
400621501
144268754
4952874
24704226
12349327
89818639
2174863
147872925
21256410
92675502
64096381
13655779
14504011
283673202
61819307
15696676
11860171
25420671
4805723
749930156
505995383
21017884
196517168
107495250
27950898
7730883
32298055
17581642
343519006
422606840
16173352
137334130
40092812
30024277
41076298
49835771
54624478
234177156
8896693
131290478
223864535
108396850
219475632
52404961
46267054
82060330
27283919
263097869
137632357
19071023
341388830
42220324
520972154
9948960
61352510
12467925
14223890
24883651
79965460
64791280
106257762
17249225
22814995
133244891
255994041
57890533
445224280
714856094
122256125
53535397
20550671
15076418
486166989
17632601
5261121
216607611
60663297
124282496
194020740
14639164
11436601
34712416
81401501
86656870
54588595
239401562
35738780
85076725
139347273
304441575
706354783
191125691
8557834
27993685
12518023
14409562
6269753
6867605
68545475
132060269
47540971
18642404
41930338
645014503
5863976
177270173
290582977
18320260
40681879
37909057
64295856
144425699
26417688
34987753
269272547
3636452
10940350
667560424
42993819
25350850
45009103
6374245
39856544
9320564
10279701
21265476
15578691
9836442
267603523
1192233252
384205772
8879573
9003142
17109750
2335521
663178879
17441734
142777013
17857492
187252599
28504695
11104443
15539251
201992872
68534385
51634703
284147892
21295406
44756379
289672959
64658647
220001609
30316630
71615443
79006222
63041166
99416250
138398947
47439465
11190975
64826256
9514390
47068724
41224037
120070882
22409761
111776323
503035145
236229431
6197287
428564750
10981246
96133217
19514225
602805824
134121820
6622
150862394
187903071
538435015
322238772
443019190
85827917
145612784
14309699
508397143
122730367
33764604
578362336
99353323
222407755
100065579
528058553
18558800
11569485
97140749
103737583
367141686
157148506
11342044
5406397
35525771
68025021
6687746
72047249
392434214
3303147
117595090
22481440
40323010
410783
576276845
22270007
15950723
112318623
17665069
12936216
329586080
16937621
18261894
24640091
112132936
21457309
129350255
41824970
104081232
125283095
8098657
500245794
19977491
100857617
13840935
43194917
60860850
6285266
83449129
55231933
54702294
229112096
145422147
12102501
18868472
34427870
46550977
437779590
259146200
242367413
344644713
16421661
84234928
314287654
20297151
8889723
26396205
295607045
49537798
108612860
497659720
39597652
644237198
11929421
9964302
33357352
130849217
30656417
47775365
20730616
49185087
35669084
48639735
152348126
451387048
113025876
26998803
1658461307
54518908
16731020
29192041
355060568
19739492
6348534
130877439
169474573
35411279
6741404
11925334
584704257
11580969
27084201
47503449
8423803
16007775
102267854
20596258
29007613
59956981
38986555
3825628
58872700
186920974
20960139
358827011
9727315
2923704
3286692
9778043
12113554
276355404
90159388
190670627
27292126
681958075
80759221
11138563
160467868
17581729
30565552
208746484
24341467
11661464
321690162
36891834
16375082
6620917
36448947
557414587
52628911
254517456
2673942
181732988
149468897
29487839
109206582
207812174
407712176
809093677
7175130
116109993
109084941
330392813
16135612
227354517
11757186
13508291
394230619
10323077
112946180
87440863
159924342
163437729
10492088
103408493
159310876
313928794
176603034
10316737
11278846
52927115
42915206
92681222
140572222
16311195
56464287
52459916
141997561
76160745
32497003
8327586
54610555
245624511
124683843
10108946
11591744
25139333
528085519
36483100
258550808
8701974
19262812
986833
120786949
221908240
73120545
7235501
119193421
23504440
4915999
50961405
23537940
33857583
797745
55859161
12517691
384517993
185135575
9489903
89385994
115524006
11094541
26407190
8688861
40821682
144758169
29288521
64874357
205169572
550737285
102374512
21631469
44919797
163070207
112815664
116305243
107249295
20454586
109782970
548125617
13805778
162217873
11378036
420958325
52099185
168756298
14285557
30037661
46416361
11946793
14910435
39804847
7979376
18117166
2577295
99854408
307570747
171933105
142551569
154787671
9821490
6898128
7516157
86871885
357918652
767354001
290122696
306238734
3947925
91576782
617438063
10890371
104615361
31899623
363960194
9612359
11023984
58289350
16404836
480451645
557714807
169776254
1249688394
17425755
623064491
66948640
73160051
28311235
568475311
467797415
16931158
32059034
76153168
3357381
87089567
239499698
20954117
14144905
25354960
194987852
22954227
75738964
7814303
13810319
58907507
489701536
165083119
9238464
16457541
296481730
239559467
14124953
378805965
838594504
260279263
634239391
9144531
20157410
152927017
8567963
281040316
125883056
6877933
49567097
122988116
5822980
161794181
242066992
138921090
42463151
280760648
6876827
99894211
369108239
7798691
89118376
211291049
20471515
6669168
21335907
197465658
297477084
20521341
83165153
141823431
131406123
236712126
138704963
290263589
198969185
38312931
7876881
61252978
48214553
9106122
52681626
41274307
118596562
172540286
129330336
215064612
463811343
690483460
14204219
743499190
87872074
18988689
50389363
15916878
7035267
18735434
21689662
13016037
10183959
806293839
83965444
27656118
12336559
5364942
11870877
7840268
48910697
25711870
371119293
506376850
147477032
102781433
179324286
25396210
56842774
1159759288
71177242
7462782
8950970
514860883
9522866
384256676
193676241
20561235
21062554
30744258
16943663
108188711
25506947
267109611
128337465
59163561
237853075
328306078
219024581
13188364
194977007
161625181
6930191
506977414
59160827
113740485
719681998
186874166
22965377
94930678
205884715
21258752
173867175
296342982
16055146
19422698
407704781
79092386
511596104
293148137
205895227
21821215
14503693
5209304
200826645
14536204
54909363
11661323
204332852
6085379
143135858
15620074
10765238
11424568
38264884
12145075
156075181
4567863
457906767
564223879
25304860
4043460
281562002
289496338
102501161
83289611
10521460
54467213
18883475
77983326
22473405
6309721
46151615
99858707
12568379
46617499
28980787
174977970
171557964
174224069
24220814
19673914
4051550
1110872495
31768183
338596692
69529763
73625143
235637457
96800391
17569510
47102684
1146836453
406423084
64563620
274805589
7470349
51390765
38429595
171820666
55082622
10073308
255740168
24536139
240163387
14412448
215285244
4156929
10353248
128114909
839686275
10636551
193702613
514084592
24542564
44144832
139433756
13864461
46026406
266177136
23085914
30244991
376472929
23215390
87169483
605318821
9825195
27201917
17065673
47412521
454433134
21818054
7852887
65974196
546893205
232841160
41672153
19035183
683037984
37229404
43826482
30684020
47090959
35031338
19367084
464271540
30184005
33905933
211198620
24177968
171579392
29156318
55372648
429009336
177722399
191386833
13733310
506176552
14147698
130109009
12872893
8241669
153113591
163129622
11759812
793149292
20330997
17026219
141988214
29641910
8162603
6544948
11698950
168549202
32866150
112106366
5809805
35401848
12552591
106220832
308737875
12880585
215779345
8310183
818359
25897240
22594689
836612519
254539070
15308683
300953398
51803689
80207939
21600977
3755688
10782559
51866951
78215777
18730839
30451045
18722016
114372189
73545487
217590749
496392993
133470169
89906742
28049744
5101812
158127408
17217828
100740195
421896858
156355019
795820468
119609115
21862093
312267219
111728926
49401914
66461297
116950755
198172626
283464330
81027066
18864193
228952013
470520316
91291547
16874148
136183821
21907613
100270922
40381181
15659282
9151427
154013036
17809272
98326944
316771329
16996295
162479922
8133305
10301946
3189847
27454630
70581079
16035829
11587588
28865849
9450975
293021424
10497326
370649120
151194456
75819364
13572972
20015239
224264815
10158763
8242281
128739354
87101087
614843217
323327711
80864750
13691782
17793026
469538125
836464012
73097561
7039012
88965846
32693126
4487071
6750576
2635081
40202598
7699824
25826412
145313019
55023693
196279202
16130800
224111918
100906641
275238722
242710467
150692711
4432631
15904293
234008204
242073546
69217758
683004012
15010626
154934266
114149971
647141654
371362357
32765984
17382746
181987102
468111526
37069614
16695308
57077957
50671659
437612228
841001886
300261235
6187407
72397879
455866239
186031877
27045148
801346886
108412778
10713607
361966137
246254689
6852660
10721738
140178224
16101046
23571585
37001036
12378211
14100237
12638439
444293071
13691432
71292587
22482782
171640521
21596476
127576612
114516856
45351860
149550545
8121770
4573921
167869357
62617062
441608412
235518696
25199413
11009178
13348036
56155690
23843835
802278748
149508139
14960425
14053756
12373651
127407156
140563499
26803830
68700265
227979177
209655815
31509411
755499845
33183365
165287154
209629891
177234217
81044758
36440440
46890536
9108378
53875083
10551560
6467375
405496493
384895652
769619950
424385916
176096744
492783132
24603602
9846623
107004795
78854139
39305990
43282768
58666821
274041932
27285361
24180134
7068335
12146532
93680004
502936734
533725054
71356564
120783655
269853202
11981703
56256500
605547211
24779613
19152128
27350497
4377098
886470
6608595
5375720
160764056
208544789
13640379
333180555
11362440
46104519
14521371
142765652
366696480
76630565
251289750
92002917
155127545
555329273
184817015
134635776
7781036
422083474
31490502
7377187
15265610
86927863
145958124
93007411
20579635
18564214
102226094
23024403
15488144
18645779
194978889
140743578
91308555
340188806
140675890
312739554
6620810
3543441
368720546
11650112
82680858
20353972
200031076
414118795
3773378
130210939
12571549
81808736
30761428
571398605
34963132
11023694
89432288
63630931
106564372
951963133
146235450
13719117
15132542
327434155
29895223
293414082
7781414
93223244
308432737
122845033
995806819
509587253
310605322
138034036
343056698
27743080
365008201
113630300
10136322
40157142
12777606
63253843
8271283
449419745
457004974
285540393
26854598
64635748
244727757
15379074
34183419
150658595
18647275
12099162
340991137
729864796
7708119
60891170
90087582
171543648
23766183
6560578
99485424
9596387
212186865
14161387
312322608
114172249
232256246
13333569
18052949
200765664
672973692
113575437
9923884
206787185
34278874
166277335
11455134
6741373
9111221
273749490
166410996
191314410
50946549
14874484
25400227
100897683
23707993
57910368
15046115
174253486
86794481
2597049
12984567
401920095
18029355
5435375
64486688
8223752
176179171
10450643
212120204
11389320
42655035
43991558
283205712
78721689
4641323
501862224
26226800
13353980
846127773
15081969
200536256
15658310
66812607
17840989
14283602
317569441
260592912
24479010
151873388
12283321
31999158
212238691
15693554
783463954
8032890
42968614
694497144
23665235
61089518
126490911
7286979
220130196
136355221
17922126
526329731
13553694
19454784
11358869
350464158
190380882
229678828
532923044
326608718
26325144
29359498
16320806
186956911
495098952
161046574
509744465
24422856
15320343
174468415
158544075
18371003
212539621
4366236
316404533
817930487
181979081
42421022
286159755
178888056
379938255
214578162
332383725
17814312
197119209
1791299
358216988
19301268
270904206
184507375
272113406
96375851
6641844
295257893
36442023
159120121
61888713
225303772
128548025
3452414
9231381
206739371
21460032
20286046
88835682
222877855
204058185
14773689
19413547
801041269
66696353
58059947
44766386
401416735
41146663
12116578
19070896
63773136
55993757
570289880
8038135
41351226
215273537
127545402
160495285
26233220
26179685
167294536
720042360
18007366
51393111
15771894
25826211
356481779
79310568
56446113
509010676
87483334
326691582
42589503
46661633
351380805
363099808
38350672
169795876
92087243
12712369
74981068
152824744
9700595
46428706
30035654
383674246
21180918
29766123
29627473
113706994
431233285
192649430
19850528
307969882
132445921
180395743
24679367
27025260
462299262
21059508
499087878
23100015
25069198
6585233
14000699
83468202
167549916
11018468
21089501
225594486
232093349
55558848
182668687
167596468
11667746
58076190
416078795
214097177
101497569
304551241
214845853
10915237
2890108
26932876
54618484
13765155
4645513
101779382
34061098
676917105
276950144
10300647
298562734
101638557
19867554
95964602
29843181
143531678
20419907
4840265
21833264
13839958
52321893
13460554
155103264
243922385
130959031
1290752351
29296608
10489078
150895678
554327397
424599987
244524094
29584498
37233334
525695993
133069652
126544335
27874957
695023847
157581282
48558390
25497300
89534871
11992824
35880130
354029283
42844251
8501479
337609615
481415909
13101061
115374472
143094416
236058921
42378077
155297852
37854619
681797169
37327458
68537803
15936706
518495051
115976066
491816190
234722830
49483904
17798290
72964155
109272083
107610068
719568176
56343070
117887021
16927705
80095404
