0
13228575
1107484
51325
10743033
310479
12874710
339416
30642613
295656
428893
788972
9433448
579484
374029
27315820
12981983
11094742
675159
732886
12074431
10391445
13180598
30688381
12304568
19751338
29409811
13581090
16976298
16143059
28695390
10308794
25318357
13488386
45295636
453768
15762848
27611127
1159854
32560227
1113457
1056331
32529692
29026780
13924039
14202618
18105739
1689316
790077
1110891
16846968
17529761
42334788
20690896
7724537
24821473
16723656
1353415
1145047
17245818
19715539
1188706
27051628
33000761
17673536
32380516
1704740
997369
1320207
36925081
31554963
2231284
1999168
24347638
13847334
1361281
2230006
1575338
1836953
19563480
1948309
7684863
1761417
1975570
1496861
19155275
28159188
2015635
1027203
1796679
78439391
1131254
2081329
1145958
2606126
26784070
39019009
2008321
18028016
19348092
1342954
47031727
19607182
36545044
35193118
65801291
2484025
1492658
2518882
60851972
18846763
42951069
60477417
37409740
35977489
41521433
24138340
1408451
20086051
1478673
1754930
33249625
18805668
3262815
1811544
22112165
26860563
18029073
81079249
15930911
44181317
23123820
2462167
1948911
47695045
50976132
1616740
2898165
2273977
1374194
34382613
45964543
28217058
86483530
10166646
38057792
36205639
14773768
2297223
7289810
18198820
2783952
28198706
19061486
45236708
2765766
3036777
47966295
27896191
16955204
15227677
4060880
57977318
2891239
3124280
18315644
2014847
29487279
35923307
3840638
32499748
1414160
21952596
28512347
1774754
18941867
17968166
17984811
2346210
3313744
14186041
37866259
19897118
3792759
3162112
16059115
51748417
18984861
15733396
24598915
2216983
65412131
2837726
3048004
19276598
31058853
34951024
18901387
33520548
18808856
2022398
4230543
68630198
23870391
41087031
60728352
53369488
2760039
40521975
22677175
3361107
29009092
67166007
19477625
5659442
3408605
2773129
47862433
1799921
25509325
17173246
27793821
29326143
2339864
2291220
17783461
19812035
30292582
2481203
29441055
47515802
14693024
33126595
31151477
3184298
3647476
4514783
26259955
11506857
7660454
8354268
16900601
16894488
3553489
4066121
2704435
7649610
39820694
32500535
28535478
30862592
20111682
45757991
26937504
43225825
3931768
26701966
31741139
26164485
43130234
5484870
5447507
2194785
21486096
10212775
27274564
37749900
4020099
7023983
54897604
63788001
3259633
4071846
25736410
27999185
26673800
3818040
31525146
28353549
41713505
29516024
6626631
47056377
25679019
43161863
42131010
7287692
5892562
4086391
28890650
4478944
4787702
48173674
17087277
34032307
19855758
4880555
32764969
34227065
3687833
79585277
69189102
42834186
28640177
41965482
37780271
25187583
37439281
25283503
35851011
15253289
27855197
4743608
7961908
7017109
26954932
46089751
11776952
18970486
4753134
5612353
4342776
42303630
31699287
60022590
4678655
65898722
4219043
3858918
15448173
25665546
89733872
26462316
12111260
13846775
48177652
21888179
107431888
43621000
26248981
44490604
39867512
5614826
7448324
45189837
45880786
37053021
18751674
14369208
45422765
4216616
47867285
21930075
5669351
50475976
4479475
3964969
62838996
33138680
24796001
8176336
32764297
6283786
7636753
6080354
59912929
5155358
51672697
6049241
92259305
6454256
11172087
3278457
164370513
78526815
21811167
60350834
36339759
48342171
3799270
10204761
30845256
40511107
93512137
68727990
4694748
32325328
53055462
11623866
26835958
5849817
8523776
2993245
53658451
63971884
6575318
35009842
37481397
66345953
3725070
104314432
6430842
43944313
14036985
53215618
52828263
34305163
31714495
38995846
30815147
20540956
61735773
68385376
54482937
11796046
22401857
22594702
10381781
62866484
31069066
18002337
29943375
56626152
7475377
12146604
25368646
49806646
37247306
5639571
46089613
58203923
23619613
63519458
7258961
60034550
3805947
62271148
9172879
50164970
44411614
62765283
7782406
7982138
26031193
36243025
41595237
45422089
50530181
81147226
10052344
5346785
26369222
51371999
6889322
7257691
6172653
16385319
31521747
36884121
44990369
83630623
57181434
30585719
20348556
40929155
26328385
25942702
90495470
31085169
5771748
7023051
43767689
40222255
11787187
18483135
18661156
20437929
8739435
54421874
24400287
61950816
35764339
22052839
46184928
5865111
22512967
97781109
42858551
25301923
17137254
98312617
46433950
8171741
39885473
41530409
23460397
11301487
105995699
63604978
24768788
21954955
50009620
33450509
128906122
43303733
79321706
15693531
36557773
57368111
45333523
36666242
25388940
30745295
60225896
43855109
11194889
24741215
58755937
63610631
27781487
14562672
13599375
38089637
50309158
15915225
7763809
44422979
68755871
33342016
25037118
31649765
36674777
37236100
45149337
6060863
16907215
9967125
32227910
72776258
46228948
58941391
44900941
65304293
17707678
10576167
38506559
24416857
54444973
100437483
113949431
27070986
78893099
66555553
65192951
83361468
48676535
131747156
7777542
60429002
66351030
50987397
54512793
41910744
33407250
23657208
30785595
9230374
22681992
90685226
29976496
52323805
13013124
16730190
79737066
120733060
95158570
50757656
8712768
48479251
9517380
113396269
40077953
26485048
41596567
61405960
143015042
93209175
22397427
90648725
75506155
64291797
104189502
30243785
78474827
24744007
59013280
64103445
8136456
118010739
7509433
132752042
56663609
15429911
40471957
30285914
18757280
28806586
47196754
77345042
18668052
102044243
58502847
104753414
41758235
47829421
43043608
115763462
79755198
145039535
17556512
43157954
40018459
10329472
90973905
61949425
19947091
11859392
90715781
25215536
88721713
154229072
57302204
28198439
42606280
79674581
76764108
61481800
7069746
34067937
11682325
85186447
59470567
35142608
28710428
78659668
126219363
15648689
46861230
31237264
113787336
25061525
31603632
66958877
141397806
41566153
42109043
43730167
68737739
55729874
21953562
153447301
55641004
42589840
74981718
84893940
45541608
150536332
26029211
50113984
44435305
108443390
73958879
96563617
37504229
46272905
88495664
48999643
102602330
56431067
119231314
75014070
83484228
119362794
121785869
31939605
35627596
238099213
10565655
25413054
61472697
76137192
105406606
44456567
24604418
25878518
22747242
37418530
59373111
38380908
86109700
92750936
93545889
41800769
100536029
43211088
22528541
92797930
98089273
72877649
47114051
103764057
73933708
160954612
108093391
52715477
27581300
47816589
53814011
74146340
42946766
94672303
84408157
56205433
105656360
39742826
48903350
63298998
142445262
18151362
74977555
76574312
12611619
117361593
148953843
81454678
93062993
9293420
80787504
12760010
91336111
18846807
23216765
21566078
55092940
138452681
71529698
36060960
101435384
32853503
85648617
95043070
90221801
141959162
18710614
75464052
43888741
28433563
12608598
23828758
115934197
97045652
89493292
67637050
8329281
30612243
55694655
81024619
161206117
52270650
32768254
116984204
39431541
98734176
22432150
23625078
64780969
118348501
189485601
42363706
29764738
164057221
222741543
27534072
53008610
50430822
44569675
199346544
99157097
138708155
18469508
72924050
94259653
142662638
73221561
62639635
80242352
66099166
29518410
44829292
18961951
101174217
107898404
105827591
114326654
131816472
148684321
46837702
75265801
22054286
63496931
78154783
96366469
55729167
85452845
190703346
42989073
68596914
104469985
23386860
169442964
155414535
108444067
52863558
73076566
114170915
165495168
82071330
52081081
108470115
15928748
134474205
40037621
72466963
41121516
94482650
39499306
112717198
45814106
45976662
98230936
109462688
53606894
197852202
143345921
71838991
121960974
72146099
135903914
129140487
101313218
59065278
69359173
45805255
49070112
73951874
108180028
139339973
51545815
74377780
155033621
124342751
248387538
107678526
67756145
97367690
82633176
107319077
102977353
105238723
44460550
71783804
81650656
110530528
150223561
67842111
151811292
50149593
90816319
43419809
105484597
110255331
65293528
156175359
70715529
90898436
65946666
50695328
69292853
29092735
62820547
85756765
149639530
98873711
96051021
75801458
175226396
74496074
120992203
210305204
114793940
85762634
175568932
36486758
171705153
110565641
104323568
104071807
50519664
29429546
35565245
100523056
101251055
54164634
83011344
75079970
75314898
116699140
168259013
51112129
139113571
186669775
17562437
62865301
42467968
56617846
40580699
41240688
40267487
55127529
88590330
143342350
39963023
67568704
93761761
54717427
101924679
71917746
73450622
191783482
93491234
66930760
61783284
80623711
99111280
211378364
23333740
60005218
64542104
42926251
124139243
41560702
81345181
174303693
29915396
125531012
43972159
47589883
33702251
75292156
101853500
53533401
77038227
109760543
116708823
213159184
182492082
91193958
14408354
172951183
216229824
92747647
112389876
42374314
100188169
63948621
192318326
81933648
87975337
58595120
31917044
65234170
38109649
126189842
98153161
57894028
90317079
71195136
46034486
164124004
99760446
69864210
85691201
36421179
120201853
157376546
143092972
143580227
176959113
53732505
77494601
