0
198639907
154187391
75039817
74974530
139417254
82027256
81912565
168572416
73606060
75531471
75037702
77871860
67314370
80164733
169703927
79701571
77742466
73853472
71143147
69866309
85911473
179625281
72933103
71247184
84822233
84301011
78564590
77808546
70459959
198642777
72778041
74771757
78480971
64141195
74216623
79510605
71961732
84426951
66238898
76004239
72416646
73425288
74169050
61315818
70006935
73316519
68996474
73857568
76770592
75801965
78470032
67561414
75870084
81416356
76818677
73644726
74943091
74527106
78906558
76616114
79776067
75649101
72436895
72488728
77427814
80268268
77781460
77440297
70812778
74976315
71360610
77841907
79217510
71202948
85187780
71273442
71881607
79536570
82400259
76212977
77460367
84265408
71450814
82277755
79773196
149969713
76324786
75005508
80764766
63817962
82116715
221889868
74166370
56832533
152280119
77378314
184520303
71989276
78022346
71736670
80015494
77339946
76556996
70704501
82025492
70676021
73489007
77064765
77336736
65768949
78759049
74777070
67088117
75849263
69248251
74841744
74165937
55344224
72399928
73332575
74117038
80242062
76944307
76555180
70989648
73106535
76428350
76607515
72607711
78187809
120160594
76136717
77821274
71917895
74148560
74355818
79272631
70714429
72823910
77516829
71509853
78340642
76389145
80535762
71884618
68486767
72952944
72053356
70152234
75242430
69088212
67223295
72508559
74227717
78113166
153877557
74205944
70917586
74575735
79557872
83839693
76793497
71685633
67420292
76284537
67523559
66124668
70382193
75818295
141891734
76238321
70746730
73989299
83017828
84574560
76505417
68785947
72884066
81814378
71452039
81103966
81590939
70919812
75662018
69514363
78357856
72879779
76666920
80898100
66272061
77017229
72414463
71332120
77139235
68693790
72550940
80807860
75755198
73095659
70206413
74948732
79660781
148237428
63398694
79490655
80370037
76261764
85352659
70577244
72173276
72280281
76227008
67581989
71770143
76679153
75029107
76999054
90283684
79230009
75255295
72152582
78743624
80639824
80655736
78348634
76179603
80936971
71896572
75458114
70086950
74525407
69358209
69664623
82470958
72819737
70409015
74314470
156969745
164782603
158060988
71759915
77664150
161569099
72377586
75077802
70369192
75425251
79504667
81009068
78122236
84235488
69988300
78363332
73025046
71256767
75839303
76181719
78835239
84353428
78696763
174031469
76715928
83696971
82238010
76627724
75685406
82746500
72500811
77326160
72695142
71398384
73195803
77163090
75233898
79475768
76327806
82120401
84290761
74461518
76547116
83603131
80360351
201359165
78241980
73135302
77522103
69453706
80477393
76026599
82325895
74838680
80430563
67621373
75280046
73810665
144872570
82012273
75604988
74496489
77273662
117345308
70512538
81297486
71563990
74791705
272836545
79320423
70301184
75611474
65247281
74955754
80710154
72995549
78451460
82333953
80414658
74389535
78164499
80913781
73563609
79126139
65157088
65753409
71850972
75115195
80204309
80498161
76171884
75591750
73362921
77810403
78655276
79585295
72194472
208591471
79749992
74704288
78536012
70813799
74993679
76112942
75703610
77545727
78964975
79271228
72879392
76486904
182186750
73637461
75549426
127033045
72658521
71667024
68188765
185049942
74592631
75994073
71019237
76046853
75385373
75125652
76865312
77813637
75100660
83919116
77125035
77979365
78275855
72833485
82384803
77977446
80939552
77109983
73308450
78293479
79336612
79966654
83643142
159247411
74545466
66423587
76370429
81198285
211847582
137806709
83591130
73524695
80686881
82419974
84887105
78342800
70618646
182223052
75262689
77032991
71782844
68919303
158334740
73894447
68137925
121446304
83755769
61777794
154365001
77928270
62971274
78332421
76978155
75240887
76671705
78458798
73758493
79754605
66657748
75868460
74486730
66672945
77457634
74468365
77335137
83529521
72923824
72143727
77182273
70474351
77621166
70165739
73543997
64948328
74776821
73063965
87499872
76280908
67541332
77081552
83643623
71939824
82111443
78134253
79654078
76345396
69923253
74400555
79365342
72342727
79074658
75302094
185876328
71862712
74165072
79788757
83052010
79908284
69159907
79198666
221985467
69124648
81232301
76426812
67147416
75725035
78616492
79173020
77199830
67394306
65624172
74974858
250805247
80766277
76547849
73974732
71245244
76229539
84336601
70488365
75149448
78255748
80934574
77962586
78776291
77368670
144061276
79179368
153989344
73750122
69313257
158091696
82843661
78787411
72865209
79155817
71399073
78707517
67910246
82808372
72650623
70315961
76343121
180760597
80465617
80767663
79022796
79164480
75811494
81864356
71979505
76591324
72060688
179621595
67257105
74143461
78933211
74451308
129020192
129406197
74560789
158421915
78532275
76081948
77000140
73195270
74763359
77584721
74516452
163780132
71659904
70177815
82188575
81080238
76301673
77483320
82347996
80297214
77128397
78795683
80859125
64173391
76355735
260214582
77707526
81110338
77791950
77193140
81126905
78966121
74107684
77408264
72909075
85117292
77810525
78329701
74782393
74685166
77325674
81239107
207295706
81808659
78006515
77218323
163638866
88298193
76227683
78309902
67983720
148090416
81273335
75705230
78580366
74169016
78376935
81257203
70167422
83170899
76590988
75090692
83796480
72176253
55735638
65659140
74139727
79974944
78790678
66651574
75675272
72816697
73712474
78586837
70404663
78160825
168513507
207811281
67002426
80194418
80300006
71156744
72614994
70598175
72972058
155186860
206526818
77350909
72501906
72347666
79752364
73608158
109066584
73342710
75410114
78238708
73879004
84508798
142391765
75153568
74630686
71403811
281344803
75399183
73335991
71246862
78415291
75012042
76867048
80972011
81847812
77938545
147203469
75211558
95394641
75306508
73139468
76783958
77530384
70373159
71206141
77311534
76066133
75990689
76335068
225576369
76776234
71551643
80196434
77261130
79426917
182357005
75654172
75183593
74470605
74912905
75204368
73414507
78586235
79798986
71039966
156734027
74032413
73310065
74546784
69718820
74382256
65250996
78379033
72540506
81670942
78899683
82376233
74943129
76480956
78901450
77402655
77465621
74206421
60533030
55059998
229820418
77207686
75333481
75561468
74127770
68715467
69945038
81682449
78977258
79623755
76436722
78971338
75120699
73808696
79392914
68520496
78079996
74520574
75652317
82604163
81057296
72607536
277328036
81271910
68854316
75916624
74868524
83286928
93398942
81889611
74396740
77226846
79601166
75669973
157586174
76885595
82869552
72010016
75351922
67767036
74221842
76955411
75807696
90654702
71422678
74088320
69366150
77307486
74563685
73870139
77570815
78059948
81833474
80181935
76895180
69897546
65814738
74685964
74714309
77055092
69391630
73881801
78885385
135140323
70077393
78939701
72996727
77539485
148660808
67727895
80007533
78847761
182856654
77612997
76387945
77387063
82185162
73626955
78696334
79390350
78854186
65208182
143544516
82242894
77874164
74181585
77491510
76677054
61016504
72938285
79210638
72921838
74147307
78643701
75727631
74448187
79472565
80018317
79649544
211604172
80014969
76208573
76842123
78427082
73685857
69019247
75837759
74766693
286394673
74075708
63013307
74061183
71330645
74699199
82164441
72596018
72307039
79021702
64597531
79220386
74634022
69234787
74147582
80266713
73983468
75494709
73103826
67541621
78789906
208748455
81455021
74570119
76613820
75370777
78865863
73948168
61952886
168869983
78342355
75120558
69372823
78211116
68646876
76365691
76326090
72750856
79455425
73465783
77225928
246996987
75627618
71367523
78509701
83608099
73050332
76214330
147028595
77318439
75929380
75218598
66478201
166208690
67591813
71644155
72490444
80271341
82011360
75485111
358980299
78123981
69882884
68297665
70031596
77115225
172211235
72755539
66430380
79168242
78867047
68881472
72269116
72008543
78206287
75010648
72763466
74577530
73934534
281826333
126674428
72302256
68690916
186790755
155189540
76712801
78094174
76714991
76759301
72495572
73964255
77447872
76996561
78278059
75251381
79896164
82091069
75899478
71648017
176697574
73181576
77171029
73994334
65526423
72947874
65194968
77722869
75610367
82949148
81068065
209290876
75124774
75587815
66932231
72293452
79381463
83204362
77699280
244562821
128136413
73386612
81693372
73572428
175415713
73620768
83580790
81734237
84562576
72659128
81807824
81489246
67245383
78907007
77837273
76925128
68387836
76617439
75275441
78453444
70395003
75614206
77063562
65911532
79089595
241353483
78623343
169260216
73550873
72498314
77455843
81140955
71213274
77403901
62537324
79473734
81411446
74840079
273334762
92094797
80869775
72392921
70372131
79034342
76881256
76077453
78217855
75675366
72255280
69064451
75563173
78633405
135828411
72254894
75704652
71704884
132404560
74051801
154730821
74398805
70339228
77069026
74423992
73950519
74123762
80926624
80128540
189155838
167254141
72503132
71935703
76626293
160777266
78134229
78930868
75500033
77372547
79696572
79903834
74676693
81413430
78866341
75439337
75927888
73925985
75549723
76923691
155822722
82500758
211042109
145334996
72962061
78824605
71102784
79491527
70561116
81239748
78351151
74372430
76933644
78184133
77582281
77134408
79434215
69853102
79291015
83218060
70021470
183394998
73214839
67218102
80399292
157406737
81721233
86849863
78924701
80785065
72286149
76994216
67432616
57486899
70481360
76830887
142739199
166981126
75536514
78017592
74961321
70033046
68307714
82623112
71090820
72029786
72994470
75867215
74872715
73251749
84420406
71735656
83258281
79505265
76939166
74138921
75592470
76733624
70013731
71784351
164822716
129987188
75921352
75127614
76844365
73939258
75210795
73686340
76765588
80628115
82568204
64223224
72180747
79127370
80639405
211518709
78367797
77601471
65364279
74771014
73340378
67725831
78173903
82832790
75902521
80135336
73328405
68452081
158206679
75581046
74161604
76751372
69010018
65121893
82326671
68905775
75675948
72293510
80387741
154413786
73649783
188129375
82531413
78919329
76684485
79994800
147081866
79465585
76835152
77579662
169959143
72299247
77088211
73761837
74941192
73987894
79886431
73735350
79858876
69855761
205768442
76319121
74080680
74705121
76053404
84205803
78734761
76146195
81643568
74383443
75038811
78903506
125990008
80396982
76466873
170040759
73916876
76435161
75667630
88887227
72125613
73683497
73674227
79224113
76031264
82112121
292018755
144930268
82077704
79083539
84638624
78724705
75166570
149564400
74434850
131369485
81508192
82398049
79264269
70437748
70194282
64918647
73912468
77302416
162674484
74584854
72757281
77788015
74968569
78569258
71389446
80030097
69774082
78701786
76723670
78970868
81578010
74478931
78278577
73633237
70615376
81135665
72839978
39051257
72508019
71776025
78028772
73255459
80342204
75885359
67702020
250646560
79425385
72022687
161039981
68279160
191848425
75479736
78527622
79269236
69894924
77844934
76605100
72125475
73107002
178499719
73148376
77061106
79438716
64874003
84244626
78751667
76348054
72295279
79343292
68705589
70099503
76987521
77343755
72411063
77878660
77618322
70384688
72861808
74329913
75794511
72750586
73471630
81408898
68370138
138685689
80517443
73754522
80162464
74528724
82553595
184949559
78329790
75075676
79908735
78109640
79586102
141761206
79032997
77390968
65764806
72268586
65872568
70868958
148069747
78249204
63127971
71594098
77845670
74749471
74054049
76728706
81391162
126423588
75612869
77206914
82737267
74507951
69145809
68587075
74786051
77836162
76493458
87059081
76888870
81098449
226068535
74688786
80064083
80446170
77058875
73795836
65124782
82067665
66941917
74072334
75976650
78893050
71993085
76273245
79017314
70522189
79063284
80597516
80901040
73349368
75649731
165518603
81107693
76341521
78212793
76589021
77108800
73438540
69066235
66314470
292590081
76485796
74333357
70025156
154634076
193608745
70775489
197993998
163548745
75888054
79210755
70878756
77882860
69611209
71830017
75288075
78185190
76162434
73224305
83272555
63153428
79703039
70283940
66274370
74695517
68277799
79686372
73289078
68212828
78217209
68526066
63968435
84305511
73356365
76163467
78664533
80267639
70882354
78656594
74461468
75744655
172046463
80194091
74085870
80791171
82891361
78176905
75265622
123590144
68255154
77664344
77695965
75397847
64658037
75554953
78624310
70038424
76240872
66515181
77253159
73521439
82165015
74394787
73845871
79058486
77289740
179345751
77802193
178036430
77935219
80253182
69046989
76789145
71916589
72045272
78677015
75373260
229950660
73543377
71646536
79094239
80001970
78948192
72129958
75666042
79094978
162667240
74815281
69433128
71120561
80854035
74187089
75581121
80343973
83907391
75191426
71181276
134920119
68691864
194795923
78212895
76560028
74838687
181269567
68839508
78264790
73263913
73842991
79907400
85314055
78150442
270475944
77147246
77305822
72985605
59857445
77456759
72206378
77861890
73922844
64043846
70222342
72744025
71406444
180977285
141205508
75167552
77603964
74402289
76584185
75050750
77984796
79690952
77596582
160613442
76495590
257448901
78493677
78227978
77527479
74940602
84831896
80157637
79143892
77979554
73685831
78657237
78366903
77848515
64216921
74118776
65740353
74074721
76513952
170492048
72939179
79734562
80761141
74659481
75589073
195144250
77598473
77773917
70803121
80325771
76443766
79302761
72940607
72366346
72223518
77280592
226676823
72560237
73639443
78525873
70548967
73194327
75850492
76429045
75227545
81963612
67517586
83032479
75005760
66039022
75712796
77406448
77131003
73454116
72367299
69006668
76817662
75504752
76284742
78371934
73833906
79028897
71340982
74637554
77959246
83323138
78827026
73752428
72392601
263363805
264970755
76460539
78685923
75732126
80186252
78590460
78499661
79676844
77206332
74125230
74079121
78717766
77837664
92598904
65218179
87586054
69836531
70034087
73927703
78188559
75911329
62483255
64613960
73541217
75932624
72084319
77848103
76800340
77244831
370198825
139722623
75195473
68443959
74494627
78663359
176999864
79602789
73275383
81762458
74293689
76950038
74737920
151797043
81666205
72007383
72344026
70352028
77948924
66543206
79350778
78992765
76647132
78440998
76599916
71201486
81814021
165645487
74972761
62655254
66935414
76863794
85707913
76043596
72650130
315042624
65930512
162818864
76375657
60962004
77934680
139072731
73011032
74723128
75177190
80833949
69569799
77614234
76563196
79907294
249253031
79978986
80399640
144625027
70077829
132568366
75937461
78091055
73128927
62548914
71704015
73980686
68289895
84891176
69043524
80928900
76353864
71800609
80246570
74368289
71167835
186242057
66716783
72921131
77381799
75806454
80903615
179416430
69512269
79796902
75082827
70428673
74274994
68177202
72215710
73722547
67662453
74268775
80009453
69244122
76130428
79075444
78273818
74656961
90425520
65831581
71480721
70984002
75263981
66989732
50816186
74069716
73861082
175551256
77862188
74018249
76039442
231008241
72921849
88100572
284309234
73427513
79554416
91256399
75792505
255073024
75009079
79311936
72068648
72818838
209829225
65946295
79061249
80916935
75214326
80409563
73434512
74925411
78117531
140560354
76961166
78634331
68785151
182411786
67064515
76298355
74482532
85106932
210444142
82518964
77467767
140412625
84049839
155243250
74354600
140205130
76411272
80762216
255721179
81290813
75024377
81638507
76776705
343145859
79777281
75368424
75860129
80063292
80583581
70517514
72311855
68801563
82587186
78444612
73695132
75767319
75493667
71031101
83886683
81344700
77612096
76775092
78464946
68088784
74547301
76529282
79369219
75023859
73810449
90126722
76996180
77552923
75188902
78664087
69990001
78822397
76235798
78931379
135217247
79825068
82541392
65787512
79622231
70735237
197628598
78533079
187145576
70884149
70134970
77062598
71617979
72744048
79890296
72480046
77977074
79309782
71181103
80404138
154440116
78833603
206860136
191631955
75366762
77420419
79310288
67426642
79214321
68169287
86357930
76166913
70987868
76472679
73649393
76211737
69027835
79167565
76504926
70192452
75885024
81887641
82934957
57953296
83737972
80005732
76315410
75050906
75493646
79430583
72237497
77156430
77468513
76370357
64378103
143342448
56465630
180528446
75721093
80256207
77953465
79731681
74704260
144626979
78763178
81153190
76980851
73689798
74312599
77939912
67574162
67244930
73210520
78972725
72907865
72419950
59566129
73700509
68756714
79418778
74617071
70334030
85354516
76465053
66149014
79437866
76294311
75944186
80058035
60147519
75988507
153608152
69461401
81435793
71639908
72810716
80157486
67469845
65223212
76112372
84622772
85407410
66825795
76029417
74982770
171285119
58159647
72850932
71902480
70604365
80079758
78246335
75345668
77397436
205536227
78487786
82300124
120022199
84961170
70674943
80393442
88064812
146244996
76716518
77502040
72757996
74185121
79100420
81464960
70907891
160976019
81474038
76156533
79601015
85489196
80038408
79522090
77534368
72664766
73543711
76898977
78374047
75365259
84788846
74881221
76792062
76197220
75573736
79003119
76105366
72081312
74540361
70415065
77304444
70285983
75616895
77823182
75234360
170565318
75659720
74451077
76495593
79335140
74149171
72036112
79605779
72522596
80957817
80146907
78638183
77003599
76304558
60567195
83472325
81447486
74043072
86939168
74739441
82527887
77358615
79221613
132925053
76579565
78710946
82357414
78399921
76404818
75481889
82389542
73840033
76892776
75302111
72998516
79880706
77836148
75803888
76238372
76938688
71509365
70229653
77301800
290818230
154471649
61721134
74225938
74506018
78341788
73458172
76806553
76339947
72266094
70170120
76281574
71172162
80166897
273261623
81437328
79826380
154633188
70966429
76427976
80865675
76297998
74862495
75108852
78433217
74054305
74588693
75303326
66790005
79151799
216903415
76288891
76249095
76171153
80775909
72030710
72911374
68900218
83942164
185885233
76565622
75526846
72387842
76177559
81043952
76465895
74714915
79858865
67670088
75340515
72615845
76136485
69225060
63070388
73574565
87411691
75793419
76513776
85938935
79767812
79912296
58797115
76070290
71322481
151886980
75427099
81277698
68051559
73454811
65871561
78331234
74527899
59403817
73236630
66875364
72928732
78891270
72559457
75274887
64008499
90150159
78568186
71492436
78431307
74490691
141384965
82060408
71293350
81247617
71585821
68013031
207927910
68290932
77514416
67737452
77399235
65438186
81663270
78435602
75596811
80326486
71076378
79703770
79750813
73687697
76164428
78254564
71460890
80526212
72330577
74757571
70723141
72282334
77019393
79765850
73422909
264456812
75833367
68511108
81741793
72278631
76147900
186789219
73822764
73339799
74112484
182286062
71860960
74752773
75939650
72878434
73682654
76619112
77150665
77017806
66978843
75947197
73091478
78246731
62802359
74502364
145998798
79137577
78765812
79363362
72413183
76847946
166990438
82020630
74511150
76068683
78563573
75697411
77069263
69067790
70079394
74815344
72668412
80843142
76847360
150676207
70431693
74897530
79564239
73226449
78618842
73676522
80049030
60973719
82774312
74587210
74316688
75498689
76857709
71434691
78464967
72762798
71695638
67505300
74674747
84464379
73581352
79631266
70945984
77929966
70340279
70310985
165808281
72224601
79522061
82860636
80443962
69909838
72756940
75982356
84255765
75277133
77909077
65297871
76773746
77422001
71116489
73767454
168925187
62466155
149053526
246213413
77545818
162775870
76412238
64649782
68587011
72450711
73833678
72237998
81331735
76139811
62021553
80817478
73907316
73566997
74877426
73628290
77154787
81071099
76146200
73786246
74257838
81743820
76846433
70935504
85338131
77630459
77170472
81236000
64462657
74654695
153305377
79619220
74012911
71906219
74326263
71629950
79242833
83914184
70894380
72595540
75813570
74798328
82272390
68754821
68580824
77422763
64509867
76217274
75001336
76390728
78405506
65892158
74769937
73750954
74818303
73430269
73703415
71731101
81910549
83353213
61744609
70469083
83425238
78516660
74952796
79691662
74428069
68030913
69444454
70953086
68315092
73879932
76666157
76763121
74482948
74627131
161910809
73498796
72164816
80131269
75417550
74018994
63190819
77838210
90146495
77094059
73419310
77242591
166172751
80403598
78528597
71129449
75801315
77276092
122131943
181792727
73044299
72839209
82041151
74891898
73259672
77588297
85432142
73457344
79414551
76988495
79147776
73999957
75792969
77220039
160292403
136149920
70307581
67919962
76538862
72463292
180158640
77717659
242073477
68666978
72734829
72483095
71004575
81642817
68143690
172877824
74890822
70593007
77288804
72069631
71835888
72766248
67254744
76170222
73969963
75548662
78438631
84221252
78030774
79672729
68957981
80707232
71468057
52154954
74442586
66095497
76328085
69504382
82003334
74705620
60051268
84114170
70406489
77456278
84011257
81804273
74823203
77143334
77751543
72424459
69246854
76414972
78082855
86244803
75191622
76251877
75370339
76844669
77134154
81222145
79841412
70206098
75217566
80064131
80625875
77293538
80218821
76355469
73722199
78126576
75664151
79834862
74171939
77898891
72427612
64188066
69384605
80385657
65095095
86284751
80587507
72622534
79269347
73786703
86685934
75779394
67231058
77759530
81283292
74637510
81212533
73142957
137947086
74311266
70046466
75573645
73923616
202349342
80075613
77994611
67894574
75416359
77215394
78350227
73080279
82183306
79235540
74354548
74889104
78626291
82481060
72984360
143344963
83862346
73504333
75160622
57849316
84666709
142752527
81539353
75900269
81754119
76074317
68246506
78324422
77940153
71147201
72466451
77586683
77137763
73161790
70571080
80468247
75988308
76743136
79655973
80985254
75816526
269559618
71341539
59055544
75762408
77374929
72522464
87470663
89213682
68770464
80584392
79920442
82049797
176888317
79342677
188943790
78650122
73621070
69344534
78116439
78719512
77861136
67396409
73641972
74666238
73001972
76381133
78895994
71773460
75815036
72937619
75033766
79671350
73380369
78508166
72174989
76713637
74515485
72283573
71862821
76933866
73319113
74308485
76932820
79215742
80245780
73050760
75724655
76531463
75182498
76908143
228639253
149678448
87263726
79609425
74246670
79497957
78896254
75416328
76132395
69378112
156073150
77088235
76437417
77112090
80729169
74464943
71473268
71895777
76654758
156848302
77635900
73317464
149476828
75225705
77785759
74625690
76033750
81577264
78014225
73421502
77729394
71993713
77548673
286099270
69018869
82027098
79900146
77753538
83932980
72105717
79385096
73198753
76727744
76743349
67883857
73603684
78147482
51798285
78767090
76902079
220197083
69322149
77572156
78874293
88975203
80549260
77122020
181962738
82200595
78742967
79296500
72914823
83080877
75768359
137794238
74294155
75245041
80885753
78610792
81038149
72058293
83540925
80459198
73353520
85110445
82133379
79294512
153521731
78596601
59963200
162678170
74430300
76023487
77795308
68029375
79938813
61180928
80046128
119000123
67068192
76806272
77221463
67149884
79351959
78432740
77769184
80152742
75303096
64027172
77865947
196676887
77769477
75629693
70353324
71619862
69396444
77669283
82555153
74688371
73811377
68906695
70887577
72766210
82916921
76143280
84415011
62213582
82019223
73434628
68659351
81081674
78061501
75486577
70640522
72865481
77930858
74827954
74415226
76579487
77407971
75196046
67289531
220971155
74305934
79678967
78272081
78937008
79225836
79555603
74859996
81144842
75009236
71600781
77451859
77456475
73937738
73152285
76545390
73791746
80744963
81175449
244766584
75170180
184710293
77271763
77377100
77503170
78256343
79711270
83430597
79849490
65358294
69571638
77591604
73161206
76118605
80626269
80693248
72040053
77557044
79505009
80455639
76277202
80829827
74372567
61164882
71017632
80880569
74689141
72610509
76163083
75695348
162650659
74448253
72186513
74378437
80964408
71893378
66778730
79325340
78070328
69379694
72863461
77933409
76914363
76010644
78798673
77084456
82682648
81048892
69805671
193213868
74445220
73640390
58375600
76256414
70010521
67211131
77653352
80223570
71628639
79375270
77415235
85112704
76038136
70625011
73811073
78590134
77685964
163830394
59774587
72889510
167819416
65099231
75154798
68461579
72646016
73948987
78480711
141484179
74658589
81121724
72888715
69758100
80765350
130099950
77493230
73880481
76844534
72468356
68146776
78407249
75464538
81524729
68457762
70469840
68689356
78233610
73811748
82082382
80628298
79822978
79392819
75136760
75882853
77935392
59639266
72898103
65110384
78974682
370387013
76871431
83582334
76432974
81133316
77649948
81111502
81251477
74212024
78308723
77696742
73039202
75661212
71451230
75394495
82062465
76136967
81867261
74587609
83057923
74531628
74013118
78571286
77896516
72052692
84903848
77485829
66558049
79372534
64588772
76753758
73496261
75830118
67965581
84501119
72984041
79120878
72567154
78811344
71152447
79088400
62942320
68548665
72725922
71960495
83007034
75586407
80609181
90169124
86986503
77779753
76944415
78414112
76920537
75755373
74051170
67610296
78505337
76059494
69382718
171336056
76725452
76790567
76356768
70979699
81315163
72104325
75430943
85217253
140772837
76850490
80993648
77130764
74600394
79407508
77541870
77884601
145683906
66669108
58875587
54541453
68500931
77270881
185237259
70314382
81190751
77759512
150809416
251661992
79211036
191907066
77254405
143841780
230447539
72527412
76706582
72509199
77354863
76781906
78525758
76660340
71468519
72677221
72787108
80921585
76132284
183188846
126824034
73010833
75510760
248590472
75867204
195211897
77939531
83747056
66278568
71770436
76778300
78039905
70926832
78893632
66935061
77698502
76888342
83310362
63554200
78747725
80537851
69418287
73943914
87904027
77699977
79030246
73561712
81314589
224550706
80002680
68637905
71893728
78597599
74143193
76196938
74135390
81012288
71182244
80253011
72183328
200801001
77914537
72421425
77098920
73968405
78015992
73488484
73568828
80245955
79033576
81475952
79725904
167156644
67494375
59051271
71000606
83074599
72813824
77999803
75340887
69652966
80406876
77589820
70052036
81983553
81915781
77890358
71571660
474713507
83553635
68270219
75216884
81507710
77591140
75374164
134156567
70761913
79160211
82135618
154221467
71662786
73291241
308120392
71344289
77364348
73138949
80395283
75157420
74908152
68680101
73985457
72040338
70335255
64243410
82129254
78462107
79776091
71607198
75686642
64188222
73868861
80683232
176511804
73064389
77582106
76805790
73900796
77513021
75839687
72559761
68469607
75666649
80219927
76449073
72367658
76069474
75510709
74176973
81066153
77972352
75555402
87122641
227811458
76791075
81449689
77680978
70589933
141611526
81735317
78543048
83642053
78207527
77521824
77310642
73494286
78014921
66655825
76778457
80178556
172379890
76437427
80307964
74083346
84083255
77390287
67348362
80993881
70285241
72837036
78625402
78682787
84163020
76659247
75971303
74420245
66938541
74463660
78879679
78779197
83706900
80160763
210778811
76940207
77855469
158787007
80696686
75257163
79999964
71007594
70269997
260383330
63388476
72571950
79437889
72099447
76181295
52694591
80655482
74631336
84526438
82811096
77369241
74312675
185989328
79259313
78284740
71417982
77734632
72296093
80589945
77442505
82886420
70477217
70356970
71609519
72849584
67122430
76345143
72139472
80202511
67408767
73184441
68707994
75950677
81183492
67726594
67523768
71655514
76626990
75378252
80778969
78228424
69073630
196404644
75612543
79172533
72749505
77771026
76456500
74338998
86256874
79652564
83784265
67739699
73251853
73261357
69700225
81887318
81766727
74005476
81537742
251014244
76556973
75988002
82659815
72358080
73697541
76208934
68959078
76868449
192493777
77767746
72704352
75745441
78911808
81840925
80480389
71865730
193847081
78767326
70319177
77601180
80956770
72083637
77394340
79461902
75793699
67946579
78499543
150160314
87046307
68469893
76325207
76893064
78057972
189492257
186788427
72458119
71202994
76694854
71994022
76022724
74473540
82233246
76194666
70009142
76882740
79690735
74454249
76145103
75651532
196288283
261528898
73545697
76588810
61140555
77235224
79030128
72749869
67836178
76170453
80481958
85215284
69835335
85194845
71938746
74944344
71807855
75929585
64363056
79007659
71193767
78249048
74032289
79239381
79660073
74493235
78533114
72391719
72997596
81130219
80186933
71253826
78645962
75954395
77282499
70229473
74487556
81438245
229259301
76380802
79127509
76601911
69243292
81328732
78031818
77009003
70269642
67763221
79953728
72523669
82210032
71899177
85795132
81056443
77951378
76584912
74073800
80089976
77911191
93034525
84066735
75044611
73658494
73873560
78101424
161982341
83767181
72468342
63119727
68486035
67081936
80184575
79636319
73607714
72085414
76111809
76452951
82952557
149834184
79172418
75876378
181964118
82628688
194595133
70232758
133572337
80533479
78341461
70904061
75210395
72074367
67490005
63371262
73199796
68030687
83869354
83504397
74177899
75683205
80197157
78742082
78762999
73931361
74473688
78667932
81399911
64655814
77792979
75345779
74022959
76888048
77661962
79758940
78098737
91212857
82255841
177724482
77992487
126930116
88429131
72217277
71433543
146220952
63389241
80542653
74796453
67471969
78610654
76554948
78823013
62891059
78644695
69293323
78289064
157958596
74531849
76319660
80261976
127803104
65641703
72110334
68857251
75621122
64921341
87024918
74849023
65123725
76905214
80337732
81178586
77171079
64128807
79166107
39534820
74044790
174557326
72123677
75344310
77812984
66015637
58089120
78297470
69361034
71631560
79219274
72776514
78030995
82787607
70321535
78975197
78044027
79241860
70061353
76889197
72190150
76595977
76217935
80906128
82226241
77318262
75992491
83550596
78691256
68532074
72835749
72345866
78400188
78125477
76950299
79018090
72984771
81683809
73960659
69091540
77327861
73933255
73291045
79142829
76801526
80274412
67263668
71840479
72384529
193392119
72976996
71103237
78886254
63896845
74882510
71198268
78831205
78882389
209932154
75752874
76069164
60034873
78051773
193621645
80238337
79382052
78527312
76222995
69752112
73973031
61118557
125081511
76317255
74588659
185248592
79671052
76631989
76744747
61629981
72450891
80053358
82206208
74919009
78953065
80920095
80156487
84985693
75371043
68144142
79733571
148897468
62082906
208482260
74968503
83030154
72664226
75677951
78807248
77790283
67620384
69962574
74885940
72113224
84108788
78118782
67231001
79686142
79745670
74965250
81507869
75143428
71289975
79084846
72633451
78608217
82445444
75561489
73262950
72217603
79983177
232056134
79059372
69168489
144347940
79070081
193526012
75102981
76844286
78812947
80629147
59752517
78724279
83357350
78471762
81936584
75090412
73996217
70464038
181170213
78242556
133483965
76728733
81044603
75968934
81561365
77790734
70115799
74470767
287755201
189903831
77191869
74163552
61864848
75385427
79021396
73394069
63493026
77450050
68307672
195807588
73239934
78854482
186997951
70172771
78508134
73704612
80675843
78002840
80750324
85075214
78713667
82400717
75545670
71964860
135388441
79381479
75459766
71000421
78215494
79626054
74404943
72474186
135902736
74777589
80344895
82853471
81659178
77948733
72961220
73954065
80950471
74841858
79982480
65411791
80226529
153241296
59742877
76726041
80170762
80311627
161233602
71600113
77195680
76349047
75223798
75338561
73570827
66805707
72409331
74010056
79757420
65084741
75902793
70857481
76292537
74917074
74357915
73529263
77438654
75770096
163232752
55741653
76228926
72011504
73735297
69543012
74172391
74789589
72922273
80519250
76245890
221255433
73586323
71916578
86508170
219197206
70011973
84000948
71084303
148692710
83930301
73757538
76512556
158443759
80525022
77182540
73578636
77050106
73557005
83037050
81572104
67822012
130473493
205842259
74910312
69440876
174785720
78459219
77971191
65461222
76845647
148622035
72629625
70926922
195642578
67888087
82939772
67874583
67078624
76992150
60439764
78210102
84653788
165818700
79915756
76267420
83001894
80503122
75280781
78546491
76628935
80572450
74622998
82587394
67952963
75694323
168012001
75231063
74503707
75197027
82710087
74972388
64913828
70541326
72809545
160003666
81859537
74534163
72613053
191842270
74328691
84466933
76562833
80790044
76625205
72330001
76089190
145221090
74761992
68311353
74235809
72610007
79503955
73643976
267135884
78060177
81077624
83433658
82536474
74622324
72217235
87939420
74835743
63859780
71121556
79266807
77753894
79610599
67250225
74365373
77538837
78248907
76550185
72206936
78349434
79168679
137760556
76055177
65637390
80120574
74394341
82708128
68007239
63962573
166977343
71306152
78732667
77743514
75749327
63261291
72450883
68073574
76074646
78226801
76041612
71915845
77366081
73414810
82332194
79148532
68900200
76616194
159385649
76745287
80676338
76610662
74880803
76487607
75032204
79866747
74775384
83229972
164317653
78918282
61259546
75107775
68667637
76031727
76833027
77577625
75236744
71697129
77648909
80480704
73968586
80948414
70903653
73260353
162161683
78510863
210844588
80371982
191784404
70854276
69212321
79859777
159702834
77212744
75835043
79067595
76251599
76515011
74445073
70680200
79514504
189666517
80361135
79889577
81999249
81025373
81785931
74297887
66001365
79562280
80888101
77510632
76467539
75390789
77404207
81000130
83968990
78946458
72089766
78431038
76593476
74279377
71747942
75815265
81050359
65043228
85679738
82611415
70055720
66782607
78513812
72478488
73070500
79007991
73865726
79827292
243917255
74944318
68639341
74765249
67684664
78574974
164451376
64758242
81540774
182550474
77358214
67872228
78375055
83587505
74995337
75919588
184164717
71762726
76457110
167864657
82333987
78600150
76521135
75376773
78803564
73332483
77161021
163058016
80953353
74931478
76070394
138074544
84091429
81758139
209510479
76002121
71372796
65893400
77597119
77201376
81838990
60498428
79271276
79116623
76108261
183918885
78479005
72613120
66773655
67201817
59542266
76055833
73735554
69443666
80024702
76308486
78386016
75150430
71864863
79458053
77836500
165803982
178505776
77544336
75646719
75200866
72434113
75466714
73301218
76205900
75128086
73750198
77275196
70137192
72789046
71643490
76371310
77020915
71991685
81370699
71226602
74570550
77451181
73701162
68953826
69646286
75132881
79939430
151893116
75751777
72304015
73762950
78729416
78635403
75281459
77426521
77160075
66351943
67555187
71159269
83019760
80891055
80718756
68820565
78106343
76447991
77243127
76364519
68556758
79591899
77011797
68026988
79861211
68468061
70985508
78197085
81572872
74125423
77343115
86774371
70387635
76477217
66477064
81110745
73123572
69488183
73677754
62114907
74323737
75360802
72542941
83243041
70811811
74815427
70279119
75750149
75695433
581424708
74833903
84205939
70339494
85924045
76383144
65225270
66276449
67988641
82513801
74525433
133294683
61758099
66386775
68457554
81248030
77251222
69737712
79157553
77374548
75346954
84028052
73592317
78424076
151751593
178873636
71834202
81982117
77570233
69498693
81894004
137417633
77478907
82937550
71454035
61229998
81550133
64199452
77477521
227765525
76471061
79677596
77209752
78760013
73783678
84105359
70735422
66019685
74915263
74780472
71734397
71373555
72609497
72770085
60247039
79959484
73998007
72395098
179610741
66898050
78147592
76892486
83254645
80486015
77445285
77690912
78749974
74206158
78046082
82553786
78076862
73803726
77736369
83318865
77697689
218397760
72079556
80119183
81066881
76430445
76208145
67226358
75365272
78156305
78712545
68289431
74772198
74566306
72908405
76055679
72747089
76535975
69173081
72984901
75259547
70624496
72632515
69950304
71451360
76839148
75266238
244691027
78925323
79389654
72374780
84020503
74434787
72972612
74922121
73720126
73745659
76955883
72058959
64710016
76523665
71893491
76234827
74945615
73269257
69574629
74683724
84811218
73215428
94738899
76060024
79148238
80292645
68116923
72087266
76661821
77165960
78411979
68656653
74369901
85520124
76885548
214198012
81818491
75707063
69407919
69341160
79792099
75564348
82078913
74651950
77785522
71189794
70648150
71902115
78533812
68292408
73604829
72066666
77352691
70724517
226366847
70916559
168200877
140586729
79084977
78202460
77450091
66842156
78551378
328629268
64505120
73519010
78625843
79157189
73366291
68144739
74357335
72696005
68838568
78361486
77630087
83174705
77960497
81853872
72447404
159797290
75901796
74740990
201146482
76112913
64912208
71420328
258542900
71999396
77406483
82475435
79225216
195374220
66717678
75973928
79379734
63863712
74399829
78579301
69438717
79086112
70533880
176004729
58852297
370661349
78183177
72271688
81890883
80051591
81428042
142133444
73380782
73132484
69429431
76512138
78614264
71265810
70924377
77516122
75785851
73042178
76146996
87288206
74077322
75543321
78417893
74497980
75208415
83572392
79749076
75596249
62438363
73263126
74814984
68203856
70874637
78634437
260866631
66069999
76968352
75880510
75943144
72651286
74830796
78822592
71636150
77426787
76692576
76329588
72387476
77474000
79357532
80747191
72945948
79277017
78989363
83504338
79437869
76505023
69684977
80785056
81633174
78857624
73531792
77052536
75252629
73085951
78111297
81944538
172657604
85257035
70029704
75584350
75036512
73056493
77899982
79161878
81369510
78579863
77658249
72875898
75651036
74580819
73377973
74919523
63079674
79431514
69771984
75848523
78223215
70934650
78060894
87904017
74631620
71130261
172717655
75858781
73659062
69410834
72994732
80031782
77705475
78541067
73852188
75556027
75654114
71289496
77410271
160027930
80924019
128164595
60448920
73188189
78198554
76851617
170233186
74025801
75343648
77838599
79617913
91059484
77021901
78597234
79763520
78605120
72598027
75287963
81317988
79239806
256793249
85826595
83578385
73700061
72324326
80497647
78646464
74814467
75531358
71675166
60312279
73898100
79930507
75908959
73932043
77408465
73782462
124708199
71141678
70985500
78379798
74734364
81170731
65763479
75444854
74921584
68914400
78240729
78739114
76408752
70088594
66060045
65315687
79661862
164994259
81729764
71700467
166726984
175230649
87732122
78123751
72635579
67746392
74566732
64277830
74284637
78048284
74984044
72889360
83313971
76708849
124597168
73481402
74721627
78203801
82189814
77999667
66223354
186791707
75219964
73559876
75575445
74218951
59332197
72422438
139787167
72408876
80259663
69172711
71957519
75973792
82514133
75786287
74110899
75187414
67852984
77217750
60410820
64165239
80081619
64069773
58712583
69906895
67397130
77136134
75258762
140863632
75202694
73855400
77438694
64308364
77763769
73146997
80355386
74918664
73867446
71038919
73350519
75892060
79166589
76678200
67945591
77176822
75638064
90820127
81051087
82329817
69874313
66033617
78365944
80903082
71910688
73688320
61080098
73988475
75263100
77845005
73516408
83650778
69281135
68574667
77400559
87586228
185004600
77156979
78207473
76391515
130568691
75022047
76146792
74756338
78220288
65364761
80320303
66392352
80335516
73667821
75472456
78517571
183783597
72880903
56104716
76829223
76020825
85274838
73068348
74844195
70925424
147909924
66529983
74772120
74845379
80496134
294134005
170236224
73511312
190244234
78697803
75880537
65769270
182930074
75327083
77315658
80180108
83671548
67571658
70240913
73064575
72542630
82195332
79938370
77601236
79852219
79817908
81483243
83657255
77689661
121908599
80624424
77465167
87547899
71294301
75579713
74330340
77953873
73327739
73534200
75183193
77986754
80603381
69884396
76294973
160481216
67354233
76458217
77467780
89878294
218007030
72640841
79022485
81105388
73319482
84360800
168479359
73052101
77293194
76632234
78252513
72239476
68662330
71236672
76224190
71748902
73893667
160830860
77693938
81274149
75498339
70823644
78745255
78953519
70866771
67456276
76361790
229591844
73715358
198877993
69324053
78654634
67812806
80433993
75020369
76144771
69435051
79341350
77464419
75523042
73127295
75299235
79279181
83526695
80428847
77572515
72477854
137670673
79855945
182086233
77529389
66755077
74476767
78022217
296100170
86110945
69338233
75093858
79634071
76570041
74206362
73922620
123927337
81429911
76725364
77351146
76152343
72670752
77584639
78225917
60639459
77110104
81440160
79478584
81906608
74423336
74127331
147003821
74558286
79387801
72546739
77124496
61193464
60918839
75519445
78131189
78295211
78048032
77221856
79449974
87293183
70754447
81787196
75525094
78055520
74621988
80179175
74624731
74322637
73026135
82686358
75620997
72849990
65014940
171625813
85507962
71445601
76785128
63877175
70162280
77427733
73478704
78414839
78452391
77159661
78623935
73571646
144430902
66256009
69460242
75402283
72803772
79270685
70606066
75843584
75726664
84859634
227332577
70020521
69607616
69150090
68028937
74039630
75187119
72311119
42661158
80696110
76300918
70717209
74224797
80059393
78569180
66907616
72525218
81124564
72660024
201248659
68232331
75756465
74649664
77448089
77504152
81551032
74311922
81771706
76772479
206750646
155948187
75283232
86529339
78546507
81726525
73589136
75138155
79679860
164448794
74488713
72957574
73515757
79372051
74303132
78278322
72408747
73675589
73307745
66445202
61951996
78500673
80447643
80711366
77497923
76814637
74956468
75603058
88444492
78135772
83441450
81838698
76517313
71568138
460696700
73502305
76091459
76280886
75335400
312874193
79633168
80720447
69843057
74581076
79747553
74483968
67771646
79602223
75084658
80664691
77239839
73629165
79700317
143321111
76416050
67797351
311437858
73450410
69686805
70606505
75098618
76456781
67634627
81024164
62918129
65440243
74414588
74924202
74151755
71074549
74195281
78304425
73358188
73806544
75025648
71633535
71103803
74363301
69000839
78609849
76065296
74572194
80426974
76595276
152222865
77729431
75862545
78207340
75401671
74210673
73476003
69897190
81418244
130993784
77434011
77865863
79771021
68190269
77146476
73638010
75312168
73977399
62617349
76058188
80775144
69252161
79938890
77497156
80584236
81936960
75121679
79553195
79264117
77308623
68425033
75352805
80200519
79145783
75614340
76841336
80715702
66331625
78410748
72226564
74492107
197675374
126337677
79315152
74898487
74539500
231851290
78307839
73336339
65468222
81633056
80209653
75500345
71779043
74841697
222450381
70570785
69736315
79479938
74745912
77705259
71697837
77037963
75935385
77308369
72883319
75036035
74838822
64040929
80281362
173215355
79589694
154919320
76869988
74027192
79941327
79349546
74000098
80124716
79212523
74314404
74259084
73696804
82044181
73698782
72687693
80892997
81372170
78923483
76639846
75665086
68599617
76194897
73486539
77422114
79930844
77264996
69628586
76392369
72916441
71108655
76083590
79352816
77915935
80841067
78328871
70316429
70697122
78836966
76292510
71983716
238971357
77012176
75061796
72749447
74241681
76295445
69167723
71297041
68172982
72246950
81493987
83628664
71309197
74604195
74789745
79330515
72175537
243224250
75005052
64973554
72797710
81454200
79457857
70300848
193013276
70240446
80201328
83420559
67582526
84883818
77857391
328397469
77646102
73232022
77165095
72949538
79815258
80274061
73785209
210305765
72863326
80942738
84093446
75292324
70912880
171229832
256168786
128869382
218469944
73586751
73002491
78106228
78551383
76876376
80881785
73574240
81982196
159118559
77123689
71376951
75175189
75181056
79995338
135558530
75168128
144915162
72346433
81153247
73399243
70140696
82255884
78389339
74514812
80342622
76625268
71124262
181294334
76990158
156378179
78511453
177479002
76758474
78565255
74469258
80703312
69782136
74249318
74862719
78911060
77997112
58596762
75112360
74144415
64737004
74957627
82102480
76079884
77949674
76408211
72602118
83294537
79525354
71377299
81637317
72498606
193532920
74438227
78754182
77777397
77763374
66421006
77674934
73085564
79164448
76131938
73416570
77703574
224820257
76867978
76681353
160407616
78579527
79282894
79172526
69809656
82814704
68495594
69361608
57102221
72592774
76330066
81683631
75414495
82145107
74542754
79832636
73604553
75172057
78636899
74093743
69872069
70357693
81699912
157883087
73327654
80353305
85659199
174123230
79439501
71753543
74416900
76052665
289544277
69139055
79017436
78805547
78205679
72708061
69077380
78189748
78013465
82508191
76326316
78785026
73512788
73608605
80690982
81704202
67138648
70420495
75470245
82881186
71249695
73888628
73569409
79198721
70455053
78541929
75897564
70086666
74861237
75844319
78111337
78711912
70970260
66808870
80741287
77039159
75571260
75415071
239044872
73854611
72079429
78035898
73916051
140816759
73842910
76570390
76360075
169841410
147991718
74277995
75688566
64129878
74042287
72898648
81696975
73901854
89885119
74947716
74421344
75666846
76417674
77035448
75682073
74509745
73504856
74543669
75930157
71722028
75411036
76033742
72523095
80495199
80724980
75100679
81537176
70826587
79788935
77852298
83319165
75019719
81567894
72927917
72825392
82295538
75806929
72469592
76254939
78530569
76416894
72636087
67535946
75182278
146155731
79203667
91446013
78544168
82032872
78579082
73062010
77199414
78592082
81435735
67413647
128152130
76792823
120491777
71783551
66881839
80621264
79544747
67076456
176399370
76345866
73501299
261430460
159269149
75817565
79036074
78665810
73665045
80571599
79322447
72037719
129727858
73996658
75377461
78532667
81844073
76351224
142904946
71369990
72011620
84566071
79855509
71632441
77642532
79642627
136796775
73983178
80732069
75531967
79053107
76931543
82116715
227756600
75643217
72622822
82787253
78536067
237080573
67614265
75160456
75218180
73789420
75966618
80263391
77540497
184532847
70486415
61211045
66231514
71433734
84378092
80473379
74111044
80692717
80319830
79455206
65804589
184829801
73004454
165033265
70828124
78224640
75979375
76264548
74067767
62447983
77024753
76341068
62792393
76459523
80404910
64141608
74393823
65861403
70830468
78542397
83338610
75497319
72725110
77346826
81068382
77465086
70042049
76392405
77512835
73390739
75054989
70945569
77955064
77161781
73927157
75428998
76404068
70163346
77267265
75352789
73184746
65559921
68605486
206183577
78629129
78159742
73672938
84792110
81437075
173040115
81438715
82907716
78298777
80066758
124805092
73453946
70867053
149129339
71301242
77822752
173153871
72139281
78232964
71284293
77613383
77246533
81746641
166089342
70804197
72491900
76146508
82235279
79352233
72724442
80207510
75025526
81931185
73743499
75351128
75010158
73902300
76512087
74267769
67037486
75080038
73793544
76243107
76004920
77780131
74610727
148707175
74481235
73900301
78158474
76079316
75012634
75335556
65377991
78057433
131597409
82379596
74535696
213718477
145304556
167215616
74068069
70750068
73385721
76869653
71026430
81958898
76491852
72079556
76177277
76430365
75298558
74253752
69934046
75711195
76348883
74701728
75237767
73132057
77093830
75058954
80296656
76178953
215255155
77844177
86381331
78120860
67692265
77005112
79414772
57926159
74666990
69242856
75149823
71929913
83044734
69490134
67045909
71641012
75782540
78050188
80272042
72797851
79140210
81726503
81987005
66412601
63956672
69954447
79023289
76010102
75791643
72079799
155503797
76426899
77222636
81480182
75881473
82322979
76284922
65138970
77774278
82975095
158903339
150435959
70664328
80252634
75348830
77257921
80064931
84332745
74053977
76430775
79664289
71377484
80158817
76603229
77580907
84371310
73274760
76786834
78568640
68754452
81607105
83872935
76018315
77748008
73797526
78099147
71360325
74070929
72278196
79455342
76949595
84186052
74392883
72705451
74890807
147832223
76821940
85241014
72764993
72111796
71750580
63106340
73408916
79507441
76923812
76491944
73980550
66768890
70635890
71935882
76340474
83571056
84754263
73638390
77537595
79691819
77733542
79156852
77587895
165620204
71801161
77155579
72270878
76393559
76583700
70502956
77700002
77943290
148322018
89316349
76068098
79790859
80258585
220131167
75629898
71509957
155984416
64239575
78522372
75715338
66791167
71427711
72109768
79511474
148148990
75439240
61220456
74391750
79779777
77425808
77678274
73667931
79912946
75588377
76915241
78763676
79575357
74401364
80293536
75412035
159331052
78002675
76776526
81789998
74043420
81275045
75490890
79493079
73707081
78416015
83017456
79833047
66510573
72643876
76221127
78775930
70364166
78470568
83484350
156401765
66533874
75089439
82645906
79751204
78092034
74906340
76960963
70166377
74056773
73553485
88064813
84040594
77063126
75176477
167760463
78905921
171713522
77732756
68871042
74466250
78618363
71165775
78072431
78323477
78161188
74931898
180159406
170080098
67312912
80750793
81290267
79328901
67644783
74109290
69922015
69681209
76132591
72082386
125219084
72670601
77805474
74361661
78742084
78460417
77325397
74587238
265283478
79765441
152633985
73924835
75290986
77581279
84877810
76022676
76817385
80019626
71149246
75908818
80310920
75486604
70701175
80750429
76160023
70827177
74995558
76603413
71821982
79074763
67301525
73220969
78734143
83087260
85409036
74644530
66215051
75864145
74755812
75723261
71576540
78519104
76166903
75942732
72638000
75636600
76089666
70330795
82108884
75687264
76606824
70771121
80306538
65009026
194074929
77634990
72597924
81794499
75817784
76151037
78572784
71827815
79285232
78757809
75205348
76161300
77575823
78594807
70767302
66894761
77949140
82916946
78592505
69237244
77828430
78854018
70879820
185776069
174609728
79627002
46269837
61356170
81233939
168377386
70811698
68074017
73965630
78837073
58139524
74653507
67748961
71454272
75073086
76128415
74679455
71242613
152692996
73145595
76592229
76727472
78587713
74559617
73473735
74093452
73755661
70791450
69957482
75252479
71722982
83580277
81945742
74668857
224426429
158704519
77875223
83479404
81013170
73026453
69507412
78558183
53028159
75125749
77501799
78047537
77248667
167264910
164623623
71775041
79557504
76431953
82573210
79445778
65658717
66344318
75364250
81538802
68400385
76469082
75687185
75656946
82195389
73166897
71445606
68125583
70220747
74491306
64981289
64329549
73250439
76496274
138556569
71287894
76721387
77286571
75981179
65648529
158554383
78331661
77148509
76350987
78411607
71643907
74645355
75828785
79073185
69489090
81926622
72387373
75852337
135516924
181899903
76128844
75919883
64987272
70338082
225868253
70558988
86650723
74886273
77046651
79329755
204667614
141315662
68762396
69789382
71573555
67070754
74962760
66419339
81071868
78783092
195314441
75785187
70202619
61648458
80254257
56588885
72702689
76396928
69298142
150090209
75493039
73161861
72659551
64266724
74514729
79821052
64102647
74595060
73083900
71757166
170154701
81948517
69997217
71215331
77795120
77393653
82012211
161868142
79320238
77345258
75002025
80414079
73582464
78678667
75280088
208893944
66404024
74421774
74324343
76786087
76568060
76521489
81967555
77393076
80342294
75280430
73793985
66846570
76280877
70553871
185087245
79017411
71579433
74391405
75213376
80730208
79788985
75665159
73469067
76425900
196943670
70558802
71330551
78437096
72526646
79403868
77713034
66551638
76679036
81640786
79006783
74583328
68598652
66374505
77748634
68020880
79498463
74848835
82269896
76868404
59654299
182319465
134827111
70074576
69163067
72829870
75441930
74421106
73609357
82033813
154681263
78127655
71766595
74803879
181248390
80136620
72974463
81409875
82385539
75529379
80781734
82466547
74283828
75557284
74259207
76635904
80564073
203850449
76862651
69863397
79690755
77787052
79430008
64732598
79648804
75500194
76897748
76852724
72810804
79000609
71370817
228443180
64953492
241529961
76379825
77948857
220280279
72415864
81736484
67787796
73328703
71900513
77449887
98222556
185978406
76912463
55168883
73558371
74245625
220562708
262429686
58426269
81328017
73674142
79332561
76505033
88143552
71880128
72929478
76845335
81630986
71625624
79703522
77141846
159762077
83051050
80508093
78999922
83618511
77758518
67824339
157972734
167229218
80674254
86113063
79120418
65869863
73191937
78637459
74871671
70421504
70783621
64920839
76164158
71750523
77149548
75060373
70809180
80120241
74577463
76682381
75592851
273451576
83377407
71214672
72907242
80621816
71664966
67088809
79936002
69027647
75733633
166723154
69951551
80433232
79415559
67948645
66282592
68294760
79893894
81377989
78665520
73609311
78996442
80053273
205877547
70644842
74027509
55375476
82999502
81857089
79331350
76136075
77338688
86326223
68741467
72513507
70449642
273915235
75886529
77961097
125711805
171786682
74863345
75532529
73815545
75413666
67053777
74521102
73184550
79037172
73285748
82742263
82609042
71650352
76502138
80929381
76570492
76543265
178266975
74815185
75923837
73794593
70881138
73877358
74812705
149605110
76913048
86190705
70423711
85683004
72933867
78757888
180197166
142831926
67862447
69114662
70636471
78298286
68256176
79195221
75146324
80906296
82710024
90505816
73102442
149417107
77899286
66523225
73684338
82055079
74447467
77545401
76022614
77069279
84615370
79410528
204786564
66099736
74523780
70964537
76495890
77433831
80299633
76461698
65625917
76939722
87496488
68726789
80473354
152467851
85431391
76941454
72887201
79938321
73454197
79572088
53345564
78247411
81596544
75252474
167867165
76197377
77530824
81771085
76623066
79035257
75194542
77229658
74396626
68848225
84913387
78772597
66086390
0
132876271
83997364
77254960
76433150
71649945
162520074
75624861
210890851
72986030
79837901
88352502
80036508
80186334
157360300
74521384
75710825
78922282
78573924
68398457
80728627
76145607
80354235
74748896
87797699
80966609
83419146
78944386
76662573
82923462
72772897
77802195
70262980
79035983
77460347
77739115
72842147
81562357
66213716
75184674
78368867
80721814
73934927
72555294
83978951
259147561
68022264
69013451
84932238
69676179
133293410
70693389
80361588
74021155
84732295
79058275
74840613
77633483
76080169
74459379
74428387
74643331
71972334
85118117
73329599
78251996
73994252
76291331
79507434
74304034
152150176
68610501
70551406
78724246
74049311
76017358
84480388
72592918
78766801
85569314
74828388
67678876
75451342
73932657
77498862
70591675
72063318
71794460
65989736
66739581
76854179
81960655
183817040
66125825
74468553
72824761
77665941
78454872
78429405
84915483
67158611
76747853
74949066
71825404
85082450
76034223
73746207
79971991
77184048
75336057
66944371
192063143
74812925
73439587
158433880
161397641
84387953
75361294
75197634
74892467
66141494
82681386
74925384
70606251
88585394
79992042
81453664
77491929
70640564
63003544
166491391
73568571
80399641
185682590
72839413
70469170
64913751
78804091
75146842
76145860
76917958
73001588
149824881
76581556
81723359
76857935
76726017
143119947
77498720
79826889
75481365
78282763
77199590
80167587
173326810
70321731
63772741
72408224
83110958
77280340
78104128
76176112
128872513
80578202
72984744
80133698
81492864
76248291
70981356
69292168
79565281
64261155
78682009
74741071
78583769
82263426
74917531
241065235
80423411
243446126
78920696
76276666
79055639
74612138
73714325
86787073
72722919
81523174
65738689
74024359
72912177
73996783
157865643
81120939
74120842
70645299
70362439
178182748
80766315
77466893
71273489
69834203
75126056
67026045
77346378
72265873
80689875
74907375
80630793
76328413
73182108
81700300
75905733
225148326
69799921
77999909
80516903
83615945
74818308
69644386
68913111
76125507
82848369
77075555
78386061
81576313
74340759
249723530
65401344
123015315
66251597
73387148
79555237
74687982
75470152
79182641
76654300
197976845
83546699
64297185
76718119
80245043
73622014
79489962
73435978
76537470
67814741
81303046
74975161
73394579
74515408
66709242
74127754
79608627
75377726
76650370
74649154
77420105
77727451
77446958
79255096
76398479
83759406
79780974
72371750
73694379
64633088
74363972
60888560
199608188
80832582
81234904
79540589
151489951
77040034
78812064
65489061
79814693
173423224
77317353
82445168
72221322
191604670
75297185
68910452
79093676
69124213
215866613
142780219
87233196
73846128
73467044
74239608
76885480
78305944
70975545
76816493
78558104
62193736
78036055
76700082
75253795
73718235
80817523
74861390
71931448
70113050
75245054
85042400
70530079
72351158
165602110
74468489
77731064
80215270
78551289
80357839
152527697
131595015
76342345
149540419
83044459
76299072
72778197
76188985
75079636
75449099
75663158
189417708
74343647
78560406
127525015
76570457
63214310
78293520
169860558
79720254
76283013
200107975
78201035
80642303
66712031
75255394
158189285
69702269
83251120
66361716
74417599
74277502
77507674
71742928
73191649
73520220
68474752
129460722
79480760
80150322
76382283
73472835
72053127
72722388
74434262
74955221
70039387
74935612
247622593
77851145
63307370
157709251
70986249
71183655
79715871
75269116
65497324
74215352
72031207
78611013
72710515
72606781
74599270
79316068
76132559
81633559
127823642
72046654
78262844
175352840
80004092
77586070
78400563
79156776
72374056
133772853
80686815
71974319
77753347
76049789
74916433
78952431
72558765
61136915
84643014
72183867
81114986
66711557
74984678
80494053
76179276
76598132
71811120
73182275
150944112
72542015
77184385
56675726
72398800
70726383
79176702
74683241
72520518
80699300
73512128
76027566
77693830
75803977
79568565
76150547
74425567
78616093
77377737
69101839
74641856
68285369
77053519
79519091
77062028
76952570
150369023
63952074
76077972
73592267
76498987
83238414
80390896
75278812
79241673
65286519
80055629
85334853
77097093
141093003
74210033
77203340
74117219
77203378
71700869
80131991
73934172
64742738
79037571
77421635
79112547
77518874
72045888
74032067
73457088
84508840
73841286
206236787
74285872
76807905
74392315
77023601
81938758
91264393
70416590
160810775
72707364
73878727
198432333
74970138
72185232
71403019
263307841
152831504
142735920
79118621
69648591
70135489
63046982
78538008
49084968
69422385
77505695
74741301
72647797
81727059
79835658
77394120
77500245
308203997
70562777
78431447
81724846
153729522
194340436
78464793
64959811
87567852
70630537
72612951
75576369
78001628
140060781
166326858
74513164
182764128
69054236
78245561
196023237
80977101
78125246
80776733
152612039
65234822
72983211
76863011
75314316
70195678
86079296
87835211
152356222
75389490
75227745
78866413
68186566
88018480
80558504
79205802
77674596
74664394
73252776
74970832
198073907
78487902
76302487
65463513
69377042
71882806
231549384
74261470
73442651
69846418
84098576
68184475
62993748
75589000
126225979
80794598
77086499
78968964
74300727
74540039
75114391
79928198
76917442
73885891
77278704
77578420
74865021
75574539
72818879
73765844
82072348
300211016
69506594
158904160
71338232
264492756
74054656
78735970
81701359
79881156
156046433
75722107
79304864
83702453
81157883
75478218
78755982
77191563
69907088
78360602
74180272
56148766
72237210
76584245
68108798
74464817
79018539
81821026
83371098
74075459
79008914
63650442
77890280
71473525
130961673
83677519
78353813
79416737
127756942
67076274
74705272
81860490
72001532
84100586
79445288
83034235
82177093
80535043
64024655
76969392
124651953
76429626
70502089
67862503
75302105
76270673
75406675
77010652
71008277
82635650
77757895
64187535
82632074
78552680
81384294
73223894
78420846
81226307
145720363
76602091
72919779
67746948
68374465
80647613
76022462
76135899
83833572
80038086
140789959
77412721
77943380
66724081
77605481
70389228
78076589
75551349
81871838
81633284
82101680
72281743
75885147
70226141
73617563
64263718
81765168
67231902
71290044
76701537
163555578
68335943
78681173
74005826
78040156
76070111
76563797
183190445
74385172
77250247
77842130
74803892
76521472
82872737
69234929
79602579
73939595
64799944
76836941
63857554
73894085
78216673
72320475
78094846
172967755
296347085
77604392
73127991
65049328
77343806
72998575
76168668
75950904
86183334
76176553
77361393
72911381
78988459
83210461
77384404
77644255
78499855
72012617
80931855
78138816
69299115
65575091
80744970
75427053
78703169
80455199
71379780
71107193
70874325
70984132
79625162
76620507
81743589
74114788
163038903
75356957
75501524
79264836
55176409
70475975
80183777
75797117
75093685
86594086
66062311
83103935
75983491
75290123
74693056
79193891
68518818
77882352
77126733
77180460
71565977
78540809
80333314
65820796
81102944
67173738
68207600
78482872
81586599
75792601
66838833
79560178
76353309
68806067
84048078
84095364
83031253
74584043
81700511
82022576
70807990
79677054
74135044
198472176
77723773
77862518
75407507
78095302
77202284
76422551
80507061
156014124
69094771
69696075
88357655
74829746
81241337
65786222
76909337
68046230
78832112
75539234
79422852
133287459
163953701
70133220
141178313
75947726
75736063
192566035
75161863
72979477
77152571
76307483
81363464
71392205
82536811
78840038
198965196
68479083
70886990
174233626
80966266
76568769
73577219
78028890
77945586
76193772
68921336
77049105
87287190
73432795
77173328
74977222
182741863
76339169
77408486
71722797
61903723
77233041
69214627
173690412
78460862
79222554
79310824
188993293
71550459
79187501
78829390
67954670
74968132
82513524
73985027
75471986
75027973
76760865
119563532
76383409
137784501
73597497
82018563
76477908
77780762
77492513
76043839
70701869
82535829
74250181
75399608
73544291
74294735
74191970
78931654
68490411
79884905
70709449
78625384
72637739
83051387
79836755
76795200
79895171
78506500
79401206
71800307
160853834
76591139
76353261
71658406
75625490
279060177
76167474
78559500
72125851
73454379
77920767
68104161
75336595
75355506
77005881
179708177
80100106
78311648
77498834
79792102
65066821
80352016
71497657
82354641
78439012
75177391
71507131
71959932
76911411
139590469
61828840
75500484
68533774
77613391
78127396
199918125
79831430
74691935
76880733
84306233
84939626
133566324
69211260
71952756
72528039
79464182
59870382
73663781
77828378
80017755
77867503
74686906
74820175
76888390
85492940
73599931
82269810
74786976
81179100
74565234
76610862
72131802
72562649
74407913
77271355
70733769
198245667
82755184
81349673
77056490
58685313
72643269
78100114
81309507
70462390
79262447
75184685
242825149
81906948
83864504
77154254
77978839
76476511
72127908
78196721
76478941
74838164
80160499
81919876
61227267
75547508
73804285
78660796
77883133
71168362
77883930
75337656
75170066
83320423
83181134
72381956
78098780
66281463
79316375
72728198
78691648
77184956
75789026
76804813
79608933
80081922
74716233
73237242
83336202
71924832
72336788
70103694
71325215
75777912
120047289
53262916
84730902
76614030
79342389
153517275
78253805
74536539
81251315
73991331
76088097
81409955
183082240
77389647
77031200
71549582
76397625
75810019
80187907
78532729
70330094
79084393
81824514
80258050
72679489
79684950
78815244
74110508
73361566
75304952
77559641
70227788
74426636
79161193
74568401
81279624
79997523
67679062
158286600
79472085
77501087
78279862
79717335
72956414
64145122
81793361
71512970
86566406
64935959
74816541
71012430
85394370
84563053
71053275
66115005
76232187
182681095
73286823
169226500
81134514
78173605
74233757
82448448
82159802
77018410
73805968
76192560
76728027
42981800
67396214
76547880
210800211
73367242
81627264
75116716
70052427
76456570
78416307
145104514
79382428
73991850
66336581
72747744
79042768
76988486
65610067
78729394
72115874
78458864
75507769
82884729
79151586
71417174
73382904
75333754
75489218
81315542
67299475
72318984
81806035
75476715
132160442
64644755
74961259
75396845
74540803
75034883
83263183
62884132
68084191
78249969
78876787
76996822
68786569
73521496
74066062
77588464
81263260
85684050
73362665
76927147
69805629
79054093
71435926
71843284
67047075
82186936
80232062
80128095
74573429
71160912
77904349
76884583
80300687
73203162
71549462
74834928
82991760
80974854
75340274
74012136
87206838
79652479
129161145
73522619
74749953
79901334
73754130
76367718
77073633
250685775
73432722
59993924
75332940
76752390
77673569
79277337
68278338
77097249
72731092
74422374
85734964
69323223
79104158
65627840
140788553
80074985
81722976
77542051
150289397
75470915
78546134
76810901
82129482
75117735
72758955
73356655
150076803
78515259
80729477
78218943
75415023
75719198
136397991
76337925
71944429
63247837
80426229
209860493
53556206
78533405
153863231
78766226
74856132
80504078
76083019
207230168
81584798
80082974
80277097
66651166
74653974
76595204
70647783
62638921
86667932
78416401
79365425
81664911
281099187
82538586
77795321
76621293
76184676
70587230
129181370
77800740
82932157
74254352
187558620
75519601
175758976
89442759
75914410
77137244
74054719
79131705
79524324
80898045
75633803
85980009
74419636
76562752
74332675
79022162
79140324
79311272
64649895
76417699
75257354
76648830
75315697
77256553
78675523
72422211
70027409
71526891
79148303
75180859
71451833
62256443
73668820
187374844
81985586
79850363
69663710
70932831
71814873
69266184
338355073
75061676
78147696
80068580
78877878
63042285
83368069
78031159
71659035
80137317
82077088
81881135
73038793
80692986
70742909
76248060
80799938
76734281
80373594
78061674
73794738
78078446
73835633
70323504
74174455
75144019
73325121
75136244
76818924
70401726
75694063
74502683
78763061
77192559
72871051
74500653
78884475
72083773
71966082
78344809
74322910
74620846
72948039
62197916
67873317
78370119
71659023
83109824
71040858
70800062
79733082
72566255
76096297
74136862
72380638
72386396
76734798
77007393
77649464
79601355
74375822
170294115
74314385
72616561
201121234
76890973
72897802
81967863
69858683
73245994
79741672
82295016
195864987
64847327
199071737
70550046
77728018
75242828
73006318
70286404
71994432
75955543
208830873
78104411
78336484
83024913
81133689
72276552
68712218
79353235
80882190
73580664
83259904
75245864
67578720
74693902
76847287
76545750
73535294
80459645
71219514
89999680
78166778
81662337
78880972
76873737
69641774
74084540
76546903
86185536
75694895
74678915
139222783
75645126
72664403
75856171
211262399
76884365
78618718
67764442
68712792
69426019
77712467
196288786
70779367
79092750
77120275
80107648
82016980
68372647
68345028
70186525
78698202
82585689
70570576
70964321
69030953
73589741
77893837
71608200
75968532
62223051
75741455
74479752
78694556
73888725
68117256
80852727
72151702
72194441
73371270
73184285
84248432
79838996
81190735
74378339
78526184
67612148
84280640
78886005
71721847
76422033
73980612
71607668
78373047
62381277
80736644
68305256
149751776
72319781
69185953
83265385
76965085
75301358
76084951
79564302
70305194
68714305
74065381
72210270
173410388
64450680
78111565
76655481
67569813
63756930
80428466
76316167
77376373
79689513
80468047
70068847
75721395
66118834
68002903
75035494
73331127
83240492
74774612
218424749
77088138
74904985
79455697
76501671
88343480
211543685
72818259
222253319
75551413
74689641
68479576
212049420
70672978
65088832
75457159
81597708
73653176
76212830
76621213
77768064
199513181
73774516
73840907
75673393
302601128
83291297
79134225
70255824
79387269
72396396
79929337
86426815
217325946
72401586
148071198
72209029
80806662
77188185
75196610
77284986
77507068
369203868
77738579
76348327
71239552
77760311
79278014
74552012
140185670
78057156
77943128
75306737
83411791
64061777
75811234
122997513
67226204
68702854
78390244
81376826
72381859
73600169
80868085
83317143
75997759
74940717
77502745
73057671
71878751
178812883
154099079
73046375
82568247
208614944
76637732
73926700
74798833
74422132
77166714
71636813
85938268
79400653
81256695
75092806
81285727
71954024
77677842
76576961
69286629
83688397
73744683
67160414
78367147
84050597
77888129
71623968
76864851
72548740
79149462
77188287
68240987
70465469
81955933
77429423
71749105
75504805
55066255
70358825
74272031
83934869
80672109
82278263
75907806
71947848
196793889
83270905
75213380
76593294
74931990
76570814
81411437
75915226
78026120
81777302
77277273
77569676
74956792
74879213
72835186
74010755
78230460
72523894
80983170
202512133
75511755
82039400
144573700
77285738
68048145
76170767
73494998
77697148
66375113
76520161
82576121
277310977
81120713
76293170
138125053
74833594
226405685
78030512
75338020
71956294
84790463
79249284
63658840
164316480
70622284
76706105
77550473
91801932
70003296
73679816
80656762
166626196
75943473
74692145
72563315
71031000
165238242
75749584
79862637
79092871
98135135
75477684
77977299
73496536
72629384
77667296
78492296
68637512
74132626
82819825
78106768
71896240
55178243
78983517
74892291
74823862
78903667
79206524
78492213
73612600
78935159
76067101
78028433
165392522
68802980
80295539
76306837
76711059
76913977
82835292
73048386
76705948
70594993
77727944
75148886
77098409
72366459
76999285
73218983
72476703
75030693
71777742
79871602
76089254
81555238
79547299
80541575
79658926
69291137
81257898
64367080
82203143
77352676
76176064
68753583
284753877
76977142
77902003
72426499
71678955
80633638
68664421
77119219
157535357
79471839
77000422
74197821
77937380
78029455
72488143
69772284
76883805
80236397
73011333
74608825
125824264
73228437
69911673
80043001
71027721
77823201
71713324
71124766
73579196
268031882
68472886
161518493
80451378
64368963
75114983
72846191
79215670
74340312
75957019
68195900
73879271
70879568
78818947
78437390
75479491
80917328
131719013
64989260
80960767
75932942
242539439
75211671
70189884
74982970
67378342
161506260
79393404
77164481
72990786
72129192
76381408
76947510
78277874
70120876
73082579
148185312
76339191
86319137
71499355
85579107
74280927
77944595
73603395
76576297
74378281
78316785
65572742
78303928
79131476
71584595
81957512
82763253
67597036
76098504
78153963
68766936
82044845
81970706
77616395
67839674
68581312
73654507
77053694
79916107
79825961
63237745
78801293
71587280
75319203
70501895
64653470
64466862
70575676
66649026
78960026
74489808
80867331
77409921
79414364
75037061
80329418
74956165
72581963
69604332
64815152
77380459
73333919
76397188
76955605
81112996
73906910
81147277
76133895
74134271
74313925
68774788
79098884
63328195
207033061
82309389
78118097
77509430
80714584
76185374
78069302
76099702
72520167
78870278
79315672
77898618
81732000
71009975
134164419
73349446
80578027
75758714
77616995
74212183
61282812
77039715
79994992
76703982
289851822
76338833
74839249
160171849
71101234
75878421
78241913
75100962
78059887
75365989
182006228
76209199
74877262
67843423
165438504
80335143
76823756
68555628
75422336
69364545
80594506
77803457
80285752
80010786
75069519
74289977
73320359
78079936
81005843
70806760
80703039
76717552
59171981
76050722
76691110
62326624
70547076
75545135
74799701
80934523
175699799
73173548
71464469
77035469
74445526
393940356
74857292
77815181
78593366
141892106
77722336
77734080
59473014
183740211
81901649
75462524
74575534
75246641
75293381
79308909
70606656
78773139
77956662
74758341
74636670
60840000
65842524
71527737
79342086
80187941
77010277
59031745
71979178
197589492
74810566
69953206
67800343
74566403
170771091
74686297
66288610
196860123
76062160
72588245
67508281
77391411
75398551
258228092
72489125
68610746
81287966
71379124
70900231
71714578
74284494
79288068
74232552
76611315
72305922
73690545
74954249
77764197
74685617
74238187
59292971
73967047
67182620
72866907
76720365
64024610
77150604
80556459
260766314
77223629
76126100
77223233
60083852
77358453
78850647
81553250
77078525
80491652
76881684
84449817
74559197
80812170
73395805
78921526
147061651
77429199
74018167
79728231
77719517
69723313
74293633
75505826
73527090
80101744
74019308
72639213
81331891
72930523
64752941
76768727
73826228
79771374
77155093
74933219
227553050
79487439
77978729
71539469
74754996
73109884
78612504
74384716
69565664
195787277
128845698
67133042
77785010
80533865
69234182
74454103
73503303
71701263
76962317
83964339
70286706
76676019
77853393
76390706
79585307
75080018
221894032
73558698
78005050
71289929
77993737
77498288
60859816
78583868
77174896
75655876
80656929
210311692
77192893
78612917
78002531
78530752
70291340
71775244
80455191
75350550
77864305
74631169
74794421
76542190
67466863
76321907
79862606
79976471
79491513
81662111
75663045
79064320
75072975
81766337
72768468
76676413
80445767
75300846
79473324
75824484
71189409
73043116
80647939
72902549
73036025
84145273
83052523
76760146
76641665
78469199
76371306
79636267
78047249
77578775
78354743
73239283
64797675
74190991
66056772
82488373
73646093
64754097
77747965
74862368
77556523
74475064
78132630
69949964
77611910
71296554
78698732
91197530
73341715
191536321
83900700
81135795
79755747
75943188
77602999
226751469
79485970
79316931
87869048
179348721
89132670
70682957
81652751
81525317
76970006
84082832
72421925
68232907
171740210
81177216
132053609
67500633
76468058
85576433
78047500
186848682
81173260
70610464
67438139
71048077
157811771
72357477
75668447
72000952
68896511
78194976
69584087
75910960
212828117
77912578
76951478
74348343
66171536
76610833
64007364
69854965
74758712
70946796
75079649
77406953
62762912
75348579
75523202
71907699
169164166
139357625
75277289
82104520
71470956
76243254
78619945
75271090
77895925
78303506
78720215
73440207
78485238
140355325
84977336
76409529
76173946
165142626
83107615
81730278
68297121
78595162
61174757
67710817
70687731
75085269
86244033
78830362
63283826
71435958
79341926
73698760
76804061
226864692
240842613
147345592
73246392
84936924
82045251
73877164
72172565
74377557
65998495
87378723
77330192
207613547
84945175
76894924
159884088
80390562
77596953
79944855
63817130
75403726
83084386
79288572
74066984
82051204
228528856
180461368
70270950
76975546
196761976
74510068
62385173
80937276
158890041
75129247
80650565
66681853
74252778
89570008
80840507
79413697
78849357
70390247
64658149
82209012
199095015
78869370
80025847
69774221
80567445
76031530
62771116
75837234
69388090
83490536
76222614
76710003
84822013
77333189
84025277
204802152
77257350
73003648
75879665
62351829
70579094
68692358
82006736
73507039
76160356
70944911
80094486
64028347
80493351
80034212
76118549
66844803
81342791
76326331
76014741
65474215
70858067
73958908
157691496
79048684
75513846
80771143
285391145
72853742
68810723
76006128
69800874
67558145
75936767
71026855
75975432
75336606
165294410
80224116
71891327
59401448
77338232
83674731
76118957
73133083
74505844
73204660
173719434
77998654
75512124
73949466
72180369
79539842
74230766
76336161
75526484
81637811
73382021
77889752
80357019
75477311
81133621
76393624
64866401
72101994
81296703
70780343
78510145
74319233
76441227
74581576
82464559
76495109
78777439
67062696
80851661
80384390
73728909
68115595
83271465
62951986
79709402
69852329
81768861
67984021
114311325
80774475
75130186
78647241
179142222
79035897
69357535
74267961
170160446
78530983
73468757
79643753
76777529
78202522
88275594
79533133
73769377
69227193
71148470
70537193
88505714
75222821
70512122
76620888
75652427
130200594
124724030
158547860
76582766
76715844
77531636
74849554
67939598
68037864
78087526
63503956
78080536
75701029
78056924
74984751
62002982
72632386
74497047
67854195
83757060
74363579
79720052
77501272
82232818
71797610
69608592
157023005
76439070
72321821
78632078
77431126
71129493
70478691
76437862
79244062
77103732
75687705
76211181
77660289
77294889
57895833
83988725
70335373
269690444
81047429
77222069
54507963
69303800
76047229
82209452
60020747
72594564
71172904
85061116
73460075
77136736
178517927
80499751
80065400
75174641
154467387
72516643
62849812
73656474
71392081
71322051
77348729
152704098
132099339
69831086
183808343
163792527
151699709
230197046
76401847
77161886
78956274
75631811
72796209
134764612
70547489
77529791
72259284
84137541
72453776
72977942
68173363
86233428
133007942
81245134
80118151
80358107
79900587
73816707
80715824
81219698
73123446
73246226
67488193
64984832
75742370
76833605
78693455
70671530
83262709
77499074
77654420
76234250
78823480
77784571
82389479
77919045
65711411
71764133
77650656
80331002
73769288
83979677
68675865
64379900
75611852
74836815
76374642
80652507
82461062
78499116
67546221
79547205
181661332
75931865
76385682
77955842
72803802
70590224
71994175
162881621
70678119
76589804
75007466
218645535
71620619
80486834
67431713
71511429
65927801
73492997
84934147
80402363
78596928
68898365
76237533
79437281
68714012
78455377
76589836
74875001
73540372
85829515
69217143
66028307
79198946
223191060
73513228
78633035
73700476
79839907
71941960
78120801
258513810
76327238
70634562
73663302
78807123
82452450
71885132
139406252
70319745
79140437
78529347
81287476
69997708
74759341
83013358
73193512
69016192
78992421
84864258
169108926
76025801
70608428
135034575
74551017
75221644
76362836
75964885
76221325
72290045
82948213
81906667
70060707
84566920
75500306
75065889
71171534
79811172
158870794
77917369
77398010
74586319
70938202
76347898
184394762
79331320
75788996
80318432
75072781
75490788
80355784
78924900
164415502
74828127
79875554
75664237
77534105
193717661
69614419
161925780
70495255
75291828
76280082
154923478
79071291
73420709
65040882
78549875
71732724
79195163
83060679
69148695
73923311
69140987
76029450
196324560
79332931
73340206
75725511
80071132
80479680
69369216
82121654
76782618
77343993
75803625
74442388
72944675
76804472
65619331
75551920
71552493
71374132
74910316
75525146
81879690
70068048
70383249
77616538
73244579
76765189
74424116
90053200
75882268
75720555
78791256
72669846
72883418
76634017
75096760
70758996
85935836
74478054
72483097
77052154
79880271
74334649
82817884
79031243
201581357
67114806
79392029
310073694
78508123
71737928
79397366
75818747
83192738
69425582
79671273
80347305
75504613
84225518
134276678
78270004
73615979
79528109
76588124
72321684
69603861
69673553
70691702
82375587
63794007
112081095
72162417
71929786
78593897
78486770
63277046
76211877
78387074
83784697
71979946
222436499
70611082
78062338
70960918
188704068
250667817
72721118
79584360
76315556
73609899
77054736
71027362
74540865
79602788
74617699
61838937
78287619
82325661
70053987
73712446
79074194
73096791
79951187
78283479
79651618
198470828
133282850
209495448
70224244
81958220
69545536
77522038
72034138
71341201
70486070
78583877
80458674
71930518
82054381
76168502
74199724
75302682
77641129
78088488
79619794
77073331
75443651
90922525
72383069
75833102
76229541
64884414
70841454
68606424
67433050
72916239
80653671
82240039
75033859
79780838
82717976
71101249
72783675
77447837
75252615
77003282
167084728
82042010
78084347
70456637
193892120
67735371
77120092
81364956
63672521
73873985
68655938
77360075
74672205
84382228
83692066
76748909
77911799
71973469
77673216
72156903
69563971
78820855
78014918
65599072
77247657
85297043
74132120
86968154
80976377
150440508
79612102
75831063
74016388
77582293
82283957
77054242
80890030
77983284
61848345
80527744
63087019
79188431
79862786
73875747
78443506
74592161
72702032
75364228
83673135
84537191
79180607
77305776
74707629
68848531
81742127
63584686
158758753
74433309
75353149
80768282
64521603
65763843
77032768
70885085
147230815
76072370
77034171
72030432
77913565
65722607
86201706
70805131
79122657
76171292
75138441
80584633
68729935
78217369
135878723
80745037
84616276
73851786
77616390
81246563
169721856
74448226
78431349
73110233
165504580
83248471
75931238
73845261
72204641
75882125
79189388
75662361
74348928
85431908
74627320
75961844
72243278
76176410
65523155
165812831
66464839
75035525
74998686
82446496
67322824
80132980
75274349
74901659
75430694
75446822
72550133
69517142
141494390
76207712
77709301
70944864
75149047
74068332
73471329
67692852
150787846
76881831
77621872
199476564
82196487
77203518
75143608
76697048
75848370
80421996
70213650
76277462
80834895
152967969
76073762
69190904
78433058
72047935
80656785
81227221
76799357
72229658
79167797
79092446
80105974
65200838
78815620
69134509
76033159
76951948
73043048
74628702
75369315
78522825
83066263
65507867
64717622
60571889
197096035
74498921
77774114
81813078
70888239
78784224
67630973
75488111
73170650
140479961
80533361
72902336
80675694
81336805
75948052
79989495
70455297
67510390
77363216
71989578
74033357
68518624
73892571
86165340
77633274
73504499
75248035
71950132
77358656
77214774
74847905
183365722
82399075
73324308
79960702
74558734
79419754
75741046
67760012
82004246
81378159
78452752
58585132
224292669
152462262
77772059
152992108
78664348
78305762
67467982
68153198
139782709
78386148
67473566
72739276
75689064
67754646
71830444
78426143
73421470
82440069
71059159
74505093
89898629
77948785
81561492
77275864
76490181
77728621
76458332
77972345
77782987
80026921
74254890
69641480
70998112
259951851
77329533
73629443
73732953
76071411
82756638
74844303
69139977
71946195
73956734
75280136
66332422
60803776
64768649
77334658
151992352
77110028
74864106
75929183
73770598
66928371
65804116
74011292
72837928
72159976
85673117
61374435
78757543
78584058
77203686
80063486
83509564
79913313
78715630
80251416
80361840
78403041
145580516
74153189
188725315
74381264
79562979
78483390
74643565
69464555
83505691
68300197
205866953
72702689
75315828
80239090
79880643
64777129
72316573
62854413
72838519
68147494
72106744
72440156
82391209
62028565
73098542
72611747
73757054
78187404
79084144
78790719
73820653
74381868
72068880
70101904
81215954
79197684
76256018
74842858
60859079
213892944
77186562
74089188
83516291
78713110
73276337
194787822
71884269
74889424
80633817
79152711
75089105
79669559
75393436
80629757
70355027
80083076
81792024
78949865
80572866
77839782
81822550
77902946
77306429
77288431
76376632
71568757
305001022
76849783
78858009
80002224
79119872
196533410
78640031
77763372
79726195
78588637
75862057
63814459
74429544
77033746
80154538
74246390
72642312
80237948
67299099
78010656
83092424
71081718
75522689
75322057
84285730
76188480
72531916
77919398
70964643
74192481
179830663
87296172
78447046
80106570
72538627
70509655
74862677
72863105
76510463
71532131
74704995
72643678
74818583
77946121
74591073
79974542
78303619
182743575
77767715
85721917
74266681
74016557
80232922
181675699
75692700
72479776
75842846
74495760
73109519
80134002
71541977
72315789
76553622
76669038
78099405
74943077
78697655
82573362
81063246
78674383
76168982
182386070
79508335
63631271
78165224
78156586
73585649
84640188
77177888
140036771
77390387
74946541
73809478
79780250
74834222
79546422
72431873
197760496
63871485
79044542
80479508
145425677
73089996
78784236
76375647
87309021
69304622
75792646
77325465
79856686
73671686
81257096
78498379
79124779
75572558
66345538
82286490
77195499
74535976
74475689
74767808
80076932
77680552
79320299
76457825
77493684
71734270
71957403
79075217
67100949
76420118
79698437
72949845
82491889
76594259
78220752
70408883
79134676
77248304
76269262
73644916
71947055
77091191
69637132
76689313
79103635
77202995
73965994
76594080
73040499
71953143
74599390
81345066
71166896
78217604
149220477
71204552
75006453
78021310
71718515
74910078
75398946
82040446
75331088
71755395
81501135
74294347
76000347
74271197
80636699
75794689
82379105
74723233
72350479
81609146
83116772
80255070
77591908
78445847
74928039
70275836
65626361
79779228
155025906
69303214
71662678
65731476
76556079
71478062
79139859
79609942
70567168
82038926
84021921
77209519
76677575
65406429
79127027
205380512
77924148
73810003
80786559
77634097
75843481
79841230
68159865
313901238
76098520
139570692
77138160
81663863
80674710
71748478
76637559
158063529
76458831
74666214
72225477
72978399
76212832
66763077
79722471
80564469
73183536
78792064
68467809
71722901
76220427
76857502
245181707
64534288
74328150
68942792
75835467
77790755
60602350
145960972
70247524
307822717
81364385
156907352
153973244
83670188
72506192
78996264
78500853
70879133
193708402
72258058
75151771
70788864
76164530
81654177
71060181
78484036
81743798
71585544
76378018
77084037
75837620
150480995
80538684
78957953
79239898
77312822
76801760
80791722
77828727
75809526
77339511
70043491
73796806
80417089
80377360
79282528
77376839
78131556
74086354
73207446
74748110
75082507
67349803
81186381
72824530
78316484
84828447
91708107
70717788
83314290
75320485
81400688
70174267
72927083
71451539
214014773
75883897
75466294
86478026
77251011
83674625
253147066
77489388
71719701
82741615
78915773
85839839
76914743
78970677
76765580
69300246
77182464
78114923
81024619
72690110
79805961
245224906
76082332
61097828
80927214
78343697
59219443
69615645
75967315
72201129
75211124
71927180
79248827
80833385
76710103
79939471
281400738
114356903
78014488
79217939
80828670
244475029
85976979
79371351
76144506
80866485
72458458
75348489
76763423
78136412
70901845
76220801
75222532
64113720
71988049
75428983
77703537
70129777
82700374
71707987
179652919
72054562
81013837
86806230
72543921
80455578
78842099
74267552
75109650
153539400
76088968
73435220
71815873
68236290
80229040
78098449
72811086
69319687
67375280
71585222
70735631
75516749
78920624
85636647
78619263
79677079
73324732
73513666
65337773
78498320
75462026
69633068
78199831
62276550
81633177
80946267
79655680
81293859
76742553
248994984
69869249
79622203
80673439
68937847
68791948
166875734
71042043
69922062
82476355
75449728
66315643
81367207
78292694
77579611
79442766
80348299
77144297
69333859
77995615
68141773
79101706
72869630
75187657
78174403
68541267
76230553
80557459
179231072
73402432
84497780
72563950
69433807
78691579
77876311
82279414
82789446
66670037
73877290
74304721
176405927
88805259
87686645
57354328
81808920
80881188
74197684
76302407
64617826
75525015
153070572
64952144
81118474
77832421
81325669
75807557
75129330
68145170
79165710
79613467
74671081
73331906
146723313
74008557
78039433
75741402
132346140
73271325
81163697
79999057
71358311
129270241
74475748
82610072
68837191
73152052
74293613
68286941
67124789
78034017
73945332
224749479
73784399
79637104
74670751
77962673
81702733
78072109
78724202
77999386
72134190
85133055
71701857
77602842
80329992
58385143
75311159
75482082
80446491
77099753
78079763
72738079
74416612
75129733
77020682
72620015
79607511
73963425
71715899
80350757
81099539
75305234
88844129
74021538
80238933
75809389
69989641
246646796
268779115
76245735
77555039
82420194
64874304
82490703
72552732
71161294
75972422
75610344
66269616
165849719
76476983
76442873
78874757
75378712
77188952
74837950
75235695
78787865
80188334
76928262
77264636
87547836
71760856
78929860
81507412
82274557
76246219
79653124
74500109
79834038
76873370
75843814
82603091
70905911
79090724
82521035
144078590
161112916
82289973
77073600
80054019
68719593
73633329
83064120
81942875
77451681
72894627
74904190
78826975
80946005
216181640
73877907
75720019
71265681
76602604
75733981
67139153
65037900
79758484
72672285
77914500
77327465
73043977
71596962
203085107
75343393
75913717
65660126
85400332
72511944
77784799
76082327
82039699
76885579
75537672
71061796
142270780
71541665
73969541
83132157
69556261
78963457
79182967
69457594
79182571
75172703
82015998
73681783
78396053
79813145
74549724
59781553
152686888
180000015
169451773
74887007
83650772
68032545
76817312
75636739
78566596
79761541
72606276
73467921
84261464
71329244
85531981
82360840
79562650
73512945
78804268
75341527
78046822
75768672
89236829
224263932
68970459
74026226
74354992
73362723
78261442
77993715
66406001
128868559
64377181
74353460
75186576
65692288
69985956
74623890
77136072
71955904
74601999
75990757
83408920
81544146
193447864
76151660
76830123
65264328
73560961
77595600
82518428
55668432
77195589
77619660
78750979
146177918
78318256
73205386
88120838
63401177
72384862
75727090
73497930
71371103
75031185
76316489
81665279
69395809
72555013
75990961
77028437
77384378
80000624
64262976
72826051
65460296
76201455
71338470
74941632
76467473
75147350
61583663
81946101
71406328
81198650
75352642
73115494
73996898
76855066
76023121
62521766
78151667
72336129
74396763
80662712
142675260
56773052
71466637
81146836
69261312
69424080
79212319
67844621
76301543
78362764
80128405
67367050
83552599
67224732
71959865
76090446
79974268
78847610
70627944
77358765
82475085
78721406
83587995
71802746
78667053
75554152
78820862
81691301
73967732
66654699
78446596
79542188
68434161
79367345
83723909
76402851
72361046
63934191
69855666
75054312
70514671
77851930
72455415
82533513
75113732
77784298
191007285
80875033
165517408
77429736
126544925
79059064
75095907
216678061
81185016
81469497
79728160
69077180
76938310
75051133
80276312
72956940
75359472
81051126
72193827
75870397
79475980
78347432
81685936
76717809
84287516
80576672
71668630
81795818
172565735
145243120
185196427
68995194
69019003
74712048
84891166
61819940
81894710
72524556
74946784
242483239
86853194
74017692
71602765
75499088
74656241
76241668
84320618
77415848
222460758
160494937
72020137
77433286
79037702
81882774
76215396
78955543
76510459
80769764
72751144
73950506
76456387
77749741
77585273
64908312
74245276
80378280
82785160
151876471
82873183
74566346
77395592
63309408
77483906
72321493
74046889
78715506
75485132
72561540
77603571
67280813
65445588
70302642
81972491
68054313
78341653
71150728
74464997
74532501
76969487
79798619
74028977
86166148
69096432
72168642
68828542
77488585
73568027
67863016
67426719
75371338
77706373
70756574
141163011
69674697
78189312
80209703
81639800
77911504
77092234
71105453
78830329
78849613
70558149
78486089
77532127
75731157
74647127
76795738
68267875
75715380
80713341
78349969
78434919
72001009
72096353
72983374
72140262
81330525
79271102
73412831
74233519
79508304
72058700
78909362
80198229
77133948
67077657
76717874
67548575
78700561
78897773
76169883
77660378
61462592
75831760
81881819
146442117
71887637
79972677
84562755
74893448
79104576
75151691
78206521
71422058
75624141
78081894
77424577
75454820
87062979
80907293
79404049
72150409
79713452
77802345
68806331
72656780
82206617
74038448
176413737
146489053
72072750
73475806
72945721
74837974
80891299
84321642
83932566
75978157
74335743
70197865
76727265
79762764
176165235
79246371
70392076
129615864
78320028
75292407
75804495
69935840
48325701
66682907
70882354
79001750
83340132
77016961
70350057
80506405
191557108
73104565
74226651
222406550
84849364
66328328
180564548
78082624
71648053
75773980
67023982
69712861
74088200
71977981
72185902
79059390
75640259
76607286
219812237
65560343
70757672
82151048
75414211
70601380
75437776
61998742
71997866
84655692
169710593
75884895
79421421
71909473
75695999
91303536
70115703
71832152
78999076
76913079
138724079
80043975
166764392
69544882
73987768
76098698
79735865
80753411
76978878
81336482
72801399
69469193
138338868
73846083
83443044
73143229
75780008
80108720
78795783
74637425
77038326
79345294
83989907
75223708
77228603
69999674
76796574
67540719
74446087
76898004
59439486
73887095
75699125
66949737
70316502
82824878
65127902
74491713
164701343
79382537
80428478
74699830
78906757
681140850
319304127
77116890
85120170
151911709
77166937
77754689
75668859
168019974
212673535
76965773
79351440
85306751
70473661
71046285
77183400
72956326
80577528
83230698
80955732
86659118
69667153
79843799
67535581
71619396
186173031
75370530
74706565
78367441
77894728
69369858
76095150
76218300
74392892
76432867
71718403
79792143
80699121
76497676
74211460
76841154
73834200
76174589
72117973
59598973
79544278
73976672
66400411
67202486
76565447
80108035
76603016
68668231
68431619
81815386
79489280
77180436
151595246
74608843
176643508
84000459
141078919
71711889
74456541
75458887
75384082
82215536
70750317
147199450
83103574
76194977
65078451
157281959
66903964
75143149
79550567
75846221
73909827
79715372
68722993
79260118
74537330
76257662
217089518
201841016
69622740
69379864
74655607
63753625
153708783
74106026
67385243
76862520
