0
0
0
155532
0
166638
278184
343033
425227
0
284771
1459110
362654
414038
0
301895
301145
1374543
312487
0
276179
230203
0
214881
500853
1335518
318062
0
0
0
1091508
336840
0
297074
0
349375
401621
0
0
0
613091
0
161273
0
355587
0
2762129
0
0
661336
460074
869381
0
311644
349536
0
232094
268415
0
236676
309719
0
0
351839
0
0
560875
485442
304203
3651379
324272
198552
315330
0
431207
0
195850
0
254914
484845
0
196350
0
359329
343702
0
250056
0
0
44446534
0
155961
307655
296417
0
0
300010
0
0
313398
0
0
240279
176299
0
287736
188933
0
270751
201906
0
58866686
270383
622035
320141
165570
255898
0
167221
0
237220
0
0
288807
2270465
0
0
339955
347029
0
352823
76988
631882
0
0
308978
0
328556
0
0
325264
698895
315165
38013588
246964
351666
0
212004
476436
346437
0
367003
275014
0
270667
289827
733889
351944
266347
0
583761
0
0
0
173093
402934
2733826
0
244223
0
0
298054
0
0
254370
257236
0
343125
0
313955
0
276094
0
0
401549
341061
0
246528
0
0
631026
0
389314
471807
412123
277839
0
282397
0
0
301278
0
366821
0
130624
0
0
0
175806
303717
289218
0
644379
0
687276
0
0
590630
240605
0
217993
0
0
0
12132764
0
447826
469559
290255
0
339536
0
0
0
0
0
0
304286
0
0
485608
396974
209097
307813
0
316170
221643
328351
0
423932
1053828
153095
544869
0
291829
392893
360437
530759
0
0
0
278443
300334
0
0
0
308532
0
462823
397813
318218
0
287730
160272
256718
0
344508
241609
183601
0
0
184530
299358
323219
0
399094
312989
470399
295488
0
333350
0
0
0
395112
1160919
448554
3511266
230678
330939
429177
0
342673
0
0
0
447077
0
545611
451403
288607
0
183665
353325
0
0
326790
5832579
0
236315
283825
321536
0
0
305939
291711
483941
0
204060
352391
335590
374564
316846
0
276205
272729
0
0
0
0
932872
302440
848929
295423
0
0
318637
340595
0
0
0
761071
169676
519227
366788
0
0
3119590
286548
2761642
563653
235732
239257
0
398283
180944
658313
325504
177143
490459
230262
319824
0
262779
224557
588784
0
313165
345417
258768
0
0
377458
314873
240526
305488
0
0
0
1434152
234599
0
0
0
2544925
163354
0
0
429750
341628
0
398174
604250
314349
0
0
0
0
304281
0
257585
415261
0
3734
9066534
0
311442
163931
0
0
415933
318892
308098
228547
460568
369073
240783
3260584
267476
148797
283087
0
385770
208713
248885
0
0
368000
270603
169341
0
0
273914
313002
326206
0
338881
0
3632689
0
0
311226
4715773
0
229165
329923
291695
227304
12406434
0
0
0
587053
185297
0
262825
297981
2749038
335939
519899
390619
214546
0
207483
0
368686
0
215235
330555
2544916
346609
459905
344490
6749964
251896
303096
0
274612
471666
0
0
245194
173588
0
0
620543
278815
0
0
354252
4616551
145565
353200
1467360
253929
0
314637
234155
356934
0
0
305632
0
314442
321322
354632
197726
0
0
0
1145276
0
0
1438355
0
297422
0
835285
329948
0
213269
285448
0
392814
363082
0
531445
584033
0
0
584412
817292
0
0
499687
276824
303609
327160
0
0
0
0
0
0
0
1296734
285932
1359312
0
350490
280007
180096
467551
326647
0
0
739010
333374
370496
286184
0
0
314660
179147
188010
293778
0
373606
349537
343556
368533
345454
404507
251830
1934132
303622
189403
0
496686
0
22780677
337774
0
339088
433162
2643506
516919
0
132023
30085
242326
488372
0
295731
0
345184
371783
403463
252993
368514
474143
975652
526299
0
304993
32833
309607
375136
216225
319613
330369
270960
334744
0
307137
367700
360082
334273
348947
187866
11208
817991
209634
190412
302742
7526524
0
287269
3031194
236377
0
301319
446872
280839
0
35146593
322775
0
0
362745
0
158627
362885
169799
0
275770
0
0
161589
0
281747
445946
0
387132
400530
323896
233409
450306
221891
0
270181
274597
0
0
282837
0
0
0
0
421623
304572
514570
0
0
401595
171879
280339
419891
221841
0
0
373630
255724
771006
0
431793
0
0
502845
0
723545
578612
0
242440
0
0
308319
445058
344800
324560
329044
532107
292158
348362
0
341169
349411
0
300714
0
0
89576896
2559149
0
0
174285
258490
0
0
0
325231
1054882
326832
0
1437887
275257
339753
245821
409311
1493594
158910
339303
0
0
375526
0
0
306223
5925811
291679
305268
190774
0
411605
234664
0
218771
0
220042
0
358843
454601
323495
417319
290335
0
328905
0
358494
0
368619
343943
324696
0
280304
0
290840
0
0
406568
158116
273630
371860
1094975
42097537
0
329993
0
307430
0
371766
451029
0
0
283173
3110983
309946
4664772
270768
0
0
0
18139835
229416
339094
462776
0
356393
0
257339
264828
238575
0
533207
238114
0
307535
0
343035
517549
0
401586
1360924
3218400
166879
0
623637
0
0
0
212283
358549
0
0
168364
528388
0
1495237
0
0
3752
386492
0
264169
0
362664
380560
0
0
484196
0
275714
0
227401
330513
212667
301878
0
0
0
586022
0
637774
0
0
0
331333
0
376309
0
469369
625113
0
406492
0
245202
618221
0
565073
0
238807
304411
350162
356519
0
296726
348272
630113
217857
431779
0
0
147790
311480
0
254052
0
464429
329017
0
599223
300222
0
311890
299692
0
245150
174333
0
355861
0
299074
307818
561528
1406555
0
0
377656
0
342113
0
0
0
449834
403973
272365
215307
22401463
0
192806
0
0
337649
0
0
324735
0
308318
9031271
242266
161425
385651
177731
0
264806
346300
815155
0
333880
226647
0
658247
0
271869
905576
407984
878903
0
0
360824
0
635700
436552
0
178141
0
254160
446969
324318
529761
0
347232
123505
0
0
293193
0
0
0
0
0
0
263841
321245
299451
197599
178503
0
595115
0
439274
545419
179071
0
0
240030
0
575164
370988
315313
