0
0
0
0
3489
0
0
0
0
0
0
0
0
0
0
0
0
0
0
7075
0
0
0
0
0
0
0
0
0
0
0
0
9865
0
0
0
0
0
0
17069
35315
0
0
0
0
0
0
0
0
27020
0
0
0
0
0
0
0
13495
0
0
15940
0
0
0
0
0
0
0
0
0
0
0
0
0
0
0
0
0
0
27301
0
0
0
0
0
27283
10578
32087
0
0
0
0
22933
0
0
0
0
0
0
0
0
0
0
0
0
0
0
0
30069
0
54953
0
0
0
0
0
0
22587
0
0
0
0
0
0
0
0
0
0
0
50436
0
0
0
0
0
0
0
0
50502
0
0
0
0
0
0
0
0
0
0
0
0
553583
0
0
0
0
0
0
0
0
0
0
0
0
0
0
0
0
0
0
0
0
19887
0
0
0
0
0
0
0
33331
0
0
9757
0
0
0
0
0
0
0
0
0
0
0
0
0
0
0
0
0
0
0
0
0
20450
0
0
0
0
0
0
0
0
0
0
0
0
0
0
0
0
0
0
0
0
0
0
0
0
0
4267073
0
0
0
0
0
0
0
0
0
0
0
0
0
0
86670
0
24725
0
0
0
0
0
0
0
0
0
0
0
0
0
0
0
0
42280
0
0
0
0
0
0
0
0
0
0
0
0
0
0
0
0
0
0
0
0
0
0
0
13626
0
0
0
0
0
0
0
0
0
0
0
0
0
0
0
0
0
0
28535
0
0
0
0
0
0
0
0
0
0
0
27480
0
0
0
0
0
0
0
0
0
0
0
0
0
0
23213
0
0
41279
0
24082
0
0
0
39366
0
0
0
0
0
0
0
0
0
12846
0
0
0
0
25425
0
0
0
27988
0
0
0
0
0
0
0
0
0
38984
0
0
0
0
0
0
0
0
0
15185
0
0
20222
0
0
0
0
0
0
0
0
0
16276
32967
0
0
0
0
36715
0
0
0
0
0
0
0
0
0
0
0
0
0
0
0
0
0
0
0
0
0
15534
0
0
0
0
0
0
0
0
0
0
0
0
0
0
0
0
0
0
0
0
0
48598
0
0
0
0
0
0
0
0
0
13202
0
0
0
0
0
0
0
0
0
0
0
0
0
0
0
0
0
0
0
0
0
0
0
0
0
41937
0
0
0
0
0
0
0
0
0
0
3460
0
0
0
0
0
0
0
0
0
0
0
2327
0
0
0
0
0
0
0
0
0
0
0
26333
0
0
0
0
0
0
0
0
0
29144
0
0
0
0
0
0
43103
48357
0
0
0
0
0
0
0
0
0
0
0
0
0
0
0
0
0
0
0
27026
0
0
0
0
0
0
0
0
0
0
0
0
0
0
0
0
0
0
0
0
0
0
0
0
0
16454
0
0
43765
17577
31686
0
0
0
40063
0
0
0
0
16750
0
0
0
0
0
0
0
0
11870
0
0
0
0
0
0
0
0
0
0
0
0
0
0
0
0
0
0
0
33061
0
0
1058266
0
0
0
0
0
0
0
0
0
0
0
42502
0
0
0
0
0
0
0
0
0
0
0
0
0
0
0
0
0
0
0
0
0
0
0
0
0
34837
0
0
0
807074
0
0
0
0
0
0
0
39924
0
0
0
29045
0
0
0
0
0
0
0
0
0
0
0
0
0
0
0
0
0
0
0
0
0
0
0
0
0
0
0
14059
0
0
0
13839
0
0
0
0
0
17387
0
0
0
0
0
0
0
0
0
0
0
0
0
0
0
0
8938
0
790931
0
0
0
0
0
0
0
0
0
48715
0
9361
0
0
0
0
0
0
0
0
0
0
0
0
0
0
0
45688
0
0
0
0
0
0
0
0
0
0
19466
0
0
31487
0
0
0
0
0
0
0
8673
37591
20949
0
0
0
0
0
0
0
0
130806
0
0
0
0
0
0
14955
0
0
0
0
0
0
0
0
0
32232
0
0
7642
0
0
0
0
0
0
0
28936
0
0
0
0
0
0
0
0
92280
0
0
0
0
0
18471
0
0
0
0
0
0
0
0
0
0
0
19005
0
0
0
0
0
0
0
0
0
0
0
0
0
0
0
0
0
0
0
0
0
0
0
0
0
0
0
0
13880
0
0
0
0
0
0
0
0
0
0
0
0
0
0
0
0
0
0
0
0
2540639
0
0
0
0
0
0
483181
0
0
0
0
0
0
0
0
0
13804
0
0
0
0
0
0
0
0
0
0
325559
22619
0
0
0
0
0
0
0
0
0
0
0
0
0
0
0
0
0
0
0
0
0
0
0
0
0
0
22444
0
0
0
0
0
0
0
0
0
0
0
0
0
0
0
0
0
0
1388258
0
0
0
0
0
0
0
21417
0
0
0
0
0
0
0
0
0
0
0
0
0
0
0
29195
0
28306
0
46134
0
0
0
0
0
0
0
0
0
0
0
0
0
0
0
0
360978
0
863904
0
0
0
0
0
0
0
36119
0
15391
0
0
0
0
38850
0
0
0
0
0
0
0
0
0
0
0
0
0
0
0
10263
0
0
0
0
0
0
0
0
0
0
0
0
0
0
0
0
24623
0
0
0
0
0
0
0
21518
0
0
0
0
0
0
0
0
0
0
0
0
0
0
0
0
0
0
0
0
0
3181
0
0
0
0
0
0
0
0
0
0
0
0
0
0
0
0
0
0
0
0
0
0
0
0
0
0
0
0
0
0
0
0
0
0
0
0
0
0
0
0
0
0
0
0
0
0
0
0
0
0
24431
0
0
0
0
0
0
0
0
0
29050
0
0
0
0
0
0
0
0
0
0
0
0
0
0
0
13995
0
0
0
0
0
0
0
1115353
0
0
0
0
0
0
0
0
0
0
0
0
0
0
0
0
0
0
0
0
0
0
0
0
0
0
0
0
0
0
6371
0
0
13390
0
0
0
0
0
0
0
0
0
0
0
0
0
0
0
0
0
0
0
0
0
14824
0
0
0
0
0
0
0
0
21830
35889
0
0
0
0
0
0
0
0
0
0
0
0
0
0
0
0
0
0
0
0
0
0
0
0
0
0
0
0
0
0
0
0
0
0
0
0
0
0
0
0
8841
0
0
0
0
0
0
0
0
0
32136
0
0
2840216
0
0
0
0
0
0
0
0
0
0
0
0
0
0
0
0
0
0
0
12448
0
0
0
0
0
0
0
13330
0
45012
23063
0
0
25808
8540
0
0
0
0
0
0
0
0
0
0
0
0
0
0
0
0
0
0
1198545
0
0
0
0
0
0
0
0
0
0
0
0
1171010
0
0
0
0
0
0
0
0
0
0
0
0
0
0
0
0
0
4575
0
0
0
0
0
0
0
41959
0
0
0
0
0
0
0
0
0
0
0
0
0
0
0
0
0
0
0
0
0
0
0
0
0
0
0
0
0
0
0
0
0
21797
0
0
0
0
0
0
0
11233
0
0
0
0
0
0
0
0
0
24871
0
0
0
0
0
0
22194
0
0
0
0
0
0
23269
0
0
30587
0
0
0
0
4943
0
0
165341
22464
0
0
0
0
0
0
0
0
0
0
0
0
0
0
0
0
0
0
0
33710
0
255757
0
0
0
0
0
0
0
0
0
724931
0
0
0
0
0
0
9600
0
9921
0
23263
0
0
0
0
31084
0
0
0
0
0
0
0
0
997427
27459
0
0
0
0
0
20998
0
0
0
0
0
0
0
0
0
0
22815
0
0
11413
0
0
534089
0
0
0
0
18534
0
0
0
0
0
0
0
0
0
0
0
0
0
0
0
0
0
0
0
45133
0
0
0
0
0
0
0
0
0
0
0
10006
0
0
0
0
0
0
0
0
0
0
0
0
0
0
0
0
0
0
0
0
0
0
0
0
0
0
0
0
0
0
0
0
0
0
0
0
0
0
0
0
12126
0
0
0
0
0
0
0
21413
0
0
0
0
0
0
0
0
0
45713
0
0
11957
0
0
0
0
0
0
33454
0
0
0
0
0
0
8612
0
734344
0
0
0
0
0
0
0
14661
0
0
0
0
0
0
0
43873
0
0
0
0
0
18342
0
0
0
0
0
50355
0
0
0
545948
0
0
0
0
0
0
0
0
0
0
0
0
0
0
0
0
0
0
0
0
0
0
0
0
0
0
0
0
0
0
0
0
0
0
0
0
0
0
0
0
0
0
0
0
0
17535
0
0
0
0
739080
0
0
0
0
0
34289
0
0
0
0
0
0
28490
0
0
0
0
0
0
0
0
0
0
0
0
0
0
0
0
0
0
0
0
0
0
0
0
0
0
0
0
0
0
0
0
0
0
0
0
0
0
0
0
0
0
0
0
0
0
0
0
0
0
0
0
0
0
0
16077
0
0
0
0
0
0
0
0
0
0
32906
0
0
0
0
0
0
0
0
0
0
27979
0
18634
0
0
0
0
0
0
30522
0
11738
0
0
0
0
0
0
0
0
0
0
0
0
0
0
0
0
0
0
0
0
58190
0
0
0
0
0
0
0
0
0
0
0
0
0
0
0
0
36090
0
0
0
0
0
19159
13930
34386
0
0
0
0
19480
0
0
0
0
28016
0
0
0
0
0
0
0
0
0
0
0
0
39356
0
0
0
0
194253
0
0
0
0
0
423774
0
0
0
0
0
0
0
0
0
0
0
0
0
0
0
0
0
0
0
0
19723
0
0
0
0
7964
0
0
0
0
0
663380
0
4514
0
0
0
0
0
0
0
21973
0
1200361
13602
0
0
0
0
0
0
0
0
0
0
0
0
0
0
0
155744
0
0
0
0
0
0
0
0
0
0
0
0
0
0
0
0
0
0
0
0
0
0
0
0
0
23317
20301
49674
0
0
0
0
0
47290
0
0
0
0
3549915
0
0
0
0
0
0
22739
0
0
19884
0
0
0
0
0
39272
0
6662
0
0
22214
0
0
0
0
0
0
0
0
21242
0
0
0
0
0
0
0
0
0
0
0
0
19882
0
0
0
0
30706
0
0
0
0
0
0
0
0
0
0
0
0
0
0
0
0
0
0
0
0
0
0
0
19826
0
16721
0
0
34564
0
0
0
0
0
0
0
0
0
0
0
0
0
0
0
0
0
0
0
0
0
0
0
0
0
0
0
0
0
0
0
802199
0
0
16281
18795
23901
0
0
0
0
0
0
0
0
0
0
0
33679
0
0
556572
0
0
0
0
0
0
0
0
0
0
0
0
19912
0
0
0
0
0
0
0
0
0
0
0
0
0
0
0
0
0
0
0
0
0
21117
0
0
0
0
0
0
24665
0
0
0
0
0
0
0
0
0
0
0
0
37994
0
0
0
0
0
0
0
0
0
0
0
20870
0
0
0
0
0
0
0
0
41479
0
18827
0
0
1163598
0
0
0
0
0
0
0
0
0
0
0
0
0
0
0
0
0
0
0
0
0
0
0
0
0
0
22346
0
0
0
0
0
0
5516595
0
0
969781
0
0
0
0
0
0
0
31290
0
0
0
0
0
302699
0
0
0
0
0
17556
0
8113
0
0
0
0
0
0
0
0
0
0
0
0
0
0
0
0
0
0
0
0
0
0
0
0
0
0
0
0
0
0
0
22187
0
14994
0
0
0
0
0
0
0
0
0
0
0
0
0
0
0
0
0
0
0
0
0
0
0
0
0
0
0
0
53768
0
0
0
0
0
0
0
0
0
0
0
0
0
0
0
0
0
0
31268
0
0
0
0
0
0
0
0
0
0
0
0
0
0
0
0
0
22535
0
0
0
0
0
40493
0
0
0
0
0
0
0
0
0
0
0
0
0
0
0
0
0
0
0
0
42498
0
0
0
0
0
0
0
0
0
0
0
0
0
0
0
0
10450
0
0
0
0
0
16803
0
0
0
0
0
0
0
0
0
0
0
0
24860
0
0
0
0
10807030
19788
0
0
0
0
0
0
0
0
0
0
0
0
0
0
0
0
0
0
0
0
0
0
0
0
0
12976
0
0
0
0
0
0
0
0
0
0
0
0
25902
0
0
0
0
20570
47320
0
0
0
0
0
998357
16315
0
0
0
0
0
0
0
0
0
0
0
0
0
0
0
0
0
12527
0
0
0
0
0
0
0
21557
0
0
0
0
0
0
0
0
0
0
0
0
0
0
0
0
0
0
0
0
0
0
0
0
0
0
0
38239
0
0
0
0
0
0
0
26164
0
0
0
0
0
0
0
0
0
0
19838
0
0
0
0
0
0
0
0
0
0
0
0
0
0
0
0
0
0
0
0
0
0
0
12792
0
960988
25773
0
0
0
0
0
0
0
0
0
0
0
0
0
0
0
89962
0
0
0
0
0
0
0
0
0
0
0
0
0
0
0
0
0
0
0
0
0
0
0
0
0
0
0
0
0
0
0
0
0
0
0
22241
0
15559
17191
0
0
24792
0
0
0
48497
0
0
0
0
0
0
0
0
0
0
0
0
0
20817
0
0
0
0
0
0
0
0
0
0
0
0
0
0
0
801635
12826
472702
0
0
0
0
0
0
48348
0
21454
0
0
0
0
0
0
0
38728
0
0
0
0
0
0
0
0
0
0
0
0
16078
0
0
0
0
0
0
0
0
0
0
14132
21486
0
0
0
0
0
0
0
0
0
0
0
0
0
0
0
0
0
0
0
0
0
0
0
0
0
0
0
0
0
0
0
0
0
0
0
0
0
0
0
0
0
0
0
0
0
0
0
0
0
0
0
0
0
0
0
4445
0
0
0
0
0
0
0
0
0
0
0
0
0
28353
0
16421
0
0
0
0
0
0
0
0
0
0
0
0
6942
0
0
0
0
0
0
0
0
0
0
0
1316257
0
0
0
0
0
0
0
0
0
0
0
0
0
12085
0
0
0
0
0
0
0
0
37779
0
0
0
0
0
0
0
0
0
0
0
0
0
0
0
0
0
0
0
0
0
0
0
0
0
0
19781781
0
0
34233
0
0
0
0
0
0
0
0
0
0
0
0
0
0
0
0
0
0
519656
0
0
463627
0
0
0
0
0
0
0
0
12665
0
0
0
0
0
0
0
0
0
0
1109062
39871
0
0
0
0
0
0
0
0
740924
0
0
0
0
0
0
0
30506
0
0
0
0
0
0
0
0
0
0
0
0
0
0
0
0
0
0
0
0
0
0
0
0
0
0
42025
0
0
0
0
0
0
0
0
0
0
0
0
0
0
0
0
0
0
0
0
0
0
0
0
0
0
0
35385
0
0
0
0
0
0
0
0
0
0
0
0
0
3506628
0
0
0
0
0
0
0
0
0
0
0
29623
0
0
0
31025
0
0
0
0
0
0
0
0
0
0
0
0
0
0
0
0
0
0
0
0
0
24486
20416
0
36169
0
0
0
0
0
0
0
0
9940
0
0
0
16189
0
0
0
0
0
0
0
0
0
0
0
45915
0
0
0
0
0
0
0
0
0
0
0
0
0
0
0
0
0
0
0
0
19083
0
0
0
0
0
0
0
0
0
0
0
0
0
13791
0
0
0
0
0
0
0
0
0
0
0
0
0
0
0
0
0
0
0
0
0
0
0
0
0
164915
0
0
0
0
0
0
0
0
0
0
0
0
0
0
49225
0
0
0
0
0
0
0
0
0
0
0
0
0
0
0
0
0
0
0
26553
0
0
0
0
0
0
0
0
0
0
0
0
13592
0
0
0
0
0
11273
0
16007
0
6026
0
0
0
0
540892
0
0
0
0
0
4985990
0
0
0
0
0
0
0
0
0
0
0
0
0
0
0
0
0
0
0
0
0
0
0
0
0
0
0
0
0
0
0
0
36133
0
0
1798591
0
0
0
0
0
0
0
0
0
0
0
0
0
0
0
0
0
0
0
29870
0
0
31065
0
0
0
0
0
0
0
864878
0
0
0
0
0
0
0
0
0
0
0
0
0
0
0
0
0
0
13400
0
0
0
0
9608
0
0
0
0
0
0
0
0
0
0
0
0
0
0
0
0
0
0
0
0
0
0
0
0
0
0
0
0
0
0
0
0
0
0
0
0
0
25394
0
0
0
0
31787
6845131
0
0
17000
0
0
0
0
0
1499891
0
0
0
14557
0
0
0
0
0
0
0
20924
0
0
0
0
0
0
0
0
0
0
0
19016
8948
0
0
0
0
0
0
0
13279
0
924545
0
0
2330374
0
0
0
0
0
0
0
0
1630608
0
0
0
0
0
0
0
0
0
0
0
0
0
0
0
0
0
0
0
0
0
0
0
0
0
0
0
0
0
0
0
0
0
0
13014
0
0
0
0
0
0
14828
0
0
0
0
0
0
0
0
0
0
0
781922
0
0
0
0
0
0
0
0
0
0
0
0
0
0
0
0
0
0
17897
0
0
0
0
0
0
0
0
0
0
19559
0
0
0
0
0
0
0
0
0
0
0
0
0
0
3166370
5265
0
0
0
0
0
0
0
0
0
0
0
0
0
0
0
0
0
0
0
0
0
0
0
18762
0
0
0
0
0
0
0
778693
0
0
0
0
0
15184
0
0
0
0
0
0
0
797212
13673
0
0
0
0
37423
0
0
0
0
0
0
0
0
0
0
398867
0
0
0
0
0
0
0
0
0
0
0
0
0
0
0
0
0
0
0
0
0
0
0
13342
0
0
0
0
0
0
0
0
0
0
0
0
0
0
0
0
0
0
9238
0
0
0
0
615894
0
0
0
0
0
0
0
0
0
0
0
0
0
0
0
0
0
0
0
0
0
0
0
0
13519
0
0
0
0
0
0
23646
0
0
0
0
0
0
14811
0
0
0
0
0
1312470
0
0
0
0
0
0
0
0
22933
0
0
0
0
0
0
0
0
0
0
25208
0
0
0
0
0
0
0
0
0
35702
0
0
0
0
0
0
0
14451867
0
19060
0
0
0
0
0
0
0
0
0
0
0
0
0
0
0
0
0
0
0
0
0
0
0
0
0
0
0
0
22772
0
0
0
0
4471327
0
0
0
0
0
0
0
0
0
0
0
0
0
0
0
0
0
0
0
0
0
0
0
0
0
0
0
0
0
0
0
0
39932
0
0
0
0
0
0
9829
0
0
0
0
0
0
0
0
0
0
0
0
0
0
363602
0
0
0
0
0
0
0
0
0
0
0
0
0
0
0
6987
0
0
0
381543
0
0
0
0
38764
0
0
0
0
0
0
0
0
0
2428129
0
38602
0
0
0
0
0
0
16333
0
0
0
0
0
0
0
0
0
0
0
0
0
8676
0
0
1269648
0
0
0
0
0
0
0
0
24967
0
0
0
0
0
0
0
0
0
0
0
516118
0
0
873247
0
0
0
0
0
0
0
12022
0
0
0
0
0
0
0
0
0
0
0
0
0
0
0
0
113085
0
0
0
0
0
0
0
0
0
0
19355
0
0
39954
0
0
631770
0
0
0
0
0
0
0
0
0
0
0
0
0
0
0
0
0
0
0
0
0
0
925105
0
0
0
0
0
0
0
0
0
0
0
0
0
0
0
0
0
0
0
612190
0
0
0
0
0
22172
0
0
17359
13157
0
0
0
0
0
0
0
4506148
0
0
0
0
0
0
0
0
0
0
0
0
0
0
0
0
0
0
0
0
11456
0
1151954
0
0
0
0
0
42159
0
0
16379472
0
0
0
0
0
0
0
0
0
0
0
0
0
0
0
0
0
0
0
0
0
0
0
0
0
0
0
0
0
0
0
0
22485
0
0
0
0
0
0
0
0
0
0
0
0
0
0
0
0
0
0
0
0
0
0
0
0
0
0
0
0
0
0
0
0
0
0
0
0
0
0
0
0
0
0
0
0
0
0
0
0
0
0
0
0
0
18030
0
0
0
0
855813
0
0
0
0
31890
0
0
0
0
0
0
0
22060
0
0
857714
0
0
0
0
0
0
0
0
0
9652
0
575275
0
0
0
0
0
0
0
0
0
0
0
5669
0
0
0
0
0
0
0
0
0
0
0
0
0
0
0
0
0
0
2255530
0
25286
0
0
0
0
0
0
0
0
0
0
0
0
0
0
0
0
0
0
0
0
0
0
0
0
0
0
0
0
0
0
0
0
0
0
0
0
0
0
0
261171
0
0
0
0
0
0
0
0
20345
0
8404
0
0
0
0
2255303
0
0
0
0
0
0
0
0
0
0
0
0
0
0
0
0
0
0
0
0
0
0
0
0
0
0
0
0
0
0
0
0
0
2618425
0
0
20324
0
0
0
0
0
0
0
0
0
0
0
0
0
0
0
0
0
0
0
0
0
0
0
0
0
0
0
0
0
0
0
0
0
0
0
0
0
0
0
0
0
0
0
0
0
0
14473
1700509
0
0
0
1867698
0
0
0
0
0
0
0
0
0
0
0
0
0
0
0
0
0
0
0
0
0
0
0
0
0
0
0
0
0
0
0
0
0
0
0
0
0
0
0
0
35126
0
0
0
0
0
0
0
0
0
0
0
0
0
0
0
0
0
0
0
0
0
0
0
0
0
0
0
0
0
0
0
0
0
0
5276067
0
0
0
0
0
0
0
0
7006
0
0
0
0
0
0
572343
0
0
0
0
0
0
0
0
0
0
0
0
0
0
0
0
0
0
0
0
0
0
0
0
0
0
0
1240471
0
0
107250
0
14095
0
0
0
0
0
0
0
0
0
0
0
0
11122
0
0
0
0
0
0
0
0
0
0
0
0
0
0
0
0
0
0
0
725986
0
0
0
0
0
0
0
0
0
1327472
0
0
21329
0
0
0
0
0
0
17555
0
0
0
0
0
0
0
0
0
0
0
0
0
0
0
0
0
0
0
23330
0
0
0
0
0
0
0
0
0
0
0
0
0
0
0
0
0
0
0
0
0
0
0
0
0
3821348
0
0
0
26929
0
0
0
0
0
0
0
31920
0
0
0
0
0
0
9415902
0
0
0
0
0
0
0
0
0
0
0
0
0
0
0
0
0
0
0
0
0
0
0
0
0
0
0
0
0
0
0
0
0
0
26707
0
0
0
0
0
0
0
0
0
0
0
0
0
0
0
0
0
0
0
0
0
0
0
0
0
0
0
0
0
0
0
0
0
0
0
0
0
0
18157
507998
0
0
0
0
0
0
0
0
0
0
0
0
0
0
0
0
20092
0
0
0
0
0
0
0
0
0
1053753
0
0
20012
0
0
0
0
0
0
17206
0
0
0
0
0
0
0
0
0
0
0
0
0
0
2480560
25386
0
0
0
0
0
0
0
0
0
0
0
0
0
0
0
0
0
0
4293231
0
1300807
0
8063157
0
0
0
20788
0
0
0
0
0
0
0
15886
2469757
0
0
0
0
0
0
0
0
0
0
0
21720
0
0
0
0
0
9938
0
11687907
0
0
0
0
39340
5955
0
0
0
0
0
0
0
0
0
0
0
0
0
0
0
0
0
0
0
0
0
0
0
0
0
0
0
0
0
0
0
0
0
0
0
0
0
0
0
0
0
0
0
0
0
0
697404
0
0
0
0
0
0
0
0
0
0
0
0
0
0
0
0
0
0
0
374529
0
0
35195
0
0
0
0
3184406
0
0
0
0
26839
0
0
0
0
0
0
0
0
0
22189
0
0
0
0
0
0
26620
0
0
0
0
0
0
0
0
17160
0
0
0
0
0
0
0
0
0
0
0
0
0
0
0
0
0
0
0
0
0
0
0
0
0
0
18427
0
0
0
0
0
0
0
0
0
27095
0
0
0
20203
1150165
0
0
0
0
0
0
0
0
0
0
0
0
0
0
0
0
0
0
0
0
0
0
16400
0
0
0
0
0
0
0
0
0
0
0
0
0
0
0
10528
0
0
0
0
0
0
0
0
41594
0
0
0
0
0
0
0
0
0
0
0
1122407
32982
0
0
0
0
0
0
0
627438
0
0
0
0
0
0
0
0
0
30327
300028
0
0
0
0
0
0
0
0
0
0
0
0
0
0
0
0
0
34591
0
0
0
0
0
0
0
0
0
0
0
0
0
0
0
0
0
0
0
0
0
0
0
0
0
0
37889
0
93996
0
0
18986
0
0
0
0
0
0
0
0
0
0
0
0
0
0
0
0
0
0
0
14046
0
0
0
0
0
0
0
0
0
360872
0
0
0
0
0
0
0
0
0
22002
960728
0
0
893633
0
0
0
0
0
0
0
0
0
0
18452
0
0
3212119
0
31550
10328808
0
0
0
0
0
0
0
0
0
0
0
0
0
0
0
0
0
0
0
1205733
0
0
0
0
0
0
0
0
0
0
0
0
0
4632621
0
0
0
0
0
0
377347
0
0
0
1063254
0
0
0
0
0
0
0
0
0
0
0
0
0
0
801757
0
0
0
0
0
0
0
1227324
0
0
0
0
0
0
0
0
0
0
1363516
34622
0
0
0
0
726017
0
0
0
0
0
0
0
0
23717
0
0
0
0
6008
0
0
0
21751
0
0
0
0
0
0
0
0
0
0
17824
0
0
0
0
0
0
0
0
0
13421
0
0
0
0
0
0
0
0
0
4549786
13573
0
0
0
18447
0
0
0
0
773038
0
0
0
0
0
0
0
0
0
0
0
0
0
0
0
0
0
27342
0
0
0
0
13603
0
0
0
0
0
0
0
0
0
961116
0
0
0
0
0
820930
0
0
0
0
0
0
0
11618
0
0
16026
0
0
0
0
0
0
0
0
0
0
0
0
0
0
0
0
0
0
0
0
0
0
0
0
0
0
0
4600154
0
0
0
0
0
0
0
0
337658
0
0
0
0
0
0
0
0
0
0
0
0
0
0
0
0
0
0
0
0
0
0
0
0
0
0
0
0
0
0
0
0
0
0
0
0
0
0
0
0
0
0
0
0
0
27559
21828
0
0
0
0
0
0
0
0
0
0
0
0
0
719637
31165
0
0
99006
0
0
0
30491683
0
0
0
0
0
0
0
0
0
0
0
770247
0
0
713437
0
0
0
0
0
0
0
2196641
0
955583
0
0
0
0
0
0
0
0
0
0
0
0
0
333984
0
0
745278
0
0
0
0
0
0
0
0
0
0
58262
19470
0
0
0
0
0
0
0
0
0
0
0
0
0
0
0
0
0
0
0
0
8716
0
0
0
0
0
4826647
0
0
0
0
0
0
0
0
0
0
0
0
0
0
0
0
0
0
0
0
0
0
0
0
0
0
0
0
0
0
0
0
0
0
0
803274
11482
0
0
0
0
0
0
0
0
0
41003
0
0
0
0
41759
0
0
0
0
0
0
0
0
0
0
0
0
0
0
0
0
0
11522
0
0
0
0
0
21434
0
0
0
0
0
0
0
0
0
0
601113
0
0
0
0
0
0
0
0
0
0
0
0
0
0
0
0
0
0
0
0
0
0
0
0
0
0
0
0
2268548
0
0
0
0
0
0
0
22268
0
0
0
0
0
0
0
0
0
0
0
0
0
0
0
0
0
0
0
0
0
0
0
0
0
747225
19923
0
0
0
0
0
0
0
0
0
0
0
0
0
0
0
8928100
62429
0
89922814
0
0
10320
457559
0
0
0
0
0
0
0
0
722442
0
13564
0
0
0
0
0
0
0
0
0
0
0
10611
0
0
0
0
0
0
0
0
0
0
0
0
0
0
30729
0
0
0
0
0
0
0
0
0
0
0
0
0
0
0
0
0
0
0
0
0
0
0
0
0
0
0
0
0
0
0
0
0
0
0
0
0
0
0
0
1482761
867399
0
0
0
0
0
0
0
0
0
0
0
0
0
0
0
0
0
0
0
0
0
0
0
0
0
0
0
0
0
14170
0
0
0
0
0
0
0
0
1761257
0
0
1930511
0
0
0
0
0
0
0
0
106086
0
0
0
0
0
0
0
0
0
0
0
0
0
0
0
0
0
0
0
0
0
0
0
0
0
0
0
0
17001
0
0
0
0
0
0
0
0
0
0
0
179903
0
3446474
0
0
0
0
0
0
0
0
18315
0
0
0
0
0
190773
0
0
0
0
0
0
0
0
0
0
0
0
0
0
637127
0
0
0
0
0
0
0
0
0
0
0
0
0
0
0
12999
42545
33547
0
0
0
0
0
0
0
0
0
0
0
0
0
0
0
0
0
0
0
0
0
0
0
0
0
0
0
0
0
0
40419
0
0
0
0
0
0
0
0
19990
0
0
0
4789614
0
0
0
3626868
0
0
0
0
0
0
0
0
0
0
0
0
0
0
186208
0
0
0
0
0
0
0
0
39367
0
0
0
0
0
315234
0
0
0
0
0
0
0
0
0
0
0
0
0
1211828
0
0
0
0
0
0
0
0
15949
0
0
0
0
0
18617
0
0
0
12397106
0
0
1133333
26303
21881
0
0
0
0
0
0
0
0
0
0
0
0
0
0
0
0
1060798
0
37416
0
0
0
0
0
0
0
0
0
0
0
0
659748
0
0
0
0
0
5078
0
0
0
10634
0
0
0
0
0
0
0
0
0
0
0
0
0
0
22916
0
0
0
0
0
0
1957837
0
0
0
0
0
11597
0
0
0
0
0
32246
0
0
0
0
0
0
558735
0
2400620
0
0
0
14568
0
0
0
0
0
0
0
1545439
0
0
8627
0
0
0
0
0
0
0
0
0
0
0
14114
0
0
0
0
0
0
0
0
0
0
0
0
0
0
0
604326
0
0
0
0
0
0
26917
0
0
0
0
0
0
581166
0
0
0
0
0
0
0
0
0
0
0
0
0
0
0
0
0
0
0
0
0
0
0
0
0
0
0
0
0
0
0
0
0
0
0
0
36692
0
0
0
0
0
0
0
0
0
0
1354257
0
24548
0
0
0
37840
0
0
862260
0
0
0
0
0
0
0
0
0
0
37124
0
0
0
1383870
0
0
0
0
0
0
0
0
0
0
37626
2813935
0
0
0
0
0
0
22254
0
0
0
0
1304108
0
646952
0
0
0
29351
0
0
0
0
0
0
0
0
0
0
0
0
0
0
0
0
0
924968
9962468
0
0
0
0
0
0
7819418
0
0
0
2159699
0
0
0
0
0
0
0
0
0
0
0
0
0
0
0
0
0
0
0
0
0
0
0
0
0
0
0
0
0
0
0
0
0
0
0
17372
0
0
0
0
0
20326
0
0
0
0
0
0
0
0
0
0
0
546165
0
0
0
0
935804
0
35361576
0
0
0
0
414194
0
16483758
0
0
0
0
0
0
0
0
0
0
0
13448
0
0
0
0
0
0
0
0
0
0
0
0
0
0
0
0
0
0
12001
0
0
0
0
0
0
0
27700
0
0
0
0
0
0
0
0
0
0
0
0
0
0
12037
0
0
0
18852
0
0
0
0
0
0
0
0
0
0
0
0
0
0
0
0
0
0
0
0
0
0
0
7630
0
954567
0
0
0
0
0
0
0
0
0
0
0
0
0
0
1008004
0
0
0
31863
0
0
0
34773
0
0
0
19234
0
1209948
0
0
0
0
0
0
39661
0
0
0
0
38962
0
0
0
0
0
305237
0
0
0
0
0
0
31248
0
0
0
0
0
0
0
0
0
0
0
1127832
0
0
0
0
0
0
0
0
0
0
599616
0
0
0
0
10858
0
0
0
0
0
13097
0
0
0
0
1120198
0
19245
0
0
0
43082
0
0
0
0
0
0
0
0
0
0
371260
0
0
0
0
0
0
0
0
0
0
0
0
0
0
0
0
0
0
0
0
35865
0
0
0
0
0
0
0
0
0
0
0
11815
0
0
0
1159480
0
0
0
11387
0
0
0
0
0
0
0
0
0
0
0
0
0
0
16459
0
0
0
0
13239
0
0
0
28041
0
0
0
0
0
0
0
0
0
0
0
14649
0
0
0
0
10658
0
14813
0
0
0
0
0
0
0
0
10243
0
0
0
0
6968437
0
0
0
0
0
0
0
0
0
0
0
0
0
0
0
26677
0
0
513138
0
0
0
0
0
0
59285
0
0
0
0
0
0
0
0
36357
0
0
1093533
0
0
0
0
0
0
0
0
0
0
0
0
0
0
0
0
14904
0
0
0
0
0
0
0
0
0
0
0
0
0
0
0
0
0
0
0
0
0
0
0
0
0
0
0
0
0
0
0
0
0
0
0
0
0
0
0
0
0
0
0
0
0
0
0
0
0
0
34617
0
0
0
0
0
0
0
0
0
0
0
0
0
0
0
0
0
288286
0
0
0
0
0
0
1159395
0
0
0
12575
0
0
0
0
0
0
0
0
9036498
0
0
0
0
0
0
0
0
0
0
0
0
0
0
0
0
0
0
0
0
21680
0
0
0
0
0
0
0
0
24165
0
0
0
0
0
0
0
1021353
0
0
0
0
0
0
0
0
0
0
0
0
0
0
0
0
0
0
0
0
433179
0
0
0
0
0
0
0
0
0
0
0
0
0
0
2522155
0
17183
0
0
0
0
19863
0
0
0
0
0
0
0
0
0
0
0
0
0
0
458417
1328088
0
12386
0
0
0
0
0
0
0
28245
0
0
166509
0
0
0
0
0
0
0
0
0
0
0
0
81070
0
0
0
747522
0
0
0
0
0
0
0
10040
0
0
0
0
0
0
0
0
0
0
1787294
0
0
0
0
0
0
0
0
0
0
0
0
0
0
0
0
0
0
0
0
0
0
0
441331
12919
0
0
0
0
213305
0
0
0
413297
0
0
0
0
0
0
0
0
0
0
659153
0
0
0
0
0
0
18947
0
0
0
0
0
0
0
0
0
0
0
0
18402
0
0
0
0
0
0
0
0
0
0
0
0
0
0
0
0
0
0
0
0
0
0
0
2107440
0
0
0
0
0
0
0
0
1047129
0
0
0
0
0
0
0
0
0
0
0
0
0
0
0
0
0
31281
0
0
0
0
0
0
0
22457
0
0
0
0
0
0
3252915
0
0
0
0
31035
0
0
0
0
0
0
0
0
0
0
0
4742489
0
0
0
0
0
0
0
5839
0
0
0
0
0
0
19366
0
0
0
0
0
0
0
0
0
0
0
0
0
0
0
0
0
0
0
13814
0
0
0
0
17198
0
0
0
0
0
0
0
0
0
17363
0
0
0
0
0
0
0
0
0
0
0
0
0
0
0
0
0
0
0
0
0
0
0
0
0
0
14787
2924588
0
0
0
0
0
0
0
0
0
0
0
0
0
0
0
0
0
0
0
0
0
0
0
0
0
348291
0
0
0
0
0
0
0
0
0
0
676439
0
0
0
0
0
0
0
0
422521
0
0
0
0
0
0
0
0
0
0
0
0
0
0
0
0
1330718
0
0
29659
0
0
0
0
0
0
0
0
0
0
0
0
0
0
0
0
0
0
0
0
0
0
14191
40959
0
0
0
0
0
730948
0
450567
0
1200008
0
0
0
0
0
0
0
0
0
0
0
25752
0
0
22095
0
0
0
0
0
0
0
0
0
0
0
11686
0
0
0
0
0
0
0
0
3854266
0
0
0
0
0
0
0
0
0
0
41383471
14191
0
0
0
0
0
0
0
0
0
0
0
0
0
0
26179
0
0
0
0
0
0
0
0
0
18419
0
0
16456
0
58042982
0
0
0
0
0
0
0
0
0
0
0
0
0
0
0
0
0
0
0
0
0
0
0
0
0
0
0
0
18086
0
0
0
0
0
0
0
0
0
0
0
0
0
0
0
0
0
0
0
0
0
0
0
0
0
0
20264
0
0
0
0
1047078
0
0
0
0
0
0
0
0
0
0
0
0
0
0
0
0
0
0
0
0
0
0
4639507
0
0
0
0
0
0
0
0
0
0
0
0
0
0
0
0
0
0
0
0
0
0
0
0
17703
0
0
0
0
0
0
0
0
0
0
0
0
0
0
0
0
0
0
0
0
0
31191
0
0
0
1151791
0
0
0
0
0
0
0
0
0
0
0
0
0
0
0
0
0
0
0
0
0
0
0
40136
0
26071
0
0
0
0
0
0
0
0
1209680
15134
0
15220
0
0
0
0
0
0
0
0
0
0
0
0
0
0
0
0
245729
0
0
0
0
0
0
761001
0
0
0
660591
1255355
0
0
0
0
0
0
0
0
0
0
0
0
0
0
0
0
0
0
0
0
0
17880
0
0
0
0
0
0
0
0
0
0
0
0
0
0
0
0
0
0
0
0
0
0
0
0
0
0
315726
0
0
0
0
0
0
0
0
0
0
0
15123
0
0
0
1550978
0
0
0
0
0
0
0
0
0
0
0
0
0
0
0
0
0
0
0
0
0
0
0
0
0
0
0
0
0
0
0
0
0
0
0
0
0
0
0
0
1200558
0
0
0
0
0
0
40468
0
1268788
0
0
0
1105842
0
0
10457
0
16230
0
0
0
0
0
0
0
0
0
0
0
0
0
0
0
0
35429339
0
0
0
0
0
0
0
0
0
0
0
0
0
0
0
0
0
452389
0
0
0
0
0
263491
0
0
32605
0
32776
0
0
0
0
0
0
0
0
0
0
0
0
0
0
0
0
0
967543
0
0
0
0
0
0
0
0
0
0
39010
0
336129
0
0
0
0
0
0
0
0
0
0
0
0
0
0
0
0
0
0
12736
0
0
0
0
0
0
0
0
0
0
0
0
0
9143
0
0
0
0
0
0
0
0
0
0
0
0
0
0
0
0
17529
0
19824395
0
0
0
0
0
0
0
0
0
286425
17168
0
0
0
0
0
0
0
0
0
0
0
0
0
0
0
0
0
0
37926
0
0
0
0
0
0
0
0
0
0
0
0
0
527016
0
0
0
857344
0
0
0
0
18652
0
0
0
899243
0
0
0
19606
0
0
0
0
0
0
0
0
0
0
0
0
0
0
8221
310625
450661
0
0
0
0
0
0
24498
0
0
0
0
0
0
0
0
0
0
0
24599
0
0
0
0
0
0
0
0
0
0
0
1319141
0
0
0
0
0
0
0
18765
0
0
0
0
0
0
1208482
0
0
0
0
0
0
6086011
0
0
0
0
0
0
749169
0
0
0
0
0
0
0
0
0
33556133
0
0
0
0
0
0
0
0
0
0
0
0
0
0
0
0
0
0
0
0
0
0
0
0
0
0
0
0
6451
0
0
0
0
0
0
0
0
0
0
0
17233
0
0
176737
0
0
0
0
0
0
0
0
0
0
0
0
0
0
0
0
0
0
0
0
13754
0
0
0
0
0
0
0
0
0
0
0
0
0
0
943757
0
0
0
686751
14975
0
0
0
0
0
625375
0
34652
0
0
0
0
0
0
0
0
0
0
0
546087
0
18965994
0
0
1244685
1524313
0
0
0
0
0
0
0
0
0
0
0
0
0
0
0
0
0
0
0
0
0
0
0
0
0
0
0
0
0
0
0
0
480088
0
0
0
0
0
0
0
0
0
0
0
0
0
0
0
0
0
29937
0
0
0
0
0
0
0
0
661308
0
0
0
0
0
0
0
19294
0
0
0
0
1026279
0
0
0
0
0
0
0
0
0
0
875648
0
0
0
0
0
0
0
1149106
0
16818
0
0
0
1107584
0
0
0
0
0
0
0
0
0
0
0
0
0
0
0
0
0
0
0
0
0
0
0
0
0
0
0
0
0
0
0
0
0
0
0
0
0
0
0
0
0
0
0
0
0
0
0
0
0
0
0
0
0
0
0
0
0
0
0
0
0
0
0
0
0
13883
0
0
0
0
0
0
0
0
38014
0
0
644975
0
789688
0
23060121
0
0
0
0
0
0
0
0
0
0
0
0
0
0
0
0
0
0
0
0
0
0
0
0
0
0
0
0
0
0
0
0
51106
0
0
15692
7068
0
0
0
0
0
0
0
0
0
0
0
0
0
0
0
0
0
269224
0
0
0
0
0
0
0
0
0
0
0
0
0
0
0
0
0
0
0
12829
0
0
0
0
38541
0
0
0
0
0
28820
0
0
0
0
0
0
0
0
0
0
0
0
0
0
0
0
0
0
0
0
0
0
0
0
4678492
0
0
0
0
0
0
0
0
0
0
0
0
0
0
0
0
0
0
0
0
0
0
0
0
0
0
0
0
0
0
508306
0
0
0
0
0
0
0
0
0
0
0
0
0
0
0
0
0
0
0
0
0
13701667
0
0
0
0
0
0
0
0
0
0
0
0
0
0
0
0
0
1781919
0
0
0
10750862
724145
0
0
0
0
0
0
154482
0
0
0
0
0
0
0
0
0
0
0
0
334850
0
0
0
0
1709299
0
0
0
0
0
0
0
0
0
0
0
0
0
0
0
0
0
0
0
0
0
12975
0
0
0
0
0
0
0
0
0
122469
0
0
1408549
0
0
0
0
0
0
0
0
0
0
0
0
0
0
0
0
0
0
0
0
0
0
0
0
0
0
0
0
0
0
0
0
0
0
0
0
0
0
0
0
0
0
0
0
0
0
0
0
0
0
0
0
0
0
7817299
0
0
0
0
0
0
0
0
0
0
5701373
0
0
0
0
0
0
0
0
0
0
0
0
0
0
0
0
0
0
0
0
0
0
0
0
0
0
0
0
0
0
0
0
0
0
0
0
0
0
0
0
0
0
0
0
0
0
5570265
0
0
0
0
0
0
0
0
0
0
0
0
0
0
9269170
21915
2757572
0
0
0
0
0
0
0
0
691814
0
0
1262792
0
0
0
0
837540
0
0
0
0
0
0
0
0
0
0
0
0
0
1796293
0
0
0
0
0
0
0
0
0
0
0
0
0
0
0
0
44809
0
262340
0
129043
0
0
0
0
0
0
14489
0
0
0
0
0
0
0
0
0
0
0
0
12360
0
0
0
4238379
0
0
0
0
0
0
0
0
0
0
9098
27092
0
0
0
0
0
0
12272362
0
0
0
0
292989
0
162617
719920
0
0
0
0
0
0
0
0
0
0
0
12937
0
0
0
14526
0
5717945
0
0
0
0
0
0
0
0
0
0
0
0
0
0
880234
0
0
0
0
0
0
0
0
0
0
0
1738851
0
0
4221090
2783118
0
7619637
0
0
0
0
0
0
0
0
0
0
0
0
0
0
0
0
0
12622
0
0
0
0
0
0
0
0
2334680
0
0
0
0
0
0
0
0
0
0
0
1357062
0
12136243
0
0
17804
0
12340
0
0
0
0
13368
0
0
0
0
0
0
0
0
0
0
0
0
471107
0
0
0
0
0
0
0
0
0
0
0
956141
0
0
0
0
0
0
0
0
0
0
0
0
0
0
2487355
0
0
0
0
0
0
0
0
0
0
0
0
0
0
905229
0
0
0
0
0
0
0
0
0
0
0
0
0
0
0
1113837
0
0
0
0
0
0
0
0
0
403644
520776
0
0
0
0
0
0
0
0
0
0
4556355
0
0
0
0
0
0
0
0
0
0
0
0
0
0
0
9661071
0
0
4688819
832904
0
0
0
0
0
0
0
0
0
0
0
0
0
0
0
0
0
0
0
0
8671044
0
0
0
1220410
14294
0
0
0
0
0
0
0
0
0
0
0
0
0
0
0
0
0
0
0
0
0
0
0
0
0
0
0
0
0
0
0
0
0
0
0
0
0
0
0
0
0
0
0
0
0
18303
0
0
15181
0
0
0
0
0
0
0
0
0
0
0
0
0
0
0
0
0
9522362
0
1287295
0
0
0
0
0
0
0
0
0
0
0
0
0
12437
0
0
0
0
0
0
0
0
0
0
0
0
0
0
0
0
40567
0
0
0
0
0
0
0
0
0
0
0
0
0
0
0
0
0
0
0
0
0
0
0
14310
0
0
0
0
0
0
0
0
0
0
0
0
0
0
0
0
0
0
0
0
0
22506
0
0
0
0
0
0
0
0
0
0
0
0
0
0
0
0
0
0
0
0
0
0
0
0
0
0
0
0
0
0
0
0
0
0
0
0
0
0
0
0
0
0
0
0
0
0
0
0
0
0
0
0
0
0
0
0
0
0
0
0
0
0
0
0
0
0
0
0
0
126193
0
0
0
0
0
0
28557
0
0
0
0
0
0
0
0
0
0
0
0
0
0
0
0
0
0
11298
0
0
0
36152
0
0
0
0
15099365
0
0
0
0
0
0
0
0
0
1035105
0
0
0
0
0
0
0
0
0
0
0
0
0
0
0
0
0
0
210124
0
0
0
0
0
0
0
0
350664
0
932652
0
0
0
0
0
16555252
0
0
0
0
0
0
0
0
0
0
453359
705351
0
0
497287
0
0
0
0
0
0
0
0
0
0
13389
666865
0
0
0
0
0
0
0
0
0
0
0
0
0
0
0
0
0
0
0
0
0
0
0
0
0
0
0
0
0
0
0
0
0
0
0
0
0
0
0
0
0
0
0
0
0
0
0
0
0
0
1329655
0
0
0
0
0
0
0
0
0
0
0
0
0
0
0
0
0
0
0
0
0
0
0
0
0
0
0
0
0
0
0
0
0
0
0
0
0
0
0
0
0
0
0
0
0
0
0
0
0
0
1324304
0
0
0
0
0
0
0
0
0
0
0
0
0
0
0
738690
0
0
0
0
0
0
446276
0
0
0
0
0
210032
0
0
0
0
0
0
0
0
0
0
0
270503
0
0
0
0
0
0
0
0
0
0
0
0
34667
0
0
0
0
0
0
0
0
0
0
0
0
0
0
0
0
0
0
0
0
0
0
7838
0
1473889
0
0
28786279
14861913
0
0
0
0
0
817092
0
0
0
0
0
0
0
0
0
0
0
0
0
0
0
0
1525967
0
0
0
355441
0
0
738398
0
0
0
0
0
0
0
0
13898622
0
0
0
0
0
0
0
324536
0
0
0
0
0
0
271820
0
202857
0
0
0
0
0
0
0
0
0
0
0
0
0
0
0
0
0
13937
0
0
0
0
0
0
0
0
0
0
0
0
0
0
0
0
0
0
0
0
0
984983
0
0
0
0
0
0
0
0
0
0
1258005
0
0
0
3720325
0
0
0
0
6091909
0
0
0
0
0
1185047
0
16388092
0
0
0
0
0
0
1065088
0
0
0
0
0
0
0
0
0
0
0
0
0
0
0
18338
0
0
0
0
0
0
0
0
0
0
0
0
1187038
0
0
0
0
0
0
0
1406096
0
0
0
0
0
0
0
0
0
0
0
0
0
0
0
0
0
0
0
6982149
0
0
0
0
0
742888
0
0
0
0
0
0
0
439960
0
0
0
12627
0
0
0
0
0
0
0
0
0
0
0
365239
0
0
0
0
0
0
0
0
0
0
0
0
0
0
0
0
0
0
0
0
0
0
0
0
1489912
0
0
3319654
0
0
0
0
0
0
0
0
0
0
0
0
0
0
0
0
0
0
0
0
0
53456
0
0
0
453982
0
0
0
0
0
0
0
0
0
0
0
14041
0
0
0
0
0
0
0
0
0
0
0
0
0
0
0
0
0
0
0
0
0
0
0
0
0
0
0
0
0
0
0
0
0
0
0
0
0
0
0
0
0
0
0
0
0
0
0
0
0
0
0
0
0
0
0
0
0
0
0
0
1038008
0
0
0
0
0
0
12690
0
0
0
0
0
0
0
0
0
6175853
0
0
0
0
0
0
0
0
295130
0
0
0
0
0
0
0
0
0
1014348
0
0
8806625
0
0
45676
0
0
842555
0
0
0
0
0
0
0
0
0
0
0
0
0
0
0
0
0
0
0
0
0
0
0
0
12784
0
0
0
0
0
0
0
0
590312
0
0
0
0
807267
0
0
0
1317164
0
0
0
0
0
0
0
0
0
0
0
0
0
0
0
0
0
0
0
0
0
0
0
0
0
746456
15224
0
0
0
0
0
0
0
0
0
0
0
0
0
0
0
0
0
15035
0
0
0
0
0
0
0
0
0
0
0
0
0
0
0
0
0
0
0
0
0
0
0
0
0
0
0
0
0
0
0
0
0
0
0
8368
0
1315531
0
1436791
3926696
1373572
0
0
0
0
0
0
0
0
0
0
0
0
0
0
0
0
0
26804405
0
0
0
0
0
0
0
3181469
