0
3364761
3309909
3706620
4128672
3477838
3772143
3311350
4265622
2924273
3067799
2564165
3379028
3110600
2346429
2239973
2983085
3703355
3619566
4267897
2201009
4349221
4790311
2990640
2968740
2326533
2921904
2333084
2624586
3099363
2824996
2463827
2694889
2563685
6550543
2669187
2199197
3863728
2377236
1983060
2725426
3880542
2808277
2559985
3386327
3053700
2340038
9275582
3347649
3281297
3058495
4323696
1998125
2642183
3165510
4370513
2460268
2307484
2715593
3209224
2380813
2890973
2774400
2471083
3219943
3991488
2504386
3317104
7461656
2032155
2535451
4445478
2464006
3598960
3466939
3765174
2783434
2696805
2799568
7671742
2373656
2913263
3463244
2389626
2473396
2565848
3248419
2886274
3481208
5130334
2932754
2765236
2609663
8207421
3004461
3286187
3048679
2247063
2952365
3042698
2746927
2643724
2827726
4352764
3029673
6897463
2901425
3555952
2179982
3676153
2629826
2238537
2286986
4098475
3996470
2468751
3116010
3159498
2599560
6484760
2238987
2565214
3025540
2787064
4177170
3799597
2337336
2899779
2237460
2301205
2247214
5132431
2194649
2814525
2692106
3338290
2384245
2366083
3372672
2563096
2835678
6255647
3563666
2428971
2742965
2641134
4539440
2987230
3289360
2562011
3441417
2346699
3055028
2779037
2456671
2579697
2079848
11220900
2200038
2974614
1793924
3270050
7223826
7731119
2637771
3580071
4020136
2689109
2583378
6727819
1872830
3348652
3054263
2402776
2880522
4260023
8329390
2635732
2491206
2648158
3037616
1969542
2361401
2562458
2804559
3227775
3204544
2977948
2109232
1940838
2654553
3390928
2854969
2858837
2589839
4466593
2350477
7714595
2122262
9460894
2856425
3259165
3178740
2131123
3609631
2582062
2668260
3243339
2265952
2950084
2956212
2902226
2346515
2569631
2923945
6703306
2733203
3482599
1984063
3035443
3322164
2686091
2654586
2883506
2183548
2157983
3113692
2054469
4041401
2724223
6228124
2997376
3111484
2431482
2798816
2602030
2396915
3992335
3349364
7945113
2503030
7243424
3358773
1822439
2587033
2243394
7889160
2536194
4917609
2651699
2391680
4168168
2475301
2579843
2678256
2152112
2767664
2797432
2513980
2655250
4075117
3569869
2219445
2905743
3382403
2419145
3573308
2850909
8820022
2721809
3661864
2555609
3181954
3801584
2612111
2746121
2656724
3324152
2668137
2934690
3885132
2579807
2361522
2595740
3349683
2822030
3952215
2503848
2848589
3279709
2305157
2983107
2548475
3270199
2676396
2677109
2888457
2426997
2812086
3286490
2934199
2621389
8923562
2387338
2603357
2989275
2348727
2572155
2829760
2526944
3257877
11201614
3144922
3225902
3334615
3052235
1911427
2651426
7520956
2459384
2532431
2273503
2490679
2984833
3027797
2873793
3150254
2128993
2183129
6753285
2835412
2407791
2819551
2896984
2419349
3168378
3197745
2670662
5425519
8639851
3480193
2819573
2447654
2660321
2821752
3049018
2668145
7605067
3178969
2907042
3067623
2945207
2780960
2916281
2159926
2429932
3868602
2323244
12937917
2630921
4647434
2740438
2505290
2365601
2524345
2214149
2817802
2431722
3563359
2509587
3330057
9261490
3681643
3419621
3388453
4301875
2405724
2875733
3168332
7129441
2735149
2645857
2449287
4558612
2996622
2891942
2685117
8918804
4016196
3112078
8720060
2166189
4664869
2556187
2918201
2718182
2295902
2692357
9342259
2776888
3472036
2222970
2601137
3536787
2525645
2743683
2411494
2868256
2521526
2873904
2737671
10129496
2838447
2852517
2407309
2882016
2868637
5521915
2637427
2519439
2580921
2264472
2861154
2175373
1681472
2817865
3037266
2336074
2183714
3041488
2984500
2560340
2337034
2848321
2974317
3127243
8801731
2325160
3392599
3007783
2285113
3755167
3695559
2701035
2759366
2585635
2859891
3695277
8267327
2705476
7804894
2921881
4169042
3002935
3642650
3078668
3243876
8330127
2492385
2748112
2535186
3637473
3417319
2265675
3563448
2199883
2557144
2459486
2580710
3140115
6291958
2427041
3129592
2332117
3575516
2654935
2514274
6159331
2510501
4096485
2529060
3011329
2651355
2970371
4796362
4121972
12612287
2693428
3088431
3371336
2498118
2906885
2144125
7711583
2391097
3212813
2552938
2598806
2341893
3218493
3305600
2732535
3661944
6490566
6716586
2733493
2657104
3228455
4025748
9995546
10850460
2748081
3018189
7432434
3490045
2521013
2526145
3309962
2512079
2733751
9313417
2651417
3081258
3120250
8044386
19324913
3103254
3695394
2637080
3925515
2660544
16945444
3264805
4605218
8948626
2353791
3738206
4233434
4049521
3118277
3861825
3709103
2908519
2781643
2457294
4132178
2389177
4301472
2492894
4288825
2183256
1918621
2909709
4051988
2283505
8748415
2313818
4998220
2562713
2493308
3632710
2489636
2882514
2288657
3453260
2847866
2562345
2564736
3861082
2338408
2676189
3118495
3211882
11449706
2848203
2991771
3565131
13070650
7514974
2258837
3343339
3277687
6082350
3213177
2575966
3315729
3202767
2344374
2345490
2960575
2166680
2217947
2051441
2281038
4337843
3065012
13798635
7336138
6910612
2787707
3168990
2559430
2906854
2397525
2111151
2255610
12370541
2746241
2246019
3128144
3536853
2038495
3387273
2576767
3901398
11579986
2295262
2814571
2323009
4598506
2626739
2883444
12467740
3130375
3171090
2641239
3303388
4064507
2728238
2996502
2523679
4300077
2519245
6556066
4458545
3325760
3323538
2517776
2744501
4326898
3362046
3220422
2691227
2553388
2795693
2477860
7141374
2340065
3124321
3096710
2503248
3589090
3088545
2802093
2236927
5686247
2706094
8723237
2676909
2251974
5931074
2772147
2265630
3549851
7107349
2065604
5256609
2788253
2769872
3091345
3632662
3850476
7897561
2465203
2512165
2866563
3241454
7923783
11674879
4283928
2708684
3470857
3402770
2353960
8376758
2526852
3525929
11638201
2245389
2796162
3467604
3050485
3190452
2521695
2634950
3891193
2955773
8886811
2804906
2581750
2871357
3089686
2915245
3133761
2368681
3801897
2421528
3566625
2762754
2026338
2663549
2482453
2498781
2843126
2678300
1899755
4801829
2234833
2747615
2324873
3155927
3132542
7573498
4575992
3032216
2594697
3164683
2065318
3724754
3111238
7431107
3459548
2791657
2297261
9179323
4015503
2035963
2854720
2475426
2475828
2256223
20135135
3029830
4171945
3718865
4078888
2791282
3911224
2191182
3124937
2270526
3685489
3080406
9250200
2224781
2635385
2621584
2369550
2352803
2635436
3863093
3200566
2540482
4231037
17039051
2240660
3433502
3035590
3522468
4255843
2511085
3250599
3529663
3247721
4251781
3527698
3641292
2802630
2883633
2586877
4021955
2433487
3482323
2544938
3322541
2677119
4494616
2976931
2896365
2611617
3882422
3056795
2828023
2419714
2548542
2975594
2802497
4512947
3363487
2828980
2756653
2769275
4360006
2827573
2747618
2892168
3578784
4389098
2262786
3032590
6675342
3455522
2682756
8313745
4142128
3235022
2501529
2593072
2826129
3918195
2804825
3152230
3606052
3296740
2889399
2289249
3028966
2585737
3104158
2983301
4697669
2209122
6511232
5363897
2075570
4960992
2663584
2457027
3486560
2467331
3321720
2149954
2268213
2635247
3669107
3013075
8156674
3137276
6713265
3445629
2785086
2444698
2498951
8090081
2205482
2722986
3455428
4718918
2509673
2560816
2381108
2307874
2865206
3436998
3080079
6693500
2902714
8341977
2771550
3325613
2717871
11506315
2783216
2201953
2514689
2601105
3241588
2231749
2434711
2931162
2892387
2956449
6016103
2226858
2409823
3318127
6046109
2704137
2419083
7836830
9324010
3159509
11711567
3008388
3470696
2745526
4240315
2174563
6348250
2295096
2680143
6941236
2163202
2454596
2113196
2312641
2548818
2332841
3276333
6559658
2608207
2775085
3065683
2704888
2302399
2711218
2964597
6944425
2630767
2493367
7481614
2439010
2574807
2106557
2766334
2546156
2787266
2238885
3467097
2887420
4097747
2796955
2670622
3265569
3229842
5203308
7519279
2513620
3165718
2338736
2633481
9253294
2725726
2949136
9281485
3677086
2542714
3049955
7407000
3110003
2392182
2507017
2563904
2702110
3434356
2873406
14735818
2077969
2891302
2333670
3413605
3392788
2425871
2415241
3830669
2635671
7785290
4803634
4847594
3761893
2542310
2641275
2535279
2903832
2670251
2969439
2756114
3436567
6982979
3000471
2165467
2526171
3889086
4127274
8313186
8308975
2710540
2134704
3762883
2946956
2478918
2351105
2600286
8836482
2652015
2721933
2623609
2419421
3195140
3174006
