0
2576
1637
1297
2252
2054
563235
17092
1208
1879
898612
1969
2538
2311
2025
1446
5859079
2378
1640
1137
701884
9797400
290025
1947
9367176
122476
624200
2441
497816
3567733
1304
1930
1139
4014
1274
2202
239100
1109
8059227
518615
1627055
2076
97084
1687
502218
1528016
1799
7534068
377905
2968961
1164
1093
1526
906110
1637
1399
1824
508359
1544
152557
6047712
2022
174853
1559
703520
311001
1930
257400
356069
268789
1304261
614466
1387359
3551
18339090
5892086
1297
1550809
1048
1938
1064
487303
131351
1716
2550006
190318
209868
6629961
231123
1016978
294522
2991
1484
2601
1858
441705
1634
1910
766967
263390
1673
431205
801
1215
233211
1966
240010
1584
338295
1062
835645
6112896
1523
462035
1027385
1777
673
40153114
1178
1397990
1577
1028852
1224
2090
1509627
9138226
4644434
486830
788875
203715
351020
886757
2224009
156188
1101
287304
1807
108222
810502
1382
20520052
174379
224586
1058
2226
240768
16492384
1136515
732623
291850
2666
1481191
1491
751993
3795925
85147
249455
2191
3869160
466809
2527
1263366
361126
911908
191047
467757
2184
355027
2555882
26343903
6975318
207735
2175323
1631
1435
17980414
2015
1107076
1457
382161
718836
2029
1696294
404845
2096
433027
2043
744173
318549
779780
7021665
1007063
1083402
2035
1945
515167
315523
267279
533778
814651
837493
1891368
544031
1519
213165
705481
10140359
5558970
1439
996232
1082055
1417809
1917731
1213280
1230858
360618
1632300
494561
166084
800719
2224741
261846
2209
670449
488251
14376132
1748676
1233501
620265
760168
1262796
1018414
618796
1573
19874671
1069
1042857
780641
8344359
459963
1153463
1726033
330990
14081101
535686
1180357
647007
1689961
396773
343527
693026
1409391
2629077
1995414
2238986
14584646
547471
331365
1453142
1346837
732707
10800853
618783
1674388
511806
691963
244325
2168
275698
322038
1164208
5741263
899579
15939771
1212817
587933
13489104
1067398
3008712
1649944
2159703
608174
714582
311383
971411
357206
1011106
665426
1585
2130121
1035550
1265324
731085
1446064
348374
8267186
2209527
1024
1658785
376931
598449
16695045
17547942
263836
1135017
947319
3455297
1883447
287995
411413
2134709
1069701
1942467
14742336
2355302
17926053
2512877
2505382
232594
653095
662587
1511981
21220557
11674117
406442
11667076
1975714
2162824
1002
1445699
594470
444373
781886
2224872
899026
1068467
8303371
1156401
5376374
971634
1720770
445672
1506353
1974036
6664331
271409
773528
2164128
2904460
14789118
350528
1575699
2084021
1370779
659282
1518691
482813
1990668
2630499
2383862
1801
310209
561172
9954581
474893
515340
865027
5327159
271885
1210018
554407
820695
1612
983355
1684930
581846
553470
4073112
886930
3912523
639928
755880
1107457
905115
1691957
685698
280584
491143
414127
1015620
3126123
60085
2492251
7173697
653447
296137
928297
1205965
904228
1148177
8875866
198153
358864
2298296
978500
2801157
489920
1164685
725191
1079996
1153658
940020
1212164
1172023
1001957
1403848
669794
1850
476799
1126684
2579
1004250
180480
1420491
29811151
24763869
2529262
1113584
1275552
3013020
2878617
27505566
1879074
12449028
2118966
15615368
1856224
7720100
983257
1467985
1069861
528976
737723
2762502
472607
728950
635178
1139179
81787
366215
849549
1963989
797556
274009
16920288
1123191
525308
4210711
1059265
2116058
1731820
1520698
481682
1238386
1657412
4866217
6981097
678256
25123656
571758
2133181
17771735
1470174
2075473
1806005
4258443
1578006
1662
1550785
3308579
146345
1182330
1025879
1240717
35248572
20298371
1972057
2029406
1902110
3252049
3140299
952920
261300
23666368
3109439
6692011
3616433
501943
14922024
1423642
367315
4234498
16686874
3833571
2709656
10570486
2166022
1492460
3254294
1062336
3117845
10560186
2050074
1410446
1289999
21282365
907848
98922
3031163
2774680
3239358
2449084
3086655
2572863
22177520
2263519
3250262
18489664
3070586
2733319
1690518
1827825
1680701
1585738
2538610
855596
1543913
2445361
1070615
561607
2448694
2247445
3395074
4614822
1016516
2505557
5045346
544567
2609390
2440090
2092795
3108896
4150810
1880551
1857360
1490455
559047
1751091
1152085
2163277
2524287
982649
2377237
1062027
1335755
7668969
1415
1506887
1253214
1576315
941107
591355
441486
20734409
1813717
6303524
1626702
2925451
6023172
3253127
4497384
2135456
1247
1049100
1604432
5532645
1050380
2197749
2484392
3730063
10396931
341013
881719
5224171
897511
3124108
32102965
2587804
1910137
9403982
2054751
1824669
20365853
2392875
402661
2104176
30489816
5934211
4382837
1438146
2010513
10720361
1543447
4507546
2022865
2499171
1949089
543175
1281049
1438215
1677293
2012767
2437746
1918645
2282807
4388715
3511515
3746102
2903511
16627328
2983565
7245270
2199150
985270
848031
1143322
1888766
14520941
1141483
1467353
1139363
2852194
4414688
35865566
2867827
9765756
23687064
1556404
5063970
3747574
17702516
1573081
1396537
6299042
1244287
8486607
1277283
4491354
2892238
1622104
821649
1887255
8605421
615159
2306787
2920091
1720027
1504749
1156548
1059783
2892802
888
1253850
1693955
3713585
1686128
1097500
2129012
10536127
2727646
1724068
2463198
20482168
4400274
5697803
7611249
1631988
2059358
2698356
7598011
2478423
2410099
2331237
916464
1860510
430090
3032022
4399364
2568869
2054195
2561308
855322
1474869
2588327
2515866
3783873
4082736
1294458
1769206
12326253
3823381
1905255
3911407
22520849
36746090
1901156
26553223
11936641
2883410
1988374
31188769
3123369
39998758
2866941
3431899
2652215
1675611
2902403
4917426
1415618
1140041
612306
1403739
141205
4470713
18426679
1778740
7147308
1496637
1544644
1898774
3974586
4149376
2354429
3938914
733902
28184138
5123221
2857897
1722600
386501
7345903
1298416
10726918
3920047
2187183
2756325
12374669
3421750
5615886
2112828
31149885
23969977
10533804
2654652
2866264
2300197
42876166
6853864
21915930
4655333
7837655
1803805
1850328
2574995
3470437
777439
2466395
8289918
3794343
2488769
2968708
1889234
3850797
2725048
3332182
2131294
3154370
6799609
1103293
1535608
2995675
1435560
2602312
589789
5236295
1758885
2498030
2708395
2436662
1049722
3561632
2404413
2276065
3099640
1060504
34210012
3219104
5208042
4951262
25624571
1807066
14930234
1038004
2975776
3802182
3819304
3257805
832256
2249215
2108379
3969422
3287736
913765
1487569
8943153
1664728
2760668
3314919
3955190
2541994
2311988
11440445
6699036
2595023
6663602
4517786
2301126
3142268
2176700
15695650
687491
3485938
2830912
1977988
798412
19737570
10661495
4109158
5071312
3433068
2314691
2322909
17148300
19956301
1500620
6119609
4276831
4466198
1265770
2783394
3972185
1209791
2941115
7614271
2290878
3789798
3104033
4988484
2721116
1705323
882950
4365611
2261270
3233248
2190276
14758821
2219160
1097397
6484327
3042086
22230247
4116243
6172457
8709899
2957521
11200653
4940428
698785
738076
2239757
1912826
3674749
2402939
5246445
12354412
3341247
2020456
4078843
6099105
11523531
8309755
1870445
2184337
4425509
2049454
2280698
2699077
21099094
2171465
5289903
5085187
5231296
2207227
2894837
2918017
2932852
2366703
4263760
6570184
2359097
7403677
3321919
835913
2421287
1343626
7083329
23769227
2804838
1933281
3059340
2338608
3996783
39652381
2019156
21842906
6465512
5891647
1974554
1703588
36750895
2206735
2544837
8318464
3684244
4828909
8637598
2302606
5069538
2081285
2264404
4942277
2307822
3651718
1554372
2327397
3207628
6876251
3380132
1749383
3493309
2763981
17821869
11052675
2553384
2722185
22276582
2840163
3943442
23768843
23534237
3167329
22232597
4896861
3819752
6532259
3581928
4086485
2444677
3716934
3251237
5746403
1406629
1760795
20586585
2121272
21965100
3650702
10068073
1796790
2598975
26236132
1654417
4219632
3459507
2331657
3784268
33834824
12530298
2980921
