0
340500
465871
768575
588282
12084617
2332899
730835
395438
9972037
1620799
894267
1033194
485398
2932150
373122
1050090
1023065
789838
2098496
2064876
1234393
2933832
31457689
20440956
1423032
14609916
2672529
2223701
973063
621332
8381307
1261585
7547335
1310473
622189
1135565
12484393
21251824
3887719
1135566
997358
4654770
2413696
4623603
1487245
6798062
4380110
3029376
5328397
6596401
28684744
7133592
15485128
5707427
27660718
21494041
12602754
1055030
8100454
10048472
5846444
13653209
5910842
8022960
22472777
12600700
1769477
29952733
3762863
6433011
8089153
1805160
19114390
2576560
19095298
3223347
15200226
2146912
7042125
55382440
7827804
6621959
2399668
2591389
2934849
4472839
4393033
10841371
8993780
2309495
5427716
3737455
17564193
6487047
2605593
11528797
12946925
9806205
12771209
9320306
3413859
8566523
3175384
23022068
5371960
14690718
3414946
3208805
23085936
3819005
14312690
26340431
13272934
17506890
27241544
23342914
4242122
3814357
13435976
10496487
19041944
8597226
6856381
3939949
25915227
4216852
6525301
35374145
6067434
3209784
3203506
13038897
17144823
17422666
13035898
9998817
4681424
13050235
7037240
5274605
24911272
39410925
3303326
24848974
16476780
19624887
18177038
3802837
21616513
27424841
25158676
8084872
3863310
14712337
15871537
5591632
7200147
21437841
27309892
10552016
25838259
19260983
7857886
8663801
15840382
12921978
13154774
6767934
25482057
13420596
27625145
22401651
25815780
27926695
13984236
14232460
11741762
37368997
9550465
5678032
9125508
9253207
23021737
4516947
7406071
5500564
8685194
6102622
54633800
16762829
11921204
27584024
10701926
14635861
15448384
42898889
12808320
22870754
35772037
32344375
13208280
9095471
9796532
7199679
30473252
8766048
15424374
6839709
27923423
37761279
25300971
7631833
7681323
65420881
38635244
26386526
25331721
31083249
22197581
29387374
13140652
26051501
53651068
20666669
10134206
24180395
22008401
21261252
8126591
18869541
16388357
14725411
12626827
27709357
12114115
22267575
25110625
57080909
18226059
40765799
12786709
28011778
13340759
7680311
53552239
27139432
29443301
64777504
14700534
9712491
29720186
25466897
5402524
24379253
7268163
47889245
12588757
16634428
54638814
38885202
24540044
14023367
24179190
35159437
29154469
11679259
30015708
11335822
8322752
30511479
23838320
26402818
40521724
98559235
62324353
25932337
28009576
10381862
69455918
35631938
5027899
7946610
8913670
24873075
12002139
40878612
18094465
33419220
29647017
55195633
53790809
27270809
55563836
25645024
38804154
11602814
94311241
42377707
62712878
39768988
27245032
52246297
45226097
58184370
19507113
58436962
24353397
39398071
23744405
14447136
75091534
38330524
41964200
10554468
31776912
22271472
32835113
19880509
43563574
50685720
82634933
19300765
27592465
29660440
52868483
45852763
73749561
67988272
29133934
31080476
63166638
35754058
74031295
25733263
106208135
33219712
26740395
44384744
43852777
49377582
84881835
71247774
13645961
80513653
28011244
26300986
37554227
36113577
20394143
18148801
61876306
59037540
35016492
59954514
49075425
49289738
67331528
71562398
26067291
70253401
22783513
33847045
43101400
28999446
50118960
16617996
48691863
23257868
85107714
48636308
51507947
34635854
74334705
47298395
41818424
33666792
61273169
16332885
23174282
43215442
59163745
51620513
52427467
71237955
55865125
58510935
65864352
39407210
52572267
20417678
43091345
35388960
51919369
28972505
55738808
52074135
48987407
25025018
54939008
100232266
38810550
18458074
50899230
43953336
62295530
74963662
18494152
31219365
34246871
128698910
59537389
13302018
37977257
84947830
34214759
53386792
50166447
75183940
84185829
26700971
22658133
69687677
57140703
45922781
29716889
82573410
46514028
75847343
34292909
48447016
73774692
40670181
114613254
81831329
51026962
37369652
87804108
56893690
22445451
71735788
73716565
62990631
137603183
51054985
100549021
30140923
71117235
64874352
99402309
23001344
65268463
16034211
23143645
120302333
25030170
48200892
47327130
72173378
69475170
89196731
20448630
90863676
61150330
64395847
114953829
96382137
83557033
33271524
87416701
87750977
46460073
54130020
78682294
44532659
70939247
70337050
36227151
20608848
56315477
51899551
36929477
56584736
63760124
141589494
44424315
50729739
28581049
70905589
65750027
126067462
37452578
65018191
45222957
89998650
122689512
109180237
57952485
78871767
56567467
62553635
101705502
81139742
95665347
84825618
79123961
90068503
81479602
103117377
83471850
66022373
71993650
80180029
64205711
55304139
58516715
62066436
66743661
61291503
53367094
63357537
42468195
32249375
68654243
67989715
52038818
123182395
102174036
90169943
62765410
28674652
106469139
64715380
99474543
54671759
120859756
69386600
117981547
65571447
173277877
252543856
85093922
40743972
68869232
150256461
145964410
69473009
41979871
80341313
92936650
65187654
69340042
126792564
54942290
33616695
64782632
87979053
159599130
56921302
139005659
105802231
59557582
105310267
84870668
93827381
32064783
84681339
110699066
130352416
56363500
88299879
62291226
81911718
65441955
144342915
91713668
68068037
147404243
63765144
108848735
63715404
126164630
106091167
136154193
105214506
85680259
48234020
56013291
54940733
71327548
49498795
182361131
126579861
123285543
103678304
65628681
71863496
56072115
199156671
126582039
105475069
102752484
98622602
24090685
106225482
33658835
86089463
171044285
160701439
207030865
84794890
119676886
156469141
117443261
65237297
144685028
103488208
25546398
63476568
65939672
75492937
199604086
72551331
116807785
122553917
130959875
68061116
134970043
129331824
81996322
126440059
93885958
81415398
87114416
94554053
113397819
98303511
88424750
66169684
162428317
74774566
180064754
77419443
118832164
125034420
106252190
159883556
55309371
98933605
52299864
99057229
34987241
83089751
80839979
111792212
88640512
63666341
33924526
110887718
130498396
105784314
105995414
106099103
134495751
116660359
97296105
87229272
153403719
133809055
73161145
77915088
106996461
69867005
97083241
129638256
160487555
132841123
123590302
67181567
147683871
53907435
110529331
66153002
204091604
61585085
77087062
131554700
105181977
167743944
100244805
174297985
59870860
63728074
134797250
144432669
66728376
181418233
90469736
76720159
98465625
133679498
184100705
269240136
60965681
133316408
110322449
131268553
89198701
150640251
167797217
203955941
120979263
101299277
152182434
74443327
141278912
134770622
88157967
113077083
168686323
93231936
149629052
97520907
100538792
193906918
104736004
96235751
86417224
143282441
131122506
219377284
46511791
171917984
169358526
166091872
85523524
123828786
87471947
80190327
138167251
94549932
111677838
82283300
113626168
113083415
101952587
194389086
118192659
221723641
143480668
210910072
140230576
160210065
177156162
118826122
40951543
132601206
62268993
107537529
129085261
67899082
88099823
84238434
172758109
118715214
127208045
155693338
193194170
116085655
104256074
123897978
69431584
124850024
80687618
221174548
143058893
127346424
129931725
159985358
151103765
152879092
67539912
177419923
175878746
199396468
167913330
161827814
83216566
75778891
122134086
144860552
163215423
118250407
64282024
130084271
170010124
96602767
104223461
167222449
137721500
98643843
162636605
128536331
144516690
72527016
181299171
193191647
97953021
143511836
103923338
153000161
156005284
94467127
144473672
96339135
121001066
109182926
102984768
182372947
220429317
174378846
166673114
165588377
196637428
365648867
128387006
63404487
151796309
115373992
105369644
154875593
181976902
220749246
121497689
204173869
228831525
157191549
133259363
95627484
106702643
113043504
153814932
109129532
144346235
193248529
209247098
104822299
102710450
121676747
131336601
144009614
82563995
174311242
164930085
131887154
136351672
112296043
170981269
241416839
193519566
100119941
143424671
177450352
175217447
128201387
223626224
217384662
173305128
253074253
186541429
74779409
164308743
72068080
195464989
124929840
203896310
173975756
156609500
250292649
228241906
207573887
130705804
227620751
168001549
196090168
135008960
141712705
132444188
86004630
160114082
192388301
195616631
205198302
194678908
166947469
138356515
137473702
220330819
117066458
274496770
148639958
172010757
175003782
264682630
161989702
134930651
177854364
144735651
207680601
179113210
225587243
186786178
87293638
241330238
177470788
192636761
193087748
178745290
190722198
96074120
171876829
243841207
143837671
244566852
158175484
180187492
131619991
131384986
195416891
269708731
304087098
197928185
155663129
302494186
173241233
232588853
115028210
232696066
206268316
222797842
185493704
184473034
150542963
210825639
146292952
187822971
197321584
120771752
184453718
169327106
142949373
160553813
136837292
205329369
184373596
279206449
203400948
284425215
160657286
189969881
144168644
170597605
216710618
189198586
163301209
199808719
229459792
162290692
91123801
245715818
115115441
331050889
368767036
60016865
258622780
239290243
332689726
198687968
139900475
185595887
258723170
204715366
289411763
313794721
274562252
210727690
193239270
212356897
174355133
238864893
192913820
125734636
226435433
198632483
172082254
316072230
188210362
176048830
159328188
174679594
