0
1366
1248
1124
834
361844
2216
527224
1010
3000
681
971
1001
938
824
1354
1159
2297
979
931
939
962
1080
1610802
1026616
1007
1691
832
632
956732
18701
1075
581
607514
1357
5707
1586555
1656375
2634
914
1356
635942
404438
870
669734
1143376
6412839
1607
1215
3467265
1244
1266
2023
1203
1174094
658611
938
1230147
586819
1347
444687
471214
1343
520904
958
2696
263289
533378
552889
9511618
7279701
331632
1229115
321390
12490523
483968
1030
8204434
1055
491563
1427
2059285
902598
1305
2609020
1283
1048
2591148
2532
1679173
12005345
3169144
933258
1001
58397
69798
890
2380794
1169831
2359877
927
1141
1793085
1477380
1639
2829
909
7857190
799
241076
1429
1322
1305887
1211
989
573034
4081071
1484
651422
768588
2655678
897001
463164
683577
1007
1068581
1611
1397
859880
492896
1449361
1271857
1363998
206872
430042
1232
894965
1108
764776
1242128
1852173
955
1602231
969246
1051
15843666
1108126
1608
1245958
1179
14115346
957640
61206
741377
790
6517528
43585
3206112
529
771166
1905855
3924846
1532889
1745738
761992
1507
589506
3467836
1074
1848760
1151160
884154
1690583
3036189
1678
3591026
14244486
12462454
1158
2764034
1153
1153
13164129
2247917
1612849
1286019
1771068
461094
39482
12381256
1125
928554
1978198
2235984
3323289
1095761
1274557
2457111
438614
630546
811627
2533592
1172796
203327
667796
1558418
1282715
982684
1248798
460993
988620
2091716
1921469
459600
1229913
1057
470922
732564
2044475
3371420
1677936
968
182773
2208
33809020
1010467
954
1057969
1826807
1280576
878976
3058091
1188003
1709602
18585942
4465374
2313949
2200594
799093
13237498
2643394
3712391
522262
2214142
4231398
2409591
396835
1507
2254031
3662494
12604262
717759
1267009
758645
958208
1262503
1016696
368721
301466
546789
1318
1831899
1057582
1252961
886106
25477334
2687389
568894
1818483
88306
2646
2164958
1035584
4675607
2295493
1859582
1628
1433791
693094
873277
1275899
5544852
1097
1941359
2028568
3878172
1242761
3638067
8772055
1046001
2385319
4631915
2035159
3000370
12371791
3935734
1791503
1733627
3223939
545279
937313
962935
3143202
5432631
24974505
958730
2044735
1187838
2350950
1305487
2602913
2320432
1257802
1169
1820074
19253682
640612
2639308
1776366
87658
2861014
725932
4541926
22980757
1618907
23662415
1956927
2806152
2718336
2031061
2157820
1170517
2799326
2614050
899088
3341544
623598
1954210
2930061
430719
980
17477967
4057466
2563359
58841
702467
37457208
7794950
8629686
436613
2151499
2336165
1545
1440425
267149
1345424
1609394
3555594
1821879
2335757
3186688
2022488
5058701
1101399
1439930
3937984
1366903
2184042
1938722
1796113
1932337
3340825
841771
1609971
1869190
4617929
6849503
1165374
16587215
5206244
916237
3450199
791
2093578
838087
5110286
1033832
3525255
1576862
7729726
623335
1559017
3423812
3414330
4695440
7097047
1251774
1100326
29735295
1182057
22558144
1444282
17451441
4470712
3302188
3876586
2280627
623666
1143406
3239739
967
166939
1939254
3690105
2955333
2920580
736121
833400
1681718
6285115
1228000
6394833
2100787
3315044
3022376
2012913
3373273
3263052
478724
1664
5408434
1269
658775
2465998
544780
1623254
13189957
1370179
3127158
2279999
966934
5317825
6973841
2775445
1499182
15391992
2661695
3387485
3110621
877742
6401752
1098
1731284
4641998
2274056
466570
4625655
1333225
25069721
5510136
22825764
2264129
1046
2889584
3916758
3449979
785110
5225111
2401001
3567311
2556475
1346537
3700612
2160641
3432983
3953826
1047688
37233792
3603326
4944982
977616
10219400
3150244
2390334
16901413
2629301
18015712
4901859
4670466
4153721
4272134
7457452
8150933
17107608
11827188
4878204
23086108
7240199
1445
3456969
1840027
2444897
3159488
3125116
18657876
20753027
1068642
9713346
4447046
8767463
18098098
8299664
3920367
1751006
377697
11124688
6003834
21618709
6735773
10865303
1157128
7334468
316263
10859231
4666672
1366415
6278346
5120952
2294153
17014267
2458628
12707077
1584
2095691
3618811
8187836
16202850
1722956
2321154
1976174
1090225
7998394
4452960
2497356
20838107
7425611
3738699
5710993
542007
9832067
856331
4612368
18598249
14472054
7897882
2182337
4893159
5768835
11398503
4513273
27013884
2895896
1478703
2017185
2704948
33908142
7062572
3696188
980267
1789536
2021670
578131
1721863
4726124
4112888
3987039
17448959
3624101
3704402
18830213
2882952
5695807
1727562
10135077
4895930
13968857
2480193
2869311
5155907
2197379
3485168
6194088
8210907
3106911
3011783
1834984
8129105
1498670
2327945
8179904
6379439
2651556
9790557
3965822
2847200
1279
4123302
3599203
4675491
1709463
3102610
29344356
2354483
6436263
16131886
19599683
3972740
2595652
1853460
677969
6507142
1168864
6257849
3776049
4041688
2530563
3800661
3949463
1223872
1850589
2972577
10917932
4718341
2859589
5640411
10612445
3566506
17458541
1481599
5639521
6271431
4170215
4526304
17342254
1739702
5990640
1120617
3062511
3260463
5087041
12172611
2591828
3698037
3958210
3053175
4370402
44641752
2500526
6159244
2848031
6035029
5372186
4031247
2146382
10053432
2240602
14618907
1528852
4153659
5378230
30966899
2015704
26347990
1641602
9441500
9513436
6255878
3993050
3347982
13733453
1625036
31666173
9253896
917589
5434380
1972281
21352497
10873393
3987727
1004939
5015305
5593383
2915525
3268702
10858684
691258
3844703
4926546
2803682
6202738
4724010
3127080
10569609
8133080
20765244
8298478
8508840
6471854
3787363
34032908
5589960
4467024
2438804
9988594
11421266
2493925
4275083
4010792
2290449
2957144
4331787
10969603
18802148
37289541
13719507
7523296
1136320
2464316
11682963
14470321
25792397
9198241
3256444
4457252
10818405
25153413
2849513
3379961
1330562
6793601
2613521
6314250
1518745
2593913
13183161
4207038
2335343
3697581
5358247
6910399
17120256
3824376
2592824
1288484
14795583
53020000
3592345
5171923
3582371
3903909
2754010
8544021
8662740
3811283
7244086
4689438
7967833
8684371
4357135
3928508
4256427
15251848
8890467
3052565
2792539
3062965
34781867
2949319
2410960
21695497
7071191
3475406
49217927
27424900
3376464
11461400
3254167
2854021
1720801
2338158
24328481
11903298
20563040
6392219
6437885
2077963
9798653
3520692
10796945
4276423
6961748
18576689
4908943
26699434
5509223
3069480
4738057
13898963
1649444
2301605
3743752
3135803
5587038
4403504
11387371
8783072
4860254
20525537
12661661
28796108
1589618
19831501
4015140
3933702
17732047
1973248
16737310
3154547
957224
8077693
34567537
20538446
3163235
6800700
585877
27499201
16096166
5000000
3392034
18857480
19136876
3740278
2378269
3302349
22684703
9533770
3308470
14201556
17944610
5028755
24463062
6335510
3169782
14359893
33822289
14983046
3199141
1765049
2561082
17557875
4929443
25086774
4288815
4011573
4649904
2533221
15610387
20023503
1444172
10266212
3615799
25703483
3335550
15952346
4280961
14734093
22295498
9726934
6200047
2819360
3664057
26630684
30205122
9904365
1851342
3068800
15696937
3142025
2425378
3818109
2114730
13316747
4446851
18214987
5859741
2332390
19076326
2210192
3401136
2592183
18413071
5076385
9629461
6110487
4042788
7335326
29938208
7845199
8489265
22397038
5613402
37863858
1259138
6794114
11331573
17133335
14400340
18858959
7796229
7483324
4562733
4187637
18613058
5934861
7637138
4880179
2302780
6947098
2600676
5783823
7110027
16902681
21591886
6813078
4419570
4536247
3126953
2563031
5015614
3766613
6902513
3867335
5541509
18603373
3848382
4992871
3174941
4587613
1783450
23451121
4377444
53794540
23840653
12388586
4667444
2832421
29857786
4457816
4927805
4216054
3149248
7230819
17208537
27856232
27224523
13789649
3924633
1513882
4064907
3488228
5166908
3369517
2271694
18907863
19324607
12296875
9333103
2930645
20842869
6267815
19705474
5442499
2690032
2908188
2956963
5119887
21259821
15057733
10813492
2037915
1836198
24753124
6108831
3922684
11305296
2180923
7269944
4419463
7066859
8369622
