0
0
6047
2195
0
9858
0
4221
4052
971
1558
0
0
3611
0
0
0
506
5460
4987
2901
0
4246
8275
0
1863
3969
0
3064
0
3019
0
3394
7238
0
7028
6302
0
2125
6077
0
0
581
5697
1254
0
0
2787
0
3785
2763
2223
1255
2479
0
2059
0
11262982
0
0
0
0
0
6984
1547
3630
501
7237
0
0
0
1744
0
2949
0
5358
0
7157663
7772
5589
2801
3269
5378
4911
1139
0
0
1911
3023
9979
940
0
0
0
0
1463
1415
1734
0
3233
0
0
13934
2711
0
8449
2957
4561
3033
7072
1995
13555126
0
110886
9744742
1130
0
0
3786
0
0
4737
0
0
0
5134
3139
3040
3760
3792
3232
3787
0
1365
0
1845
2451
0
5361
0
1798
4296
0
3435
2325
4160403
3296
5780
29212377
0
1484
0
4225
3180
5029
0
1698
4102
3440
0
0
0
2867
0
3598
0
7285
0
3418
0
0
12453
0
1202
6466
0
0
0
1714
2636
4789
4707
4104
0
0
0
932
12662054
1560
5268
0
5593
0
3295
0
3291
0
6094
0
0
0
0
2228
5378
3842
519
4757
0
2556
3336
0
11019
0
0
948827
2750
1619704
0
1894
978
2265
5900
2618
3528
20158923
0
3095
1722
0
16637172
0
3372
1200722
16579835
3747
3540
0
0
4891
5546
2053
2166
22849959
2436
5062
2399
0
0
0
0
2723
0
0
3208
0
4080
0
0
1898
1240
3247
2065
0
0
0
1499
1350
0
0
7620
14692
23830318
6894
1696
2401
0
0
0
538
2546
2618
5015
0
0
2176
0
0
5004
6978
7887
4176
0
2118
9768
1642
0
3089
2546
3644
2346
2935
0
0
2666
8344478
0
2567
4371
6415641
0
0
12561
3165
1992
0
0
607
3700
654
0
12450
7512
0
1249
6748
0
2256
2147
9785
6486
5064
0
626
2279
0
3868
1267
0
29083362
5156
0
2675
0
4322
4825
0
0
0
0
3984
0
0
0
0
13826459
27581280
2568
12398
4009
4489
0
0
2440
3499
0
0
3710
1909
3608
0
6275
1984
5281
1301
0
0
4133
6336
0
3294
0
2488
0
5687
4133
1187
0
6896
2148
0
4598722
3499
1404
4260
2478
6942
0
136824
1291
0
0
0
5473
1854
0
3843
4310
0
3913
0
3632
0
3707
2054
7057
9118
6804
1742
3045
0
3298
6992
569
4880
0
2868
0
4481
0
0
0
0
0
6329
0
3239
2661
12765
5340
3494525
1636
3050
1542
2672
2337
0
10225799
0
0
2029
9466
4402837
0
3749
4059
0
0
2928
0
2097
1541
0
0
3140
3252
2296
0
2524
0
3508
0
3325
6086572
1285
0
0
0
4560
0
3646
3059
3261
4004
1319
0
1902
2111
1686
4207
0
1295
1660
2303
0
0
0
0
0
6457
0
3561
0
1838
3308
11502
0
1372
2375
12656318
3199388
3007
5460
2670
0
0
2346111
8267
3013
6122
0
1766
7524371
4168
0
2708
0
2340
0
0
2702
0
0
1158
0
12994
6077
0
3035
1818
0
2965
0
0
2189
0
6120
13909822
2535
0
4071
2221
3645
10214
0
11701
1431
4240805
0
5615
1600
0
0
0
0
13724
3618
0
3225
2313
27103
2669
0
0
1265
2751
5970
0
5695
0
882
4917
0
0
1199
3188
1793442
4741
0
0
0
0
4292
2408
4332
0
0
2584
0
9218424
0
0
4876396
1925
453
0
0
0
846
0
0
0
81986
0
6156
1292
2413
4921
3047
0
0
0
8995
2430
1782
0
3406856
10887
1069
0
2967940
3190897
0
3065
750
0
2338
28124838
439
0
3981
0
8200304
0
4001
22320859
0
0
0
2764
3075
9552359
2821
868
5962
4585
2239
0
0
2894
4112
0
0
0
2504
4111
3289
7481
1833
9304
1404
2255
5672727
0
0
0
0
5247473
4688375
14110292
1443
26287810
0
0
7102545
3246
0
24750442
0
3520
0
15416104
7016
2864
4835
0
0
3025
7469
0
16883466
548
2782
9051428
0
3017
3089
3330
8899
7000
3440
0
0
3757
2857
0
2105
5812
38451495
0
0
5933931
3208
1020
0
0
0
1748
1920
44852353
0
13050
5300
1985
2902
7514268
2471
2273
12782719
3375
21399
4577
4977
10083532
572
0
0
0
4493
1000
0
3514
0
0
6017
4478
0
3055
2516
0
0
1343
0
2800
0
0
2906
0
0
4914
0
4581
1148
0
7400685
0
0
2372
1435
8704
0
0
5224
5595
0
1398
14858492
0
0
0
1560
5559
0
1233
0
15023
4873
0
3632
1358386
0
0
1447
5118
1472
3749284
0
0
3260
0
4740
0
0
0
0
3135
0
0
1482
1886
3081
0
1875984
2398
5451
0
2899
24664506
3202
64148313
4269
0
6054
770
1746
0
4105
5111112
0
0
0
2970
0
8778
2843
20622040
4399
4272
4172249
0
0
5803
5242
0
10943249
0
3846
115602
1844
3096
0
0
7881902
4034872
2797
0
2130
0
1899
5042
0
3313
0
0
6120
16044717
0
3725
4944
0
1606
3023
4789
0
2653
0
33680
2091
0
2658
0
0
1435
5859015
2053
3382
0
0
0
0
0
4112
0
0
0
1157
0
0
3027
3234
3009
12278535
0
0
2637
0
2516
0
1057
0
0
10703
6440557
1271
10811195
0
0
0
1251
2318
0
0
5903121
18623798
2347
0
0
3194
0
0
3641
0
2662
0
6583
2291
2515
9113
4837946
4775
2381
0
0
1462
0
3007
0
2460
51301
0
6886
0
3161
4538
4849
0
0
1738
0
0
3090
0
0
0
0
0
0
3633
11301937
3788
1473
3859
1604
13919126
3480673
0
3434
0
3623
5667
0
2341
2068648
998
10968
5930
6295
0
0
2064
1876
3110
4178
3841
0
18697789
0
2165
4277
0
4738
0
0
13262525
2806
3362614
0
1561
1690
5203
4346
8507
9642
4937
0
14045282
5086
5593
0
0
0
0
4824
1793
5142
0
18764386
6333847
6601
0
3222
0
6718
5332
8883231
1806
4462
0
0
4071
4620
1750
0
3195
1305
0
25351921
3258
0
0
0
3154
5920
8394706
1950
3175
0
3867
5868
3121
0
0
2507787
5707
14120863
0
3540
0
3781
0
1716
0
3632
2271
7710
2794
18403204
49709250
3480
21027256
0
5239
14354053
0
0
2289
0
23338568
2689
2001
2459
23537983
0
0
0
5485
9488
0
4493
4002
0
0
4835
916
0
0
0
2218
0
1883
6656
2804
3692
3618
0
0
0
3484
3563
0
0
2374
1671
3281
3219
0
33536676
7211
0
0
0
5645
0
2989
0
8435657
9722755
11609009
3597
3244
0
0
5500570
5695
0
2300
3590
4070
0
0
2840
4797
0
3488
3987
5593
0
3592
10978
0
7918
6534
2938
0
4145
0
9466
0
5533
0
3496
2135
0
0
3724656
292063
2457
0
5063
6908
0
6702607
9546167
4438
1780
5609
5601
0
934
6012921
2347
2750
2600
3236
0
0
2263
3875
0
10796
757
0
2630
2161
1454
33971187
4228
2372
4528
0
1041
2048
0
2207
0
10565
0
144430
0
0
0
0
3041
4438
3136457
1874
4621
15353222
3212
2875
16079710
0
4580
1566
0
4896
0
0
0
1411
17047
2015
4091757
0
21633249
8277585
2989
0
6032339
3918185
0
0
3832
76549
3603
0
0
3853
1351
5460
0
2486
0
3570913
2990
0
0
0
1207
3624
0
2590
0
2716
0
3533
0
2722
4783
0
4380
29925
0
0
0
1862266
0
0
0
1382
0
11151659
5329
6660
3510
0
0
2767
0
0
0
2576
0
0
3013
4625
3356
1621
1568
9105
10809323
3045
5973861
0
4810
29759622
0
3717
17580669
0
4872
8917
6219
6821615
4448
0
0
6625
4427
0
18574546
7215
0
1185
1694
4788
0
0
4402
0
18476104
4500
0
0
0
4328
0
2091923
2942
86128774
2767
0
9583
0
0
0
0
28613800
0
1445
1169
0
0
4813
0
1239
1888
4226
8651565
3316
3542
4469
1791049
4239
0
0
0
2526
0
4488
0
0
18450129
0
3086
0
2901
4320
2188
10186202
0
103297175
0
3326
3834
23568429
0
5631
4980
4274637
10524
0
0
10623510
0
8501765
0
0
7153
2139767
4514
3086
2221
4154
3059
14097792
1485
0
3959
2259
0
11825235
49298
0
11104038
2846
0
0
0
1638
1505494
2813
0
0
3456
7468561
6418103
4435
7488951
2296
2426
0
11370402
16845
5563
1521
0
0
13802
0
1770032
6974
4527
4477
2492
0
4077
5220
1051962
0
1035
1579
4705
0
28787896
0
0
8787277
4691371
9071
9705
12328075
2127
0
0
0
3653
2462
16120402
700
3994
2746
0
0
3330
4338
4767
3804
2735
0
3117
0
5328
0
0
1207
6826
2362
0
2853
3717
0
4527
0
0
25814736
0
108641487
7433305
20342483
3838
0
7569
5636012
0
6818
7195388
3922185
4116
0
2576
4228
0
0
0
2957
2859
0
1655749
0
14988807
4352
0
6421
2069
32585042
110372
3840
4140
0
2958
5880
3356
1127
12610697
3439
0
5383
0
2019
0
3439
0
29523179
0
5930
4975
0
1909
4795451
0
4266371
4881
0
2099
3501
2642
0
18886157
0
23535724
0
0
7619523
12707793
0
2007
1624
0
2762
0
34514812
0
1862
0
0
2368
4863
5202
0
2193
0
0
0
6020
0
2298
0
5359
10234861
2975
3591
1979409
3594
0
0
4068
0
2855
0
5078750
3541
18682484
0
0
0
24645
0
0
5905618
17881
13033728
0
0
1363
0
1776
0
795063
4064541
0
0
12168242
0
10938
0
15199136
0
0
3729
0
5821
7709
13052
0
0
0
4571
4055
0
0
2714
9683
0
0
6735
3693078
2376
0
0
0
4717
148368
0
2955
2200
24230
1325
0
3677
0
0
6866
3578
2388
3281
3169
0
0
3005
5250
2877
0
0
0
4012
2191
2843
0
607496
3250
0
5803111
0
13490078
1303
0
5386
5265
0
9379969
5576
0
0
5090
0
11561649
10216553
5253
0
0
3160
0
0
9360
12433013
18562423
9296461
13363072
5344
4603
6886729
0
0
28203915
1613
0
1852636
4285
2541
22252958
2432
13892029
18409583
3728
0
0
0
5399
1151
3201
0
0
0
2268
1977898
0
2600
5210
2470
5795
1646
1443
2540
14301131
17591
7643
0
4559
3060
0
0
4635
0
32507356
2250
1059497
0
6904
0
11146
2692
0
5210
1418787
2337
3607
2475
12214
7972037
16226
9492
4954
21795857
1325
8050
0
1067
2442
0
8315
2337
0
4755
5150
10217
2798
2536
0
15105038
15225909
2411
1309
0
1596
4306
5096
3448
5073
5729
7103
21097474
1100
4213
2104
5123
0
2471
4634869
1541214
3772
28722304
0
2050079
22587227
1478
3849
1537
0
0
11656935
0
0
0
0
14325
2440
0
19537763
4131668
5800
5990
0
1337
1366
0
0
4310
0
4201
4416
0
2416
5053
0
3304
0
3192
0
13961233
83721426
3516
4675
0
0
0
0
2142442
0
0
9829
0
0
9129829
953653
0
1537
0
9717900
4171639
2726
14606378
37408669
14044896
2612
4823451
21397437
0
0
0
4606
0
1042
0
2828
5677
4639
1977
6711
5592337
96243737
1275
1985970
9300
0
1691
0
1779
4160
0
17509055
0
29074078
0
0
5251
0
2285
2880
0
1148
3617
6487643
3110
2915
0
1463
1461
0
0
32294261
6122
0
1347
0
12449
11751
7908
0
0
0
0
11404639
0
4368
1722
0
0
18370012
0
3778
0
2042735
0
1445
8004
0
25889325
44087551
0
3500
12889381
3488
25413039
0
3567
4056591
0
3831
1208
2926
3922330
2157
5457
0
3083
0
2070979
37929485
2331
0
3901
0
7472553
43769954
12977971
0
0
3293
3997553
0
0
2351
2188
1136
0
0
1440825
0
3861
1982
5424
2035
4575
21374157
6204115
15578106
3370
2972
88018527
2547195
4422
0
5284
0
0
0
0
4793
0
0
4908
3664
0
6691
5592
4943
4210060
0
1171
8951
0
3364
5092
7471
10162
5214
5792179
0
2716
8796081
0
0
8115
0
4872700
0
6227
0
0
0
4796
3017
2833
8634
5544
6694
4672
2544
3937
5864
4217
4441084
1630
52327084
0
0
2816
2506
8368
26879845
28937049
0
4840
2946
152434
7742
5316
26034248
18557
0
0
5493197
0
3472
5461
0
1330
0
0
0
50941201
4947
10099190
4171
0
4386
26188554
4512
0
5692
0
4211
1179
0
0
3446
0
0
0
5120
3329
5480
12303609
1899
4294
0
9951
0
0
0
0
3676
0
5354
0
2861548
0
0
4631
916373
13217487
5141
4101
0
7901
0
2083
0
0
4825
0
10251
13907656
2211
0
0
5013
5498641
614983
3735508
2323
2183
5330
14474026
0
12209685
0
3663
30862398
0
1403
0
19437825
0
1818431
0
0
1939
3379280
8676
0
0
3301
0
1498
0
0
2585
0
2792
0
13853541
0
6082
3871
0
0
7741814
0
3839
4943
3519
3653
3423
0
1035738
6118
4114
4737
2271
4465
2229
3418
804951
3766
0
1167851
0
0
2517
3349
0
2049
17773001
27413555
2466
0
4702
0
17999872
8867
0
1555
10476451
1333
6880
2102
5454835
4175
0
32680
0
0
65085141
3914
30488361
0
29291791
0
4769
9661
7020802
5321
13848689
7262
0
10156040
4259
0
20390343
6143
4462
5605
5633
0
27286159
3781
0
2621234
0
3130
6194
0
3157
1018533
6363
1793809
0
2202496
6646853
4167
0
31669847
3682
5417
22606271
8523349
7968952
6457
5383
0
4628167
3355
5145
0
33200191
4108
0
7147
4087789
0
0
0
0
0
0
2720
3512
6654438
23536441
2023323
3703
0
3125
0
0
2226803
0
0
0
2109
3004615
3093
0
0
0
0
0
1259
0
4392
4254
7315
2974
6509186
5584
0
25208938
4489
1612
0
6140
2193
0
4881
13189846
0
55595737
103647989
9245
2448
5417
0
7357
2833
1800
0
0
2642
2494
0
0
4537
5812
3877
2693
6795089
17966074
2061
0
4961
0
3869
5419
0
3326
0
2839
4941
10927492
0
3510
0
19826
0
0
1317
3141
5368
0
3815
0
29545561
8010008
5509
2969
0
0
3484
2115
0
0
10286
0
0
3869
25181754
0
2686
14647863
9484
0
6798
6926
0
2301615
2879
53293
0
3430
0
1533656
0
14141142
3998075
4566
15699493
0
1484
0
739718
0
3041
0
0
6136389
2273
15747526
0
3013
0
1940526
2470
3173
1672674
0
1269
0
107684413
0
5702604
4711
0
2735
13505
6106
0
0
3773
1748
0
0
2895
5852084
4438
7892941
46943419
0
0
21031813
3976742
4222
4378
3415
2019
2235
0
0
1927
3450425
0
4482
10601537
0
7941
13696733
0
0
5547
0
3091
4884
0
11656445
3082610
9694252
4785
0
6055100
17626870
5307
3952
50386587
9330
0
9748357
1443
8259259
0
4846
12147826
0
2346
0
0
6936
2135
7698
2886
3910
5709
0
19932646
2243
2727
3997
0
0
0
3460
0
0
0
4347
51728398
0
0
4510
0
2951
2027
0
2651
10071901
7978
3040
0
3432
0
0
0
1556
1376
14755
10827469
14774744
4608307
0
0
0
1641
4452
0
0
19111456
3398
2217
0
5924
4796718
3611
8625200
24730994
0
4761422
3767
16431
3689546
4450
3965
3246
3228
3363
0
2766
1146923
0
0
5367
0
6929322
0
0
2881
5299
4332
2133
2067
2798
0
2941
0
0
5703
16660184
6173
3180
6552
6195831
1484582
6773
4654
2405
38023313
0
11488327
95353497
3115322
0
0
19562655
4139
4385
0
22887419
0
2099
0
3861
5262
4921
6377
0
0
1347
0
4366
1772
0
6419226
2948
5424
8177
3742
15369
28333824
2405
1920
4219
0
0
0
54703275
0
15303656
2362
0
4211661
4869167
0
1995640
0
0
0
6351
0
13330652
14224454
7463
0
8288
0
5909
38761
0
4225839
4281
8852
6369
22396
0
3286
18702630
0
2676
0
0
0
5106
21059166
0
0
2191952
6011
9277050
8332
0
9678479
11543444
14279
2405
20368379
52293940
4358214
0
2837
0
4659870
0
0
25946582
3558
2983
0
5917
3555
0
36570538
15635787
3957
0
3816
4224
9807039
14685808
0
32826636
5118
2991
0
0
3468
7099
0
8795873
7149
0
1511
3946
0
21054103
0
22579020
100233127
3219
38822936
0
431928
15355994
100712761
0
13583
38645483
3615
2598777
0
0
0
2167
10340921
32043791
0
2580
161611772
0
3903
2428
0
0
0
11570
2901
4956
0
15104770
2548
4833025
4727
3929
7485
4458
5587
18721431
0
0
0
4085
0
0
7600
2855
10990111
4153
1836
0
4933
15380078
4426
0
5134
2242
8668
10099219
27382714
4152
4652
8924460
1553
1042543
5835
23808628
3865
4447
0
3554
11484680
0
4853
0
3706
9215227
6650
0
13723744
6089
5872
27836658
0
5300
0
21244878
5584478
3829
0
18265800
0
4151
31228767
0
5320
0
12489741
56922377
0
18962362
2618
14612622
44301559
2885527
0
188893
21402819
5846
1760
1679090
0
4018
4443
0
0
3233
6914
0
5480545
3393
12692738
36865045
6879
0
0
0
20859812
0
0
0
2641542
8362
4020
0
0
0
33550518
33481290
21681185
0
4546997
0
0
0
0
16463342
3336
9447746
0
3584
0
15283063
5930
5601058
1015
0
18414861
0
10216654
10809277
0
4332
0
8464661
34528967
3123
0
0
0
0
0
31684434
2288503
0
0
2003
14944842
0
6493
11341
86365523
0
3777
0
7176
0
108856465
0
7349
4021
0
2847
1529
0
9976333
0
3464
6387
2700
3542
0
3529
2951
7505
4299
0
9594
28797187
0
5192
0
0
28137045
5675
3818
6436
12036149
7604029
2896
0
0
21381050
0
1979
23155684
6369870
2905
7005
6378606
0
5432122
13757613
4858583
0
0
0
4654
0
4420
0
3390
0
7194
0
0
0
6391
7822
0
3851
2534
432379
4172
0
3263
3470
4133
2274062
3609
0
0
0
48965656
0
7964033
28916059
4337
4080
0
2564
0
0
51871
1968
29757942
9936420
0
65237533
0
0
20428627
4498
0
20772522
1406
2251
0
5561
4516
2851
8571593
4697
6740052
2947
2079
9728635
10329107
0
0
15466154
22013905
0
1581
4568
2337
3565
2030
10336507
0
2865170
0
5466
6127554
11009107
3389
20109842
0
0
0
3422
3777
31873159
4419
5554
3166
3090
24942742
5019
0
0
0
14641108
0
28326625
2764
0
2890
7674
0
0
4240
7246770
0
19412640
3642
4145
0
0
0
2004
0
0
5061
2847
2594
0
0
3458
13626681
7706021
2437
27771403
0
30360072
5885503
0
0
10669563
18776385
9030829
1393
3170
27860151
3745
10215166
0
0
0
2787
68943363
0
2317
6098
4163799
4723871
0
92740730
19661
3391533
3730
0
13382918
2644
0
0
0
7989
14957371
4277
1459937
0
12835681
6095
0
4181
17164949
0
2604
2706
2603
27470615
12901816
3277303
0
2878
9084235
5557
0
4249
0
2125
0
0
1471
9850370
4595
11216960
49357541
2885
5816
3068
0
2349367
2649
0
0
6087870
0
3239
0
2702
0
11576400
0
0
55168751
5988
8921867
19886290
0
3135
4155
4743
3033196
0
1960
0
0
0
3189
0
0
11386389
24273416
65548280
0
35213522
0
0
0
8942617
0
0
1969
4759
0
0
184842
4985
2468
43447277
0
3361
0
4659
1652
4148
3080
0
6094
22295204
3793
0
7248761
2839535
0
1622
0
0
4932
0
15470316
0
0
24061424
31239313
161350
129786141
0
3007
6357
1423203
33987605
9993329
6726
0
0
3909
0
0
4041
0
0
2175
10004455
10032
6618022
21999260
0
5582162
4172
27084330
5583
20668504
0
0
5262
16551934
0
0
4505
0
0
14821185
16556852
21617272
1862
9202784
3891
167715
6094
0
0
5673
1199701
3243141
36115535
1781024
0
67076217
0
1552
0
0
3712
0
5988925
0
0
1632
6814
0
0
0
0
17523334
25728308
5293774
3640
2383
0
0
0
0
12821349
0
3976
0
15286423
0
0
0
3643
3741
0
33974966
0
0
16725433
2456
0
3460
0
0
34810067
16126467
4821
1365
4983
0
0
41284073
0
15328183
7542
0
0
0
3859
6250579
3878062
2979
0
35169617
8612648
0
3943
0
3914279
0
2536
0
14907013
4169592
0
3834
0
8497878
0
2021
26105672
25946565
7934147
428572
4963
7592
5681
1516943
5499
2488
10042
13964945
14141512
0
0
10837246
7400532
3696
0
3737
0
15342655
31007441
8546852
0
0
2784
4886
0
0
7511
10887804
9752
0
1501
0
0
9833
0
1467
0
0
2103542
0
0
0
100242093
4356
0
0
3648
6002
0
3884045
4390
0
0
24435926
0
0
0
2346
2990179
42602095
0
0
34139704
3395
2339
7089976
3606
3476
0
5359
0
0
0
264411
22877154
5387
0
2825
9751
11197781
4567
3423
2443
4994
15917896
0
0
4937
0
0
7028
1579
15490347
0
4363888
3688
40234677
1945
774
0
0
5861
300530598
0
0
10371945
7744
23428762
0
3159
2954
8053073
0
6920782
3404
5506
0
105002042
0
0
3464
13544985
0
0
1850901
31715251
0
0
3040068
7107
0
16673479
8893
15072418
0
1746064
23284265
2939
4041
1697064
3877
4733
19444786
0
3564
0
1850
28355573
0
46942782
6916
2677364
3761
3172
33336369
12719337
56651365
150114
0
17729926
0
0
12773406
0
3158794
4647183
6420
0
4105
3517728
0
0
25729773
0
0
2241
0
37182076
11693394
3505
0
6357
6544741
0
0
14527174
4493
0
7066040
4336
0
7217677
1814
1375
0
3214
4468
33255462
4430
6765
0
0
5451
4398
40431750
16955
10500556
4112
4388
0
18218996
0
0
0
658642
3887
6846
2600
6303618
0
2271
0
4927
0
6161139
20936490
30021407
1875
15261376
0
0
0
5181
0
23423683
0
0
0
0
6595
0
15160009
9986406
4810562
0
0
15303051
0
3333
30039065
0
3915
3523
2700
0
3684
0
3777
0
0
19438016
0
3564
4330679
0
0
0
0
1201
0
0
0
0
0
3543
4489
6125
0
5569453
0
0
7400045
0
12448097
3021312
5015
1669040
5804929
4479
0
0
0
0
0
3770
0
0
0
3408
0
3536
0
0
0
5597
0
10608203
0
0
1450
6433
4874
0
0
11182393
2821
33663089
20446897
0
11411
0
0
5898
21132400
0
4905833
3270
0
0
2681
0
5627
6839
0
3288
0
34638470
18363535
0
0
0
33369251
0
4495
0
4201
5126
40367768
0
0
9222761
0
0
40944621
0
6651
0
1878
0
0
4643
0
4711
0
3552
25077948
31869410
0
4549
0
374247
14842418
696108
0
0
0
18451627
5009
0
3237
2821
0
21269072
0
0
2039
7040671
0
0
2917
0
11147262
0
4402
0
5806
0
0
0
0
4388
8702396
3874
0
5683
3199
8967
1908
0
61393309
0
3709
8133
8746486
0
31311668
2381271
7920
0
4090
0
18676325
18568438
3909
2480
33245237
0
1955
67328543
67604257
2496
0
33097485
0
0
6781066
3735
4276
0
0
6034
2903
0
0
3966
0
0
0
0
0
4144
0
0
4488
5599
22837551
6407
0
13928238
9263
0
75666430
0
2327
6070
5402
0
28037552
0
45496438
60111464
0
25770583
8209
4262
1762389
2499
3835
23587413
0
24918174
0
9772
7116
2079873
0
664386
0
2529
39905530
2989
4046
12824212
0
1572
0
3999
23443442
0
746852
16938285
0
10961950
0
3378
5311
0
0
1715845
0
4926
0
0
0
21658840
2031
2904
0
2774
2683377
0
3216
2185
2679
4973
0
2501
3359
3442
3141537
2895
2837
158772834
2387294
45481553
33182731
0
5090395
3270
0
4044
28273581
0
0
8662
0
0
32674866
0
3481
13598026
41333897
4143
3480
6309
0
29164015
12491376
0
30727237
0
7625
0
0
5092
16811859
4354
13766510
3740
0
0
15619679
4368
21980148
22886973
0
0
8007
2608
4617
1862
14987436
0
92411520
2844
31370194
1497107
0
1708
0
3865
0
16565340
8415711
33147529
83122355
0
0
18994339
0
0
6692
2978
30590286
2397
20091558
3233
8106920
0
6136
0
156637061
5629795
0
0
0
0
5980
0
2119
12366
0
0
0
0
3478
10664
15567458
0
13474592
6258452
0
2138007
0
47040641
2892
41466361
13525
0
20780334
0
4928
34733529
4194
0
0
0
6680
0
3563
0
23667217
0
0
0
0
0
3795
97513547
5840
0
3743
25029346
0
0
13924105
2724
37661141
19374122
46872032
4745
0
4326
0
9122
2609955
205520
0
0
103647209
20688091
0
12411436
0
28530399
5030
27678469
3743
8139
2703
9071
0
3607
8358
1949
0
0
0
1483050
687090
0
0
3162
13170222
3063
3151244
5150892
2732
0
3785
0
6363
4053
5757
3190
0
2153
0
4534
0
0
2255
4918
0
947189
5407
11982497
3086
5552
7873
32948853
6913286
0
0
0
0
5184
6736
0
0
0
0
5417
1958
0
10552385
0
32452118
0
5460
64204631
0
2638
0
0
4410
0
1988902
9757834
4112
0
4421
14001450
0
84721494
12668983
15973719
4362
38191498
0
0
2785
10408503
0
39339953
5204942
3485
0
16150918
37938124
36710700
23540968
0
5228
4829
0
0
4546
49697922
4352
24294183
0
0
0
3278
5327
0
5028
0
0
26070
2886
0
3282
4578
30474780
0
0
268215414
6845481
11179283
3747
6150185
4466
5960
2342
0
3003
49250227
2953
3076273
4629
0
2081
4298
18371363
0
0
5773
0
0
0
0
23130470
0
0
10709975
11344
0
151253382
6983347
25910533
4178
6240
5319869
1506863
71666238
2437
12057501
2979
23425807
11565
81515175
74512437
0
2803
7389497
0
0
2524395
10203
19474469
23985125
1806
104494674
10052765
7833091
20130070
12890381
0
0
3941660
0
0
2363
23659901
0
4546
0
6072830
7808
3216
25108762
13808665
1800
4097
3250
0
0
0
4376
6102288
0
0
14099079
9171
3246
10127305
0
5639
3668
44506294
0
35753791
6836839
0
0
6187
18271177
3229
0
31946581
4159
8589891
3320
5213
2803
17910892
4732
0
0
2698
6335
5248
3051
9047
0
10101395
4807441
31387925
0
0
4805
0
13759751
0
24710417
219664
5805
0
13941588
630366
19486020
0
2923
0
4337
0
813378
2732
2520
1979
0
0
2746
0
0
0
0
867530
2652
0
0
3895
0
0
38822690
0
7035
0
3152653
4861
0
314585057
6269721
14286869
6191
0
0
2639603
0
0
0
0
12100315
48842497
0
0
4537
0
7276
4308
0
24521570
0
0
0
3725
7426743
200476
6971
0
0
7351
0
4816684
4154
3879
0
0
0
0
134533683
3369
5993314
2791
5858622
8133
0
3284
25378110
0
2286978
3927
7981
5568661
14209967
0
2235
0
117609716
0
7299
8199
20007303
2310
0
60742102
4605
4156
2750
0
11973861
0
0
43270853
5094
0
0
1373
18568848
18134905
2883
8296896
27465483
16489194
5685
4606
0
3714196
6521
75236849
0
83474441
16196880
5571
0
0
4165
5611
0
36545937
2897
37455678
46373346
7467472
5377
0
0
3418
0
0
7142
40257638
53781972
0
4786828
30726120
2637
8581131
0
0
0
0
2022
3525
3657
6379
9764391
3259
23321961
6860872
0
0
2304917
0
0
0
32452703
8269815
6643
8413
0
4344
0
13470231
0
9284536
5977
3492
935817
0
11647
12950232
13023494
4484
0
11325
5648
9659164
2646
0
0
37648718
0
4679
229576794
0
4035
0
7527
7916
8488430
0
0
4056
4621
0
0
20797563
373720211
3419433
2689
16336091
2109873
3805
0
22929530
0
0
47033750
8370175
27431595
0
0
0
8235
0
5523
27966080
4955
0
10062895
28104871
31355228
0
5650280
0
2600105
6775317
0
3863
50388549
16582948
4292
5493
5366
1785
9102322
4819
2027037
10226067
0
65831191
5120
2892970
0
11282096
6715906
4339
0
0
0
0
3770
0
0
18665263
7363
0
3728
0
6102
0
64978619
6744131
0
3179
0
0
38059098
14565625
2917
4518
25035772
0
3983
0
14849258
0
8680
14141987
3227
5165
0
0
4183
0
2197
6001794
0
5110
0
10319408
5565
13732654
52593010
49560016
76814912
3483
33036244
4821
2562
10000346
2358
3183
0
3138
0
0
0
39122105
3929
12784440
86101829
4534
0
0
1712
0
4440
0
0
7190126
16671977
0
5737
7961
3486770
2254780
0
13061376
0
18025840
0
4266
0
0
4759
0
9053
3394
9315398
4294
6419
12854047
2095
33204474
3039
0
60811473
2632
106355488
2814543
4914
0
3671
6240654
0
17410167
132138
2389
3727
4624562
34010790
6375
0
0
3424
3686
23033551
9659932
4460
0
871100
0
0
9091
0
19296651
38086
3864
4366
29680371
31355612
50552014
0
1870879
4402
4222
5898
40950798
0
2903
43082845
0
3174
39081595
3093
0
0
0
0
37595846
0
58964887
0
20630277
0
0
3324
3209597
4701
6757584
62668694
33275758
0
0
4316
21775811
10250557
10077847
6232
101005341
3132
0
2079
0
23926346
4267
11910413
0
0
4563
7664551
0
4925
19345277
9991149
9230630
48460238
0
0
50165913
0
17412222
23658943
4009
0
0
0
0
0
0
4716282
0
0
0
24598630
0
20379854
0
10046
15861672
3429223
2631
0
0
117705400
2867083
0
18431451
0
6547
4697553
11426596
0
0
0
84835671
3773084
105825427
7447378
14068380
170076
0
16703844
12522767
12806725
0
20726943
0
6252268
0
0
2307
3873
0
0
0
0
207829204
0
595665858
2914
0
162152567
0
0
19559754
4136
11197809
0
9822776
0
23936639
0
12230958
0
52564735
0
3795
0
7200680
5030
0
0
10717
4174
123055020
0
6038
12256163
17564549
0
0
2922
39765526
0
4643
0
740632
4558
0
6290
0
9606620
56962825
0
0
2803
1722
0
2177
5271
13201892
3901
0
3749988
49791535
70077
0
0
0
0
0
24687060
26190874
0
0
0
0
0
4296
0
3340
1676916
41196252
2682
2460
3354
14572504
4390
5001
0
13157635
0
9759
2630
0
2448
0
3989
0
0
62661889
3422
0
0
30723349
204257535
3117
0
0
4246
0
0
13601263
3621
6832
375082106
0
16557509
3440
2642
7730507
4560
12744659
11079464
0
28463000
4919
29505152
16484297
4340
8266082
0
3049
31047500
0
0
26022965
2818
3837
16697518
2462
0
0
4671
0
16908472
0
5210
5610514
0
16222512
6229
117860365
951063
12941436
5694
15055902
0
0
7894
7950054
4468
2978
0
29562648
0
37656165
5501
13973979
4336
0
0
9520
50097734
12696419
53595057
0
8436
0
3645
7836910
0
17815585
0
0
9061
5765
1958
11930409
25256780
4455
9221
0
14385403
10603357
0
0
4635
0
6557488
0
25126597
0
9482259
0
0
0
0
5973
0
3270
10604
0
6519095
25233487
54116156
0
2947
20780599
0
6038
27514678
117739885
0
2935
11406247
0
0
3937
0
2179
50395659
0
0
0
15304494
12226926
63356334
8404735
2726
0
5166
2592
0
5919296
0
0
24692901
11771850
0
3069
5821
4442
11570047
0
0
0
0
0
8996
9096387
8133
6389
0
0
0
5042
24325196
6661934
3615
1919
0
0
0
3311
9161472
3452
1235276
6618
0
5819862
0
0
5337576
30736127
3784
8319388
4116
0
3358015
0
43418257
5539
0
20633585
2488
273236418
3119
27687867
0
0
1266620
0
0
1356219
327511
5702
22680832
27699718
4160
0
0
3696868
53589264
0
4281
0
0
6951600
0
131382
27383403
0
7167935
11139903
8370
0
0
0
11870
6209569
1740
3723
3793
16806259
0
29769978
9913
0
8297103
8812391
0
20624037
5023
32715593
2494881
4688
8485
0
3460
8771
3235
0
0
6074
0
0
0
23096888
11041559
0
0
12997850
0
0
10774573
4944
0
0
0
15928533
0
3691380
0
9671
5162
0
0
0
35593885
41090216
5627
4528883
0
13958230
3913
4032
0
0
5458
3317
5543
6134
4007
22922652
95336991
0
4498
1176156
19173467
73021458
0
1079640
0
0
56153351
3689
0
21272569
2113
3562
8016604
7775133
0
6296
3749
24992172
41428642
12594361
0
237816
0
2839
12236205
23357589
18975142
5206
4428
0
5676198
4566
4935
34342057
16101272
64017
2075
6692119
10935459
0
0
0
0
0
0
4487
83700272
0
2574
13080504
4116
22372135
8384183
0
4396
4925
0
17213195
0
0
18658819
0
44420365
6096301
2622
77837199
0
0
0
6485
0
20690762
0
301925
0
0
4131
0
0
2046
0
0
14901542
4507528
187264836
0
0
0
24009678
10836455
18230174
0
0
7558
18917559
29378829
32657606
28894405
2987
21595978
0
214197502
0
7994
6380
9717072
0
0
7374690
0
22209383
5859
2508
0
21566498
268770934
38556322
72518
2273
202362651
0
0
4387490
0
6003971
37669758
4783
0
0
48379965
4628
0
14224142
4689999
0
6755
0
3951
25452964
3761
0
22024104
4857
0
9829673
9481
17398
12120995
0
13823041
0
0
3670
2702
4459
29301332
0
14706685
14478157
0
8962554
3813
8535553
23851694
9067567
5303
3825
3168
0
3940
6855931
4548
2797
12792736
4190
4079
18190966
7265494
6105
4162
7345756
6461258
0
14945997
17407131
2002
7088
0
0
0
3302
91516955
30237281
59807068
0
0
0
29763437
2752
0
1759960
4291069
23197886
0
4017
4420
6473
0
0
6831
0
0
0
8434721
76901609
832534
0
36061
0
388044
0
14857618
0
0
0
14867
9635821
6378
5549
0
0
0
12104927
0
0
3891
78867645
9519666
30077777
124915121
3813
7604
4472
0
9438100
3799
0
3989
0
0
0
0
0
5027431
0
3184962
13993804
0
11649328
768327
32650501
9584377
0
6285607
0
0
2191
4518
0
18279004
3649
0
4350
7552
8853570
0
18642101
34066727
4803
19983572
0
0
8254263
29416094
0
3777
28836895
0
0
38381653
0
3039857
3682876
38113727
0
0
16407341
0
3281
3241761
0
34453088
4733
5718
36998573
24154664
0
9930826
0
93594874
0
3032531
5713
0
7933708
0
3065
14643553
3844
17457988
8499
0
6048
4336
28893377
5661
8451
105818360
0
28858607
0
33655083
127762046
11622162
0
32341010
3987913
0
10192855
0
15280028
0
50137691
13607482
7445437
12251842
0
17442986
6284
3301560
0
4059
22521272
2738
3077
0
2593432
16047033
0
0
5675
50637718
0
0
366832186
5573
30448591
109857668
23665884
4570
4944
3460
3367
4899
15092137
43825160
5264
2586
0
38821579
0
0
0
0
102083825
2939
18706252
28175988
0
0
49899271
31213521
15805011
7163990
15972069
0
2554
7173294
0
2993
67472131
33445403
0
0
2007035
99517154
0
21075968
0
6627903
0
5817
3256
0
2779
4585887
0
4863
39803183
9073
114576897
10354591
35702505
313170229
20436733
3358536
0
3484
5907
25668965
133348
3048
13790088
0
55933993
0
0
18838
0
1555
0
2087
4651
0
3690
2115600
3999
103390830
0
13588476
156656962
67216809
10737
0
3839
0
10422
4719
2470
3172
296994117
0
7925422
30039154
0
0
16962484
0
0
0
56536307
3236
180486263
5364
3430
34017028
24967486
2919
0
13497240
15880287
3090
14154819
3391
11318785
0
15562279
5717
0
4707
5136
0
28685801
25191265
11440765
0
2408
3250
12144895
0
624895453
9054493
10236466
2947
2384
17938734
25654109
100933549
0
14185015
0
18979686
3717
0
0
4937
173111249
51341318
3318
0
3088
3553
4009
0
5386136
9154
0
4264
0
0
2385100
1235548
0
6286
6365510
24525973
0
0
0
6340
3675
5174
0
30972169
30185552
0
0
0
0
0
23547
0
4163
3778
0
4158
0
4414
0
0
0
0
7008
0
3767
3127
90058625
0
10591052
19059434
8009
0
0
0
0
27571780
3013
21582904
0
29439975
21771168
0
6217
0
21706679
4300362
38732452
7348
25138238
0
17193843
0
44339651
5646049
1664529
0
4454
26449318
4438
0
5665
0
0
198734572
5455122
0
31793430
21693616
0
3146
17865699
39058
2348432
0
0
2922234
32475744
23681164
4464
3097
3643
0
13022465
0
87268998
0
184817824
5044
6015
1493392
39459213
5163303
0
0
12893811
4172
4737
9644
2813
0
0
33307427
34597892
4058766
43601655
0
2650
0
57558302
0
7311207
0
323686
13276904
0
24294270
25558988
0
60397651
3972099
11551299
0
5162
0
52285073
7770
12625398
11754643
16480806
0
143977
18176837
0
15450462
10903
5965
10741
11817749
0
10618676
0
20135726
0
0
37176653
0
0
3342
0
3430
3151771
4773
30947029
16809991
8203
79287248
15486667
93604727
0
8193
8082
0
0
0
2445
0
5053
18951153
18297875
0
328966120
0
3137
0
12666267
4202
0
7223221
12030873
16766468
3716
0
0
0
0
6231
0
6584
33808697
155027052
4400567
0
25662310
0
23437727
23662317
23330466
41335118
0
4696
4597
0
1467500
3628
13867181
3299481
4899
6369931
25374006
7550672
25323465
0
9319
8241
20797105
34023030
70924048
33461639
33410608
5294
6846057
0
43035965
13681542
4567
157705872
0
18282872
5461
3081
12936566
54178428
0
3385
32666012
0
0
0
6505662
0
0
1696931
1343076
58116645
0
12119034
34227340
3041
56595057
34443332
8201627
0
0
5236
0
3278
18436015
0
0
4147
5244
16498491
0
0
24041778
0
0
533391
0
0
0
3789
0
0
8956
40264002
1550625
0
0
58039958
20815074
5316
6440401
9499689
16936841
307038
4928
8008866
4552
6568
7701
26243913
24087266
0
0
30099744
0
0
7211961
28470540
0
7848
0
3500
3007
0
3810
16973685
0
6260
0
0
20021014
0
29222532
8872
2981
0
34599259
0
2671599
0
29139061
97131074
7973
4132
8404781
2754
0
3821
0
4953
0
0
124086060
30312357
25077551
5133
37386632
3044
15205721
43592719
0
0
0
29758617
3438
0
0
0
17351504
27572641
0
6044
43294768
0
199280
0
0
0
7465
0
13357047
2683
0
393767762
0
2313
10640127
0
124316287
0
2574619
9952956
0
0
0
3725
18920010
0
0
4480
0
0
4907
7547701
17372733
2611
4542
4847295
12875810
2602
8058
0
18356945
0
22282157
101164145
0
4304
87205565
41675821
7513
75155513
42325054
3710
0
0
0
50390117
32286020
0
0
5377192
7451
65587175
0
47848635
8860
0
6729
0
32034888
4701
0
0
11333061
0
21171056
0
0
551193060
3839
6526
4160
16689065
3997
0
28254646
0
0
0
5425
5179
20189815
0
0
18769473
0
185680758
20015220
19527216
0
25155397
0
1739976
0
5072
4208
23983192
4350
10224517
3338
0
0
25502693
2925
3560
33162933
23859308
5250
8694747
5957857
0
11878296
21472083
5281
0
18792371
378344041
0
14644829
0
0
0
0
69040035
0
10115606
122887747
35735919
6236
17531758
0
0
15559282
0
0
9794925
1336615
157803864
173623622
0
10500
22629575
0
5142
0
18117252
4745
4287
15477330
5386276
0
6434
17199970
8934
0
3826
0
0
0
60207038
4787055
0
0
25086700
6180
3720
6313
4227
4468
6248866
0
140231
0
0
0
0
0
0
21684384
6578
4695
0
0
0
17341669
5325
25489287
17919
0
4580
3733
5902217
2492474
3358
0
3113
0
2321
0
2138951
62379775
0
18603250
0
37407334
6271
3307
2074968
3434
1773683
35426364
0
23804500
4336
0
4511
8014
3353
0
0
4857
6571
81131259
429141
30495757
0
0
36660852
133318703
0
1093275
4596
28256992
0
7825764
0
0
0
6437
0
0
14505604
24630151
5987
8840
33710228
4354
22468096
77007
5565
0
116617715
9210146
18621701
0
0
11990037
3309
0
0
6451
0
0
0
0
38120111
4907
0
0
0
0
0
161787108
0
0
173757308
10584461
5922
8016863
30266798
5619
0
25518448
0
0
0
1622125
10394581
3911
5933826
0
24672048
0
12888123
0
0
27874184
3494
103712591
25827022
0
0
0
0
13670
11138
0
0
5229
0
20699788
3721
12601
95241287
0
644753816
16448915
0
25463416
0
0
0
24674047
27805149
23714793
0
128466655
0
117211712
0
0
0
0
10719926
6694207
0
0
4861
10420
13667832
6141660
0
33103598
0
4461
3781
16538697
0
0
0
4595
0
0
2596
25593874
23923299
7649
0
0
0
0
4162
188627759
21967053
1526069
3350
7817227
0
8441
144414345
7092
0
18469213
7025025
0
867858
3557
0
4773
0
0
24747441
153074734
0
5845
38829226
186926899
1961703
0
52624359
14122347
0
29906824
17460854
7883905
3512
0
0
3089
0
0
0
0
5599
4637212
21920785
0
24082408
22786758
0
17912255
18558839
105601
0
4603
2964043
22234270
9068535
129397152
21183509
0
16792249
0
2897982
4350
0
0
11493
4985767
0
5212
5471933
18362995
0
0
4886
0
21062343
72672083
104098390
29468488
15614192
0
0
24482257
0
4953
0
0
0
0
25288820
18906177
25428266
18353752
0
0
56466215
13482002
50274965
0
5803
20780932
0
12652646
0
30167820
0
54408638
3410
2855
0
0
21641004
0
3424
32610490
65471134
23445016
1083512
28974922
18876303
0
4444
11809627
3739
0
42950227
18622201
0
5393988
0
50377297
18713781
3010
0
49203544
26555449
12283871
0
16275877
8488
0
25729640
0
0
0
4671
0
31307853
0
0
14142906
16426240
68310
0
0
3680
14939571
0
16318341
80003286
0
1422712
13625
6653
0
5691
3372229
0
0
4106
0
4571
16651903
0
34400803
7440998
0
25115538
0
4629630
11188
8688347
13212470
3861
0
879809
10110155
0
27309564
3889
0
159245332
0
101218041
0
25896703
0
3546
5708
9509757
0
4564
0
0
0
15659342
0
3875
3015
13643698
0
74041147
9976065
16858499
145432809
41865911
269704033
0
0
8987
19086389
29105130
0
6395142
0
0
3466
3669156
0
17274234
0
4368
8783
0
29261598
0
0
26641079
0
0
34508595
10560
0
22442393
19754571
0
0
126376485
0
127820
0
0
0
157491519
0
25096399
377657458
0
6420222
101862933
3510
4061
0
0
0
0
12085097
11110
4926
42758398
24090886
65608789
27298057
30551957
25431156
703765
6094
191416317
2677
22965563
310147637
8014
31939889
4777
0
0
2585836
9167
159775051
4190781
20755314
20201193
3851
0
0
4323198
0
0
0
0
0
16511649
51723941
3895
0
75275880
3983
72314119
0
75711772
8729976
49346818
375618043
27846970
23459715
14226221
50497229
168879071
8279
0
12287334
4256
32750626
9480865
1890372
27833819
5781221
0
19045587
0
4034
6322
0
26654354
17923851
14381737
4941
19185318
0
21249655
36962581
12711
514149
0
673361
7866
0
29956562
12629
8305193
0
0
0
74676312
187744027
0
43259229
5033
0
4911
3528
0
12609824
4880
0
0
0
0
0
20649839
55194526
0
41980101
14419630
33377647
0
37802486
9952996
163247467
6325
244194610
0
4914
4957
0
0
0
5541
5032
0
0
0
0
41807377
0
0
34762070
23446800
4862
0
3328
3907
0
14508653
434096
3849
67548299
0
46179760
4612
5767
0
15456638
14566923
0
0
5729
0
25325274
11074116
0
0
24977021
111411706
9145995
23122014
188780120
0
0
0
0
18811674
0
38121312
33502692
4392
0
3268
11276797
48784726
0
15303157
23534606
2472
7481
3782687
5344
0
14551574
0
3148
0
5771468
0
3127
128358217
4097
14048011
0
25121800
117437537
25266506
10663
5949
0
8027
0
11540
12964645
18693634
0
3705
22319767
0
0
4451
0
5376
14690
0
3206
0
9488214
10555
7221
0
5037
16803303
0
10032490
0
11600123
0
0
259525505
3443
3684
0
0
0
29327319
211598126
4977550
1256557
3427
199221614
0
15214801
0
0
3348259
6133148
0
24648240
0
12595005
0
0
0
0
14421773
0
0
4436
2737499
4418
5472
1131421
8930434
7375
23353559
3622412
18621643
170081843
12853367
0
0
4689
9783614
0
109975072
18648624
4450
0
156547791
0
6204
0
6118
0
5302
5487
0
0
0
0
0
0
0
521880
0
6563877
0
4051
116805834
99694698
0
0
0
0
3922592
0
18712338
18406
3681
0
0
4350
34479586
0
164998883
5347
0
4108
3853
16562104
36487991
0
0
22858621
0
33352012
37356455
4595
19586184
0
0
9303527
0
0
8710186
0
0
14962338
31729754
0
194414
0
127715061
3769334
32878949
12268874
6306985
0
19505749
4699039
6427
138745819
30423880
22242931
0
98197012
24997943
25054261
0
6047317
0
64789062
0
30731483
0
0
130649047
57123406
0
0
2244608
48900524
0
18695194
4596
6723
189821577
0
0
3426
3762438
46659144
0
0
0
0
4772
0
0
0
9029187
2410
14021389
0
6274508
1173178
0
0
0
4404
15850926
75171923
17544454
11860244
9924823
0
5282558
24105990
16694613
26432361
3225405
0
6449
0
2654
12240476
0
0
79527
3425576
4208975
0
0
0
3003
0
0
5997
0
21926005
134436996
19278113
195937387
166712759
0
0
11047587
4200
5745
55455895
0
0
0
0
0
0
5881
25705735
599619
5738
16535572
3917
0
0
9325
47648947
0
49252203
3328424
0
0
5731
20467281
21604477
4979
859842
0
24720175
17268334
54784498
40049618
6634
3695791
76486361
23309206
0
0
0
5004222
23913954
22554465
5657
0
0
0
0
7621738
0
4380
3268
3589
24880130
50338405
12063143
4316
168872839
0
112558739
3726
1031998
7970
39727906
7297314
0
3622
0
2438413
122494007
20622708
0
0
94608905
0
8906
22045592
0
5695
0
10912660
3658592
3430424
3863
21848819
6043853
21013775
17605218
9031
175204011
0
35304515
1215127
26660509
0
19037748
26687351
4199
12891771
3591867
0
802884833
17041916
30182665
12811259
0
4581
2969
0
38373730
0
46262179
0
11322675
50456081
0
5326
13387096
9784883
9383725
0
9904370
0
7602600
0
30818176
0
0
9718490
15177024
0
1206295
0
0
19645220
229374379
6118
1014661
2447442
16523325
0
5100
190480472
17451688
0
0
11310559
7334769
0
0
4064
24911207
0
12310369
0
25695147
0
35154809
33661636
25282930
23167183
3713
0
44150626
0
0
0
79306734
180970423
14465603
0
9977586
0
0
9436651
12869973
0
0
7920382
19948587
7991358
78231245
0
14277059
24077975
118868309
13038831
34976687
0
3907
4134
24247488
0
0
23242067
15367136
35768023
3899
0
6100
0
16015703
8569810
0
0
36927574
0
66019539
10201273
8431742
3249302
0
0
31235619
3734
0
0
0
33494780
12675631
12331221
127275375
0
3314
23952842
0
15498
2696196
0
0
31100379
292784
374698845
9759790
22322575
18466567
8439883
9825524
0
0
0
0
0
41441311
5683
0
0
2666
27319615
5176
10027804
17856654
0
0
4988265
0
30725559
0
31902268
54751179
0
0
5215
0
13221513
13011815
187836681
3497
18476630
0
12406799
26469152
0
0
25329354
0
0
0
4384
6487
0
0
4993
0
4178
42478132
14520401
3976414
0
43798701
42419110
0
4198988
5908
0
5896
12885361
5012
0
9297411
0
30577895
8610
26024777
8157
150288479
15110713
16656100
49709266
0
13234666
0
117514290
0
0
4122
25823043
0
35428937
3087
0
0
4825
75919980
0
0
0
185462929
0
0
0
3556
11938835
7978612
261733337
20709716
0
0
98018306
0
0
0
0
19392912
121542731
0
0
6800808
6387
3269263
0
0
25112064
0
4204904
492179
7053
13982690
4797
0
0
9645755
14395
3930
14718385
0
0
247643094
8770723
22686010
0
3155
15944315
7871
0
2051097
50328476
146704565
8225597
0
29541117
56035521
385029
3919
5531
25231148
3679
0
17891075
0
0
0
4349
0
2916
5155966
0
25248724
2930
6235723
0
17231642
42667671
30229371
5698
0
19447679
260293280
26029956
0
0
21835342
9318170
20283091
55740992
192633
4438
0
0
116198320
34622815
28012175
16184850
12384845
9725
25134518
0
0
0
3602
12155
25131655
0
19399034
6333
0
0
39982039
41205466
14063679
60180705
11094959
6532189
2174775
7127612
34648324
0
9934831
12438417
0
0
0
5134
21230645
0
1143140
0
0
0
0
0
23575268
11521568
0
5741
56903369
37243274
40401315
0
0
4639
10924935
4805
46070480
27311280
6538359
0
12315206
59954134
117051589
144340074
0
3322
0
0
3622026
0
95695
738946
7441
91790223
4073
265978206
0
7132587
10799795
18609832
18747872
0
0
4851
0
37112898
0
23802657
0
23829061
3340
8445953
0
0
0
0
1902435
4144
0
20000393
0
0
3875
4761
6794
0
4693
0
7706154
24718190
0
25124683
8197
0
1626169
0
0
0
4444122
0
13414545
28766543
4789
0
26798567
0
4849
18074535
4493
12206249
10849827
0
15773624
5246
4435
2165546
0
4923
35643299
13520537
0
8071680
3955
3125
0
6620174
45727249
20266526
0
34824401
10412228
15938207
0
5815001
0
7014
83958972
664191
11974979
4821
171007352
13966843
0
5917741
6451096
12517465
15170332
0
5769
0
14830379
12234947
25924658
27601786
376480225
29846822
32158209
0
0
0
81245295
9228496
82621319
4330
25454290
68800219
131379510
0
16296631
0
38871314
19216011
0
0
125134987
0
6800063
0
16576472
69384063
24906102
3029
19129108
6121
0
13751979
0
0
0
4992
14121053
0
13110993
555631524
0
5778
0
448740556
16126748
6196
0
0
0
58578
25207230
0
5312
0
0
0
0
48665594
0
14459106
0
0
6445
0
24956976
34263770
7194260
0
114685699
7477527
0
3236
0
0
4206
14082453
52299443
9128778
3950
30631114
0
0
983561
11740763
4070
10660917
0
127537347
0
24790953
3286289
0
18205979
0
44891837
4929
39638716
43257733
0
0
12281197
0
0
4188
13878402
31441626
50240482
0
9647
0
4186736
0
12885996
18775378
0
10678080
0
21933855
13656882
8461818
16682858
17487068
0
67692505
4926
0
0
8024
2985
41157334
10272776
0
0
8363
29368551
53372356
0
9693
0
93504559
0
18706133
0
6295949
0
0
0
0
7057
0
15842995
11087
19564395
0
0
13419034
11107
113030984
31002692
0
22575458
6606
102558576
0
18550896
0
32438913
854224
0
0
0
15417798
66868194
0
0
12641587
0
0
10562870
0
6096
0
0
12258
0
5645
15033295
0
3766
0
0
0
0
7912
20529785
37992084
0
26504566
20341898
11055478
4052
0
16399847
95936183
278545162
0
0
104197529
4194520
3880
0
5352
4891
6182
18961247
7844959
32260365
12671850
2718418
4208296
13736513
309824488
18325310
5828
7971
0
0
9206123
0
0
4355
45683210
26843461
4699
6125
370027402
0
0
0
24135137
22773770
36591239
0
0
6739
41639586
0
0
10087324
0
0
0
6164605
20788663
7561
5447
0
0
0
0
0
0
5068
0
0
33901732
0
136287820
0
3821
0
1025025
19457855
0
5799
0
117987266
0
0
3536523
26159332
100154327
0
21655402
106700961
7254045
0
3720
0
0
4202
22572061
0
0
6893
25440828
3775
26144639
9168858
28696463
0
12704064
21402034
4031
0
2839866
62188637
0
5725973
0
210919623
4352
32589857
33045349
11289954
10943280
8050782
0
9390
0
27309672
24436727
0
15809867
0
119613112
16688120
35235340
4999
0
17751462
197947447
23640449
0
0
21476155
36242190
10665
0
56259667
15338
0
4186
73716891
0
0
4265
0
2668929
2516683
54201278
130763242
0
5172
13036673
21281575
47114983
35205094
182392001
0
0
8500683
36824203
5342279
42635348
0
9733
3400
8373
4115
5444586
5714
0
6938
44619820
14373836
34982536
0
26831728
9113504
5175
17852770
0
3897
0
301804809
29153903
378084550
29707678
0
7405
25127164
0
4035
0
2550954
27692059
205634868
14405271
39620407
3101921
0
18769705
28140482
0
0
4244
1666868
0
22434641
4340
0
5038
186506430
121041904
12932353
0
16764645
378209835
0
145197385
22470321
4871
5044
5790
18144989
0
3824
189196958
61123116
0
0
8282
8265439
150648
21799382
0
0
170224133
17877302
0
4293576
15510400
19690029
0
0
4614
33287402
101000416
0
0
1110753
18030061
92483048
11631
0
17348050
0
4512
138367909
56755922
7745
0
179717330
142459623
68380520
0
0
0
40705689
5770
17721183
0
34464379
0
3067082
0
28460643
0
0
0
19868275
27924725
10233646
81523589
14283325
1379130
17657344
0
23390163
14235926
9991034
27861526
0
205685182
0
0
47714486
0
0
2189068
127080159
0
104724380
9438
32874082
0
7896909
0
6770145
42146113
3518
122777872
0
194665455
48355174
1011220
0
13585278
30317773
147252676
0
8682387
33267123
0
0
0
300601
0
0
0
0
23501612
13056145
0
0
0
25120706
21240556
3464137
16635049
0
27537928
13171780
7999259
6437659
3879
24169044
30921269
5579
0
0
0
7292
0
0
0
88998344
0
0
65572595
24843546
19487380
261669453
0
259652350
13489588
20697679
370391979
0
2344527
9338995
24082461
139127327
0
16042099
0
4115
5171
4164
0
0
14696285
3671
279787734
0
2439611
3855
24433648
0
2822662
0
0
6054
113163991
0
0
17238182
0
10260550
34142058
0
0
0
4797
0
20657178
27041227
139974174
9747
0
0
24648395
0
7784
318067142
31964693
6255
13924736
11504096
7136
7357
4338
0
0
14651423
37776680
5903411
19310
3147
6208568
0
0
5215
0
188760951
38863015
4616
0
78333390
9435615
22402094
0
0
0
18629957
21073240
0
7118
0
0
25348763
19675188
10218638
6934
0
51317709
0
27351240
5084
156313263
0
6902091
0
10998498
0
0
378240484
6591
20796536
6988
5921
0
9802678
6381
23207753
14008834
4815
17266724
4254
16983870
0
7222
12020182
68283163
96285119
5156
0
12703774
59146148
10647
11242657
187511916
3974687
0
112540389
10003849
0
0
28163819
50209293
0
8576
0
5959
0
0
5573
1733288
0
24459690
1754018
0
4172
22553132
23682910
36832143
0
0
34630729
0
126679815
25455734
38502262
4197454
0
23787225
2960
25180018
0
0
0
0
0
0
13662
0
0
47456720
206171841
0
0
15754490
4286
0
10274235
0
0
33454122
15675002
4976
0
0
0
0
1015842
5058567
19506045
0
0
10299492
9909990
0
14551741
291497816
12015962
0
18832486
0
0
0
0
162558891
10268069
68102118
0
4290039
27728735
130506245
20028417
0
0
27530097
24610564
0
5985
24588494
124527640
43390155
0
3205
8501268
0
32757810
18267467
0
5698429
25362350
0
10367139
6409
0
0
0
22552340
7035
19877510
0
0
5511
14684757
0
1886489
4759
28581224
29397461
0
75772855
0
7788
0
14475910
5200254
186387091
185554768
0
6610
17384158
0
4667
21850429
5408
4660640
129522091
0
5029093
0
84054081
0
0
0
23040048
0
0
32911749
0
0
0
0
0
7344248
5938
84257390
0
0
0
0
9520406
6995
309077071
18303183
8075
27536057
9389103
11022146
26973543
5321
51922674
6757
0
0
0
3209304
33308185
0
49857472
0
18527394
0
15301888
79904705
23605154
0
26827045
53925253
10542584
27635084
0
10754758
74153083
0
0
2870001
21335574
0
0
7838
85200702
232906029
128823337
0
27053871
0
27483840
0
27960081
5803
0
0
0
30461641
232999601
4809
44065265
7975653
5312596
0
12577889
0
19058391
10092840
0
18554306
1631961
0
0
51251020
38640593
0
33319398
43608067
130773630
86774280
3386
0
0
16427170
14373267
0
114107729
0
28370452
0
47103
1103553
0
13589109
0
0
4222
6525
10533241
32342
18596729
0
0
8323702
0
0
0
0
14055058
10267877
11069
7256
23940990
0
3454
118101809
5587
21981286
4031
5750
432655257
88388803
50483738
5238
15578176
0
0
25574423
0
18238032
96538326
20244281
9590
28464341
0
13489959
0
0
101043737
0
18994611
8773400
0
11678
18117175
27218086
0
0
0
5028
10889175
29243687
3785
25636094
0
1218350
7168898
2022882
41013965
55455897
8282362
41536597
50494825
10434
181828735
50378436
13113587
0
6880
553952
0
2744286
0
0
0
22592118
0
19758370
0
0
2535095
7968
0
4713
0
3710
5262
0
0
0
21315262
3273
1057365
4258
25603498
0
8946562
20301851
0
5125
103830120
12503659
14292194
10777
228055222
0
39920723
12531659
65235515
22029547
0
0
0
5016
25624333
18268930
0
0
0
129484323
27243336
33343111
0
0
1511009
7866
15973575
10700440
29291341
5438742
14512
0
0
0
0
5046
27147430
0
0
32946460
22278120
0
4292
0
29435387
1101417
13548263
0
0
10328906
83142720
62089134
5366
0
9904562
109497404
0
183061740
9864296
33491397
100867125
0
0
33246684
161647171
1035793
0
8608
4318
30684794
20645620
3440
18874504
0
0
0
4504
19908950
74397827
50236502
27098405
105555718
0
0
7627
0
10228422
14165967
0
76008025
1947994
6964664
0
15707131
0
47185971
0
118629357
0
98486333
21472052
12079073
19050130
0
3452
0
0
6607
6420707
8083
168575218
164598697
0
44517787
0
32505020
83275973
16423135
0
0
0
28250407
2889
0
28249557
16499104
9576940
0
5180
0
18978895
0
12204455
0
5478
260571842
0
0
22209514
5852
10464181
0
0
131522695
7561330
23310778
0
15918917
13948865
0
0
17206512
3831
0
0
9716901
7042
205191370
23164457
22657839
6596303
20047925
0
4707
0
54743594
12547590
28408975
89675866
11818282
10067
0
39480801
9444103
118043221
2264155
0
3714316
0
6338
24373280
7756931
0
25710972
297578736
0
0
0
2600562
18248598
0
4835
0
0
7646092
0
0
0
37182181
3634
9563953
33175280
74107321
11837405
0
36371430
32401526
0
0
0
33232287
1526989
3462
1706556
8753350
3518
2219290
40646546
0
0
0
9912804
23584748
0
0
3638
0
11738716
0
21543026
0
0
5986243
0
11745
73064348
180919389
8338972
0
10372
107110641
108477086
12864661
0
0
0
58325609
7297
0
0
0
0
144553
15345110
0
143270223
10631541
0
4052
20264468
240387209
13489
8973961
0
0
0
52827690
3315
3903
0
0
0
7401798
9800742
14159
0
5723
1495269
18472016
0
22021188
0
3853
5495
8493670
14456164
0
0
2415356
13579868
35024657
0
11396408
0
145678965
29659427
0
77436748
60382024
43940049
124670046
12554800
0
0
6179837
4140
15348161
5870
0
43445321
5318869
0
0
5110
0
67565343
0
16692226
8291
33169083
19540580
6278
0
31235963
44005630
25829325
28605863
64914102
0
0
10285
18546192
0
41549908
1657803
0
6060
4302
22190545
0
20585707
25474403
0
17679365
17712225
64224752
11165889
0
5639
25493804
5090
0
1028501
185141090
0
9705458
54865382
0
7558696
13746331
5864608
0
4332207
0
4344
124465483
119398208
49948892
0
33166848
0
0
0
5186
29350435
19220588
18082758
0
15224889
32226171
107662967
0
6112
18089786
0
0
63129842
0
0
198733929
31688171
25829651
0
9852989
26772314
0
0
5041548
0
8926386
0
32355997
20170189
0
24690892
23352270
0
0
151474974
0
0
754070
135083201
4156
0
10262461
0
0
15665795
0
3428
109740093
0
0
0
165262609
0
29753825
0
5498934
7409
25298697
0
19535986
313821580
0
18588280
37779642
0
10593009
0
15575146
0
6351
0
13625599
4318
15094438
11089003
25657444
0
4838
44869590
15262143
275084458
31085556
21368173
4979
28605932
0
17090591
28538884
26232062
2169497
0
255267637
27300644
978155
126516414
3314
14993814
0
176297497
4987
0
378684565
22937454
0
12301483
14712231
5807
439479708
26509772
41541942
3048261
0
108361502
21583778
0
4738868
144673598
0
0
22040627
0
307170050
12635614
11193945
7658
0
0
13781223
7342171
10225578
9400
10827674
41354267
0
13068268
0
0
4597
0
328749940
0
8478167
25460850
5998
116074061
0
0
21435562
0
0
19177503
3711
0
28749494
0
147336729
185278782
0
0
17548313
578051429
0
140510440
8409
0
198874411
0
108317321
0
0
20226129
13682117
0
31839201
0
24968764
7905
371843095
27569059
0
0
6718
6904
9571181
21243648
10581351
26964140
94134000
1765719
77917006
0
0
0
20412825
11790934
0
49207402
31234043
0
5647464
7606084
144860863
0
0
0
12267051
0
0
4439899
17850465
22928535
4773
10569168
0
0
32789653
0
24008436
3911709
11346099
0
23329738
0
3681245
4650
0
2026687
49785473
0
0
0
12326555
105462187
0
197902999
0
0
377108702
6981
4112
0
12072355
24431
4482
106700028
0
0
3267
0
9668
0
0
26552122
17967372
7432
0
0
82415431
86566865
195336894
21423181
18822082
0
26376690
1820821
30231686
21194578
0
0
33930832
0
1084256
4448
0
18980918
21935455
33595164
24856386
25686656
33486975
0
41198877
20895036
11158953
5264
18837225
23507029
23961024
30458628
33134402
134883623
0
464145
76758880
22439549
5430
29362844
174281449
89639458
12270068
0
4777
111788570
43712173
0
19347890
0
32548752
33610706
71956514
43336761
5595
18630314
0
0
15244302
31438805
7915
180092
32337115
0
0
0
0
26523470
1244021
200600156
9664061
0
0
0
0
16588579
13142766
37164542
14424082
0
0
0
332565
0
0
13104750
0
0
19220339
30100877
10323011
227719201
2586
22563380
63080434
0
0
4907
0
4545
0
0
31927760
0
33192
3741
11939524
16518850
0
124602655
0
33387405
370981788
21368047
7829493
23742156
4739
0
28096926
4645
6348
7063693
0
16511476
0
0
4955041
8133117
0
7889370
20056906
0
13077119
24957048
57519223
0
0
0
84050882
6283
0
5267
3149285
0
6252
71151261
12719460
7420019
0
20940061
3605
3564
0
263912146
25387504
0
33366116
28554573
19719958
0
0
7577738
26129087
5787
0
26228958
0
32811610
164457877
41161160
14582972
0
1955682
0
317338226
18938032
22356335
6018386
15643674
378269515
3251
0
7221
29671324
29198794
120210556
12925063
0
7136294
58957996
0
3370
9815376
4124
0
0
10302221
36849751
756144
0
17368978
23239821
5960
37595804
14998051
19884435
1816069
69025242
0
0
6098
134383746
0
31856569
0
0
4238
166048739
0
13824
44743056
18218517
21571320
0
0
26948039
30047840
0
0
2189360
0
0
373544187
0
13846323
328956288
13242620
0
0
0
0
39413759
30263940
0
5657
12774993
4689
0
0
0
0
9510
0
7835107
4244
6664350
7190
10563637
8447
0
3546
16864867
0
0
33164746
100002014
0
27875983
99588928
0
30612427
12784381
0
122853643
5934
14597356
0
98860443
3581
10398
0
27789825
78893377
4561455
32785916
0
115329567
0
0
16899049
0
0
319348599
24263293
158943147
375923771
0
29557774
15012939
0
0
44483296
18443651
24761098
14529155
3332
40432615
15770285
17238018
64200608
0
0
230294461
20235049
3899478
34311957
50103075
132023904
0
0
4304
0
0
16697422
27348362
0
0
34439471
0
27986002
233440029
20187619
26125084
6287
9139707
0
49123294
0
0
0
0
108793517
7200
0
28846186
0
0
0
0
0
9737656
12518470
0
3288
0
28597323
17634445
0
8636
39237019
11340
24000882
19827990
10680869
0
0
0
0
95695484
5244
0
725512
29348351
0
0
0
0
0
0
29429268
0
0
6082
14216289
0
99280995
0
0
0
119817054
0
0
30239915
114921271
0
0
7381
0
18414978
0
0
63729198
26159917
31831998
175605634
5433
24094813
12736438
16710443
115287419
3833
118805395
0
20588196
0
31952852
41801371
19530210
4963691
0
0
15713290
6718
1079923
27706922
39270363
23888024
31810452
8363286
319763043
2454447
0
4181237
0
0
0
57271229
24380521
5109
0
0
0
194975673
0
40573598
16785927
24187374
0
0
19416811
44918
0
14392170
0
15538584
10930960
3038351
0
0
5246
34553746
21762925
0
0
0
135510173
0
8967
0
15619343
29508775
6638
17404889
0
122199788
23843191
97978042
5615
0
0
10340533
0
0
32033985
21551669
5579
0
0
0
26619206
0
0
46250752
18050677
28528652
0
0
6114291
42676465
83463765
18269212
0
0
11111613
0
0
40490737
7339
0
0
17815600
147742668
5868
5354
21609493
0
0
0
0
8047
8915
25230
9068857
