0
0
0
0
0
0
0
0
0
0
0
0
0
0
0
0
3869
0
0
0
0
0
0
0
6523
0
0
0
0
0
0
0
0
0
0
0
2874
0
0
0
10616
0
0
0
0
0
0
0
0
0
0
6373
0
0
0
0
0
0
8552
0
0
0
0
0
0
0
0
4683
0
0
0
0
8281
0
0
0
0
0
0
0
0
0
0
18687
0
0
0
0
0
0
0
3610
0
1453
0
0
0
0
0
0
0
0
0
0
0
0
0
7684
0
0
0
0
0
4044
4318
0
0
0
0
0
0
0
0
0
9237
0
0
0
0
0
0
1050
2889150
0
0
0
0
7100
0
0
0
0
0
0
0
0
0
1463
0
0
0
0
0
0
0
0
0
0
0
0
0
0
0
0
0
0
0
0
0
0
0
0
0
0
2447
0
0
3935
0
0
0
9540
0
4316
0
0
0
0
0
0
0
0
0
0
0
0
0
0
0
0
0
0
0
0
7155
0
0
6439
0
0
2588
0
0
0
0
0
0
0
0
0
0
0
0
0
0
0
0
0
0
0
0
0
0
0
0
0
0
0
0
0
0
0
0
0
3017
0
0
0
0
0
0
0
0
0
876
0
0
15909
0
0
0
0
0
0
0
0
0
0
0
0
0
0
0
0
0
0
0
0
0
0
0
0
0
0
0
0
0
0
0
0
0
0
0
0
0
0
0
4787
0
0
0
3657
0
0
0
3280
0
0
0
0
0
0
0
0
0
0
0
0
0
0
0
0
0
0
0
0
0
7173
0
0
4681
0
0
0
0
0
0
0
0
0
7568
0
0
0
0
8987
0
0
0
0
0
2113
0
0
0
0
0
0
6304
0
0
0
0
0
0
0
0
0
0
0
0
0
0
0
944293
0
0
0
0
0
0
0
0
0
0
0
0
0
0
0
0
0
0
0
0
0
0
0
0
0
0
0
0
0
3504
0
0
0
0
0
0
0
0
0
0
0
0
0
0
0
0
0
8366
0
0
0
0
0
3977
0
0
0
0
0
0
0
0
0
0
0
5338
0
0
0
0
0
7712
0
0
0
0
0
0
0
0
1102
0
0
0
0
5749
0
0
0
0
0
0
0
0
0
0
0
0
0
0
1493
0
0
0
0
0
0
0
0
1620
0
0
0
1225
0
0
0
0
0
0
0
0
0
1950
0
0
0
0
0
0
0
0
0
0
0
0
2007
0
0
0
0
0
0
0
0
0
4158
3817
0
0
0
0
0
0
0
0
0
0
0
0
0
0
0
0
0
0
7076
0
0
0
0
0
0
0
0
0
0
0
0
0
0
0
0
0
0
0
0
0
0
0
7454
0
0
0
0
0
0
0
0
0
0
0
0
3704
0
0
0
0
0
0
0
0
712523
0
0
0
0
0
0
0
0
0
0
0
0
0
0
0
0
0
0
8106
0
0
0
0
0
0
0
0
0
0
0
0
0
0
0
0
0
0
0
0
0
2323
0
0
0
0
0
0
0
0
0
0
0
0
0
163793
3055
0
0
0
0
0
7559
0
0
0
0
0
0
0
0
6690
0
0
0
0
0
0
6392
7157487
0
0
0
0
0
0
0
0
6289
0
0
0
3430
0
0
0
0
0
0
0
0
0
0
0
0
0
0
0
2782
2954
0
0
0
0
0
0
0
0
0
0
0
0
0
0
0
0
0
0
0
0
0
0
0
0
0
0
0
0
0
0
0
0
0
0
0
0
0
0
0
0
6643
0
0
0
0
0
0
0
1792
0
0
0
0
2290745
0
0
0
0
0
0
0
0
0
0
0
0
0
0
0
0
0
0
0
0
0
6122
0
0
0
0
0
0
0
2530
0
0
0
0
0
0
0
0
0
0
0
0
0
0
1297
0
0
0
3264
0
0
0
0
9833
0
0
0
0
0
0
0
0
0
6015
0
0
0
0
0
2917
0
0
0
0
0
0
0
0
0
0
0
0
0
0
0
0
0
7529
0
0
0
0
0
1920
0
0
0
0
0
0
4893
0
0
18966
0
0
0
7262
0
0
0
0
0
0
0
0
0
0
0
0
0
0
0
0
0
0
0
0
0
0
0
0
0
0
0
0
0
0
0
0
0
0
0
7253
0
0
0
2163
0
0
0
0
0
0
0
0
0
3246
1888029
0
0
0
0
0
0
0
0
0
511664
0
4467
0
0
0
0
0
0
0
0
0
0
0
0
0
0
5304
0
0
0
0
0
699624
0
0
0
0
0
0
0
0
0
0
0
0
0
0
0
0
0
0
0
0
0
0
0
0
4531
0
0
0
0
2291
0
0
0
0
0
0
0
0
0
0
0
0
0
0
0
0
0
0
0
0
0
0
0
0
0
0
2884
0
0
650434
0
0
0
0
0
2075
17144
0
0
0
2584
0
0
0
0
0
5887
0
0
0
0
0
0
0
0
319158
0
0
0
0
0
0
0
0
0
0
0
0
0
0
0
0
0
0
0
0
0
0
0
0
1826
0
0
0
0
0
590583
0
7564
0
3510
3103
0
0
0
0
0
0
0
0
0
0
0
0
0
0
0
0
0
0
0
0
0
0
0
2422
0
0
0
0
0
0
4174
0
0
0
0
0
0
0
0
0
0
0
1253
0
0
0
0
0
0
0
4669
0
0
0
0
0
0
0
3935
0
0
0
0
0
0
0
6365
0
0
1880
0
0
0
0
0
0
0
0
0
0
0
0
0
0
0
0
0
2713
4130
0
0
4729
0
0
0
0
0
0
0
0
0
0
0
1750
0
0
0
0
0
0
0
0
0
0
0
0
6527973
0
1147
0
0
0
0
0
0
0
0
0
0
3328
0
0
0
0
0
0
0
0
0
0
0
0
5974
0
0
0
109015
0
0
0
0
0
0
0
0
0
0
0
0
0
0
0
0
0
0
0
4781
0
0
0
0
0
0
0
0
0
0
0
0
0
0
0
0
4426
0
0
0
0
0
5715
0
0
0
0
0
0
0
0
0
0
0
0
0
0
61140
0
0
0
0
0
0
0
0
0
0
0
0
0
0
0
1299
0
0
0
0
0
0
0
0
0
0
0
0
1875
0
0
0
0
0
1792
604702
0
0
0
0
0
0
0
0
0
0
0
3263
0
0
0
0
0
0
0
0
0
0
0
0
0
0
0
0
0
2065
0
0
0
0
5395
0
5355
0
0
0
2817
0
0
0
0
0
0
0
0
0
0
0
0
0
0
0
0
0
3163745
0
0
0
0
0
0
0
0
0
0
0
0
0
0
0
0
0
0
0
0
0
0
0
0
5349
0
829974
0
0
0
0
0
0
0
0
0
0
0
0
0
0
0
0
0
0
0
0
0
0
0
0
0
0
0
0
0
0
0
0
0
0
2422644
0
8237
0
0
0
0
4250
0
0
0
0
0
8919
0
0
0
6560
0
0
0
0
0
0
0
0
0
0
1334
0
0
0
0
0
0
0
0
0
0
0
0
0
0
0
0
0
0
0
0
0
0
0
1481
0
0
0
0
0
0
0
665393
0
0
0
0
0
0
0
0
2889
0
0
0
0
0
0
0
0
0
0
0
0
0
0
0
0
0
0
0
0
0
0
0
0
0
3567
0
0
0
0
0
0
0
0
3011
0
0
0
0
0
0
0
0
0
0
0
0
0
0
0
0
0
0
0
0
0
0
0
0
0
9991
0
0
0
36169
0
0
0
0
0
0
0
0
0
0
0
0
0
0
0
0
0
0
0
0
0
0
0
0
0
0
0
0
0
0
5804
0
0
0
0
0
0
0
0
0
3132
0
0
0
0
5571
0
0
0
7035
0
0
0
0
0
0
0
0
0
0
0
0
0
0
0
0
0
0
0
0
0
0
0
0
0
0
0
0
0
0
0
0
0
0
0
4802
0
0
10580
0
0
0
0
0
0
0
0
0
0
0
0
0
0
0
35350
0
0
5876411
0
0
0
0
0
0
0
0
0
0
0
0
0
0
0
6010996
0
0
3730
0
0
0
0
0
0
0
0
0
0
0
0
0
0
0
0
0
0
0
0
0
0
0
1877
0
0
0
0
0
0
0
0
0
0
0
0
0
0
0
0
0
0
0
0
0
0
0
0
0
0
0
0
0
0
0
0
6306887
0
0
5075
0
0
0
0
0
0
0
0
0
0
0
0
7556
0
0
0
0
0
0
0
0
0
0
0
0
0
0
0
0
0
0
0
9083
0
0
623508
0
0
0
0
3942
0
0
0
6896
0
0
0
0
0
0
0
0
0
0
0
0
0
0
0
0
3502
0
5777
0
0
0
0
0
0
0
1935880
0
0
0
0
0
0
0
0
0
0
0
0
0
0
6070
0
0
0
4433
0
0
0
0
0
2241157
0
0
0
0
0
0
0
2105
0
7285
0
9181
0
0
0
0
0
0
0
0
0
0
0
0
0
795041
0
0
0
0
5054
0
0
0
0
0
0
0
0
0
0
0
0
7155
0
0
0
0
0
0
0
0
0
0
4378
0
0
0
0
0
0
0
0
1194874
0
0
0
0
0
0
0
0
0
0
0
0
7071
0
0
0
0
0
0
0
0
0
0
0
0
0
0
0
0
0
0
0
0
0
399351
0
0
0
3390
0
0
0
0
5363
0
0
2688
0
0
0
0
0
0
0
0
0
0
0
0
0
0
0
0
0
0
0
0
0
0
0
4533
0
0
0
0
0
0
0
0
0
0
0
0
0
0
0
0
0
0
0
0
1889815
0
0
0
0
0
0
0
0
0
0
0
0
0
0
0
0
0
0
0
0
0
726023
0
4360
0
0
1289073
0
0
0
0
0
0
0
0
0
0
0
0
0
0
0
0
0
0
0
11001
0
472778
0
0
0
0
0
0
0
0
0
0
0
0
0
0
0
0
0
0
0
0
0
0
17462045
0
4718186
0
0
0
0
0
0
0
0
0
5184
2660
0
0
0
0
0
0
0
0
0
0
0
0
3290
0
6302
0
0
0
0
0
0
0
0
0
0
0
0
0
0
0
8538
0
0
0
0
0
0
0
2201
0
0
0
0
0
0
0
0
0
0
0
0
0
0
0
0
0
0
5180
0
2185
5664134
0
0
0
0
6669
0
0
6916
0
0
0
0
0
0
0
0
0
0
0
488839
1509
0
0
16820725
0
0
0
0
0
0
7606
0
0
0
0
0
0
0
0
0
0
0
0
0
0
0
5326
0
0
0
0
0
0
0
0
0
0
0
0
10376
0
0
0
0
0
0
0
0
0
0
0
0
0
0
0
0
0
0
0
0
0
0
0
0
0
0
0
0
0
0
0
0
0
2642
4129
0
0
0
0
0
0
0
2891630
0
0
0
0
0
0
0
0
0
0
0
0
0
0
65189
0
0
0
0
0
0
3204
0
0
0
0
0
0
0
0
0
0
0
0
0
0
0
0
0
0
0
0
0
0
0
0
0
0
0
0
0
0
0
3190
0
0
0
8953
0
0
0
0
0
0
0
0
0
0
0
0
0
7644
0
0
0
0
0
0
0
7545
0
0
0
0
12581
0
0
0
0
0
0
0
773345
0
4086177
0
0
0
0
0
0
0
0
0
0
0
0
0
0
0
0
839400
0
0
10166
0
0
0
0
0
18164
0
0
0
0
0
0
0
0
6046
0
0
2153
2628
0
0
0
0
0
0
0
0
0
0
0
9957
0
0
0
0
0
0
0
0
0
0
0
0
0
0
0
0
0
0
0
0
0
0
0
0
0
0
0
0
0
0
0
0
0
0
0
0
0
0
0
0
0
0
0
0
0
0
0
0
0
0
0
4880
0
0
0
0
0
0
0
0
0
0
0
0
0
0
0
0
0
0
0
0
0
0
0
0
0
0
0
0
0
0
0
0
0
0
0
0
0
0
5190
0
0
0
0
0
0
0
0
0
0
0
0
0
0
0
0
0
0
0
0
0
0
0
0
0
0
0
0
0
0
0
0
0
0
0
0
0
0
0
0
817193
0
0
0
0
0
0
0
0
3493
0
0
0
661184
0
0
1947501
0
2225
0
0
0
0
6411
0
0
7824
0
0
0
0
0
0
0
0
0
0
0
0
0
0
0
0
0
0
0
0
0
0
0
0
0
0
0
0
0
0
3986
0
0
0
0
0
0
0
0
0
0
0
0
0
0
0
0
0
0
0
0
1422240
0
0
0
0
0
0
8098598
0
0
0
0
0
0
0
0
0
0
0
0
0
0
6936
0
0
5132
0
0
0
0
0
0
0
0
0
0
0
0
0
0
0
13127971
0
0
7703
0
0
0
0
0
0
0
0
0
2758
0
6122
0
8628189
0
0
0
0
0
0
0
0
0
0
0
0
0
0
445116
0
0
6479
0
0
0
0
0
0
0
0
0
0
0
0
0
0
0
0
0
0
10942
0
0
0
0
0
0
0
0
0
0
0
0
0
5348
0
0
0
0
0
0
3312
0
0
0
0
0
0
0
0
0
0
0
2109961
0
0
6575167
0
0
0
0
0
0
0
0
0
0
295872
0
0
0
0
0
0
0
0
0
0
0
0
5591
0
0
5064
0
0
0
0
2352125
0
0
0
0
0
0
0
0
0
0
0
0
0
0
0
0
0
0
0
2424
7559363
1983364
0
0
0
0
0
0
0
0
0
0
0
0
0
0
0
0
0
0
0
0
0
0
0
0
0
0
0
0
0
0
0
0
0
0
0
0
0
0
0
0
6832
0
0
0
0
0
0
0
0
2537284
0
0
0
0
0
0
0
0
0
0
1123432
0
0
0
0
4767
0
0
0
0
0
0
0
0
0
0
0
0
0
0
0
0
0
0
0
0
3099
13012
0
0
0
0
0
0
0
14081
0
0
0
0
0
0
0
0
0
0
0
0
2825
0
0
0
0
0
0
0
0
0
0
0
0
0
0
13471
362365
0
0
0
8588
0
0
3381
0
0
0
0
0
0
0
0
0
0
0
0
30074698
0
0
3285
15105
0
0
0
4542396
0
0
0
0
0
0
0
0
0
0
0
0
0
0
0
0
0
0
0
0
0
0
0
0
0
0
0
0
0
0
0
0
0
0
0
0
0
0
25271499
0
0
0
0
0
0
0
0
0
0
0
0
0
0
11318
0
0
0
0
0
0
0
0
0
0
0
0
0
647331
0
0
0
0
0
0
0
0
0
0
0
0
318041
0
0
0
0
0
0
0
0
0
0
0
0
0
0
0
0
0
0
0
0
0
0
0
0
0
0
0
3978
0
0
0
0
8518
0
0
0
0
6677
0
0
0
0
0
0
2601513
0
0
0
0
0
0
0
0
0
0
0
0
0
0
0
0
0
0
0
0
0
0
0
0
0
0
0
0
0
0
0
0
0
0
0
10067
0
1596330
0
0
0
0
0
0
0
0
0
0
0
0
0
4761937
0
0
0
0
0
0
0
0
0
0
0
0
0
0
5551
0
8137
0
0
0
2112862
0
0
0
0
0
0
0
0
0
0
2486
0
0
0
0
0
0
0
0
0
0
0
0
0
0
0
3434
0
0
0
0
0
0
0
0
0
8668706
0
0
0
4330
0
0
0
0
0
0
0
0
0
0
0
3502780
0
0
0
0
0
2049
0
0
0
0
0
0
0
5279
0
0
1384004
0
0
0
0
0
0
0
0
3811
1157445
0
0
0
0
0
0
0
0
0
0
0
0
0
0
0
0
0
0
0
0
0
0
0
0
0
0
4106
0
0
0
0
0
0
0
0
2456986
0
0
4290
2760
0
0
1036842
0
0
6040
0
0
0
0
0
0
0
0
0
0
0
0
0
0
0
0
0
0
0
0
0
0
0
0
0
0
0
0
0
0
0
0
0
0
0
0
0
0
0
0
0
0
0
2778627
0
0
0
0
0
0
0
0
3281
0
0
0
0
0
0
0
0
0
0
7527
0
0
0
0
0
6032
0
0
0
0
0
0
0
8841
4494
0
0
0
0
0
0
0
0
0
0
0
0
0
5842
0
0
0
0
0
6910
0
0
0
0
0
0
0
0
0
0
2923355
0
0
0
0
0
0
0
0
0
0
0
0
0
0
0
0
0
0
0
0
0
0
0
0
0
4849
0
0
0
0
0
0
0
0
0
0
1586119
0
0
0
0
0
0
0
0
0
0
6383
0
0
0
0
0
0
6638
0
0
0
5049
0
0
0
0
0
0
0
0
0
0
0
0
0
0
0
0
0
593193
0
0
0
0
3913
0
0
0
0
0
0
0
0
0
5415
0
0
4745
0
0
6078666
0
0
0
0
0
0
0
0
0
0
0
0
0
0
0
1702242
0
0
0
0
0
0
0
454526
5536
0
0
0
0
0
0
3398
0
0
0
0
0
3953
0
0
0
0
0
0
0
0
0
0
0
0
0
0
0
0
0
0
0
0
0
7726
0
0
0
0
0
0
0
0
0
3225
2395
0
0
0
0
0
0
231453
0
0
0
0
0
0
0
0
0
0
12168
0
0
0
0
0
0
0
0
0
0
0
0
0
0
0
0
0
0
0
0
0
0
0
0
0
0
0
0
0
0
0
2313
0
0
0
0
0
648427
0
3319
0
0
0
0
0
0
0
0
0
0
0
0
0
0
0
0
0
0
0
0
0
0
0
0
0
0
2664667
0
0
0
0
0
0
0
7185
0
0
0
0
0
0
0
0
0
0
0
0
459662
0
0
0
0
0
0
0
3143
0
2161
0
0
4090
0
0
0
0
10292
0
0
0
12818
0
0
3556
0
0
0
0
0
0
0
0
0
0
0
0
0
0
0
0
0
0
0
0
0
0
0
0
0
0
0
0
0
0
0
0
0
0
0
0
0
0
0
0
0
0
0
0
0
4073
0
0
0
0
0
0
0
0
0
0
0
0
0
0
0
0
0
3996
0
0
0
0
0
0
0
0
0
17116626
0
0
0
0
0
0
0
0
0
0
0
0
0
0
0
0
0
0
0
0
0
0
0
0
0
0
0
0
0
0
0
0
0
0
0
0
0
0
0
0
0
5386
792602
0
0
0
0
0
0
0
0
0
0
0
0
0
0
540144
0
0
0
0
0
0
0
0
0
0
0
0
0
0
0
0
0
0
0
0
0
0
0
0
0
0
0
0
0
0
0
0
0
0
0
0
0
0
0
0
0
0
0
0
0
0
0
0
0
0
0
0
0
0
0
0
0
0
4825992
3456
0
0
0
0
0
0
0
0
0
0
0
3665
0
4381
0
0
0
0
0
0
3791
1787582
0
0
0
0
0
0
0
0
0
0
0
0
0
0
0
0
0
0
0
0
0
0
0
0
0
0
25958
0
0
0
0
4911566
0
0
0
0
0
0
0
18055855
0
0
0
0
0
3348
14475
26067234
0
0
0
14859
0
2666
0
0
0
0
0
0
0
0
6262
0
0
0
11517
0
0
0
3239
0
0
0
0
0
0
0
0
0
0
0
0
2532723
3899
0
0
0
0
0
0
0
0
0
0
0
0
1787095
0
0
1003012
0
0
0
0
0
0
0
0
0
2398
0
0
0
0
5090
0
0
0
0
615351
0
0
0
0
0
0
0
0
0
0
0
0
0
0
0
0
765166
0
0
0
6954
0
0
0
0
0
0
2612973
0
0
0
0
0
0
0
0
0
0
0
6742
0
5343
0
3007
0
0
0
0
0
0
0
0
0
0
0
0
0
7056
0
0
0
0
0
0
0
0
0
0
0
0
0
0
0
0
0
0
0
5615
0
0
0
2770
0
0
0
0
0
0
0
0
0
0
0
0
0
0
0
0
0
0
5006
0
0
0
0
0
0
0
0
0
0
0
0
0
0
0
0
0
0
0
0
0
0
9097
0
0
0
0
1898986
0
0
0
0
0
0
0
0
10576
0
0
0
0
0
0
0
0
0
7999
0
0
0
0
0
0
0
0
0
0
0
0
0
0
0
0
0
0
0
0
0
0
0
0
0
0
0
0
0
0
0
0
0
0
0
0
0
0
1516636
5154
0
0
0
0
0
0
0
0
7950
0
0
0
0
0
0
0
0
0
0
0
0
0
0
0
6920
0
0
0
4951870
3392
0
0
0
0
0
0
0
0
0
0
1140165
0
0
0
0
0
0
0
0
0
0
0
0
0
0
10633
0
0
0
0
0
0
0
0
0
0
0
0
8259301
0
0
0
0
0
0
0
0
0
0
0
0
572832
0
0
0
0
0
0
0
0
0
0
0
0
0
0
0
4515
0
0
0
0
0
0
0
0
0
0
0
0
0
0
0
0
0
0
0
0
0
0
0
0
0
0
0
0
0
2672527
0
0
0
0
0
0
0
0
0
0
0
0
0
287647
0
0
0
0
0
0
0
0
0
0
0
0
0
0
0
0
0
0
0
0
0
985228
0
0
0
0
0
0
0
0
0
0
0
0
0
0
0
0
0
0
0
0
0
0
0
2473889
0
0
0
0
0
0
0
0
0
0
0
4960
0
0
0
0
0
0
0
0
0
0
0
0
0
0
0
8618
2343539
0
0
0
0
0
0
0
0
0
0
0
0
0
0
3154010
4382501
0
0
6095
0
0
0
0
0
0
0
0
0
0
8931
0
0
0
0
0
0
0
0
0
0
0
0
0
0
0
0
0
9512
0
0
0
0
0
0
0
3546
416439
0
0
0
0
0
0
0
0
0
0
1335037
0
0
0
0
8770
0
0
3859432
0
0
7436
0
5835
0
0
0
0
0
1305675
0
0
3143
0
0
0
0
0
0
0
0
0
0
0
0
0
0
0
0
0
10364
0
0
0
854408
0
0
0
0
0
0
0
0
0
0
0
0
0
3467300
0
0
0
0
0
0
0
0
0
6892
0
0
0
0
0
0
0
0
1725043
0
0
0
0
0
0
7519470
0
0
0
0
0
2452206
0
0
0
0
0
0
0
0
0
3203
0
0
0
0
0
0
0
0
0
1749590
0
0
0
0
8077
0
0
0
0
0
0
0
4610
0
0
0
0
0
5828
0
0
0
0
0
0
0
0
0
0
0
0
0
0
0
0
0
0
0
0
0
0
0
0
0
0
0
4458464
0
0
6231
0
0
0
0
0
0
0
0
6143
0
0
0
4809
0
0
0
0
0
0
0
0
0
0
0
3724
0
0
0
0
0
7323
0
0
0
0
0
7874
0
0
7762
0
0
0
0
0
0
0
0
0
0
12848
0
0
21098228
0
0
0
4532
0
0
0
0
0
0
0
10479861
0
0
0
0
0
0
0
0
20985809
0
0
3298939
0
23419704
0
0
0
0
0
0
0
0
0
0
0
0
7024
0
0
0
0
0
0
0
0
2684963
0
0
2907
10119
0
0
0
0
0
0
0
0
0
2933153
0
0
299745
0
0
0
0
0
0
0
0
0
0
0
0
0
0
0
0
0
0
0
0
0
0
0
0
0
0
0
0
0
0
0
0
0
0
0
2955
0
0
6210
0
0
0
0
0
0
0
74279065
0
0
0
0
0
0
0
0
0
0
0
0
0
0
0
0
0
0
5114
0
0
0
6728
3593
0
0
0
0
0
0
4263
0
0
0
0
0
0
0
0
0
0
0
0
18320137
5443
0
0
0
0
0
0
0
0
0
0
0
8285131
0
3349844
5615
0
0
0
0
0
694725
0
0
6590
0
0
0
0
0
0
0
0
5868
0
0
0
0
0
0
3144299
0
0
0
2416735
0
0
0
7395
0
0
0
0
3422
0
0
0
852947
0
0
0
0
0
0
0
17538541
0
0
0
0
0
0
0
0
0
0
0
0
0
0
0
0
0
0
0
0
0
0
0
0
0
0
0
3160
0
0
0
0
0
0
0
0
0
0
0
4464
0
0
5501
0
0
0
0
0
0
0
0
7856818
0
0
0
0
0
0
0
0
0
246281
0
0
0
0
0
0
0
0
0
0
0
0
0
0
4641
244233
0
0
0
0
0
0
0
0
0
0
0
0
0
7997
0
0
0
0
0
0
0
0
6582
0
0
0
0
0
0
0
0
0
0
0
0
0
0
0
0
0
0
86287770
0
0
0
0
0
0
0
4462
0
0
0
0
0
0
0
0
0
381806
0
0
0
0
0
0
0
0
15053069
0
0
0
0
0
13248
0
400569
0
0
5013705
0
0
0
0
0
0
0
0
0
0
0
0
2750
0
0
0
0
0
0
0
0
0
0
0
0
0
0
0
0
0
0
0
0
0
0
0
0
11643
0
0
0
0
0
0
0
0
0
0
0
0
2979592
500102
0
0
3612655
0
0
0
8786119
26279
0
0
0
0
0
0
0
0
0
0
0
7604
0
0
4444
0
0
0
0
4015
0
0
0
0
0
0
0
0
0
0
0
0
0
3305
0
0
0
0
0
0
11639
0
0
0
0
0
749734
0
0
0
0
0
0
0
0
0
0
0
0
0
0
0
0
0
0
0
0
0
849858
0
0
0
0
0
0
0
0
0
0
0
0
3373252
0
0
0
0
934248
0
4330
0
0
0
0
0
5105
0
0
1216383
0
0
0
0
0
0
0
0
0
0
0
0
0
0
4380
0
0
0
0
0
0
0
0
0
0
338513
0
0
0
0
0
0
0
302258
0
0
0
0
0
0
8219
0
0
0
0
0
0
0
626286
4233
0
3576261
0
0
0
0
0
0
7419
0
0
0
0
0
0
0
0
0
0
0
0
0
0
0
0
0
0
0
0
0
0
0
0
0
0
0
0
0
0
0
0
0
0
0
0
0
0
0
0
0
0
0
0
0
0
0
0
0
3875
0
0
0
0
0
0
0
0
0
0
0
0
0
0
0
0
0
0
0
0
0
0
0
0
0
0
0
2315701
0
0
0
0
0
0
0
0
0
0
0
0
0
0
0
0
0
0
0
0
0
0
0
0
0
3861
0
0
0
0
0
0
0
0
0
0
0
0
0
0
0
0
0
0
0
0
0
0
4047
0
0
0
0
0
0
0
0
1193689
0
0
0
0
1372118
0
0
0
0
699225
0
3516
0
0
0
0
0
0
0
0
0
0
0
0
0
0
0
0
0
0
0
0
0
0
0
0
923228
0
0
0
826033
0
0
0
0
7592690
0
0
0
0
0
0
0
0
0
0
0
0
0
0
0
5834
0
0
0
0
0
0
0
0
0
0
0
0
0
0
0
0
0
0
0
0
0
0
0
0
0
0
0
0
0
0
0
0
0
0
0
0
0
0
0
0
0
0
662295
0
1577638
0
0
5219943
0
0
0
0
0
0
12652
0
0
0
0
0
0
0
0
0
0
5236
0
0
0
0
0
0
0
0
0
0
0
0
0
0
0
0
0
0
0
0
0
0
0
0
0
0
0
0
0
0
0
0
0
0
0
0
0
0
0
0
0
3419848
0
0
0
0
0
0
0
0
0
0
0
0
0
0
0
0
0
0
112473881
0
0
0
571914
0
0
0
0
0
0
0
0
4969
6798
0
0
0
0
0
0
0
22475334
0
0
0
3464
0
0
0
0
0
565273
0
10919
0
0
0
0
0
0
0
0
0
0
0
0
0
0
0
0
0
0
0
0
0
0
0
10043
0
0
0
0
0
0
0
0
0
0
0
0
3105
0
0
0
0
0
0
0
0
0
0
0
0
0
0
0
0
0
0
0
0
0
0
0
0
0
15790999
3482
0
0
0
2710095
0
0
0
57713674
0
0
0
0
0
0
3552
0
0
0
0
0
0
0
0
0
0
0
0
0
0
0
0
0
0
0
0
0
0
0
0
0
0
0
0
3767418
5322757
0
482491
0
0
0
0
0
0
0
0
0
7324
0
0
0
0
0
4649
0
0
0
0
0
0
6514063
22465163
0
0
0
0
0
0
0
0
0
0
0
0
0
0
0
0
0
0
0
0
0
0
0
0
0
0
0
0
0
0
0
0
0
0
0
0
0
0
0
0
9153017
0
0
0
0
4954
0
0
539882
0
14839
0
0
0
0
0
0
0
0
0
0
0
0
647070
0
0
0
0
0
38790
0
0
0
3678441
0
0
0
0
0
2056904
0
0
0
0
0
0
0
0
0
0
0
0
0
0
0
0
7073478
0
0
0
0
0
7265
0
0
0
0
0
0
0
0
0
0
0
0
0
0
0
0
0
0
0
0
0
0
0
0
0
0
0
0
0
0
0
0
0
0
0
0
5593
0
0
0
0
0
0
0
0
6674
0
0
0
0
2680447
0
0
4128
5314
0
0
0
0
15499265
0
0
0
0
0
0
0
0
0
0
0
0
5203263
0
7247
0
0
0
0
0
0
5960
0
6908
0
0
0
0
0
0
0
0
4615
0
0
0
0
0
0
0
0
0
0
0
0
0
0
0
0
0
0
0
0
0
0
0
0
0
0
0
0
0
0
0
0
0
0
0
0
0
0
0
0
0
0
0
466303
0
10034978
1638960
0
6892
0
0
0
0
0
0
6664522
0
0
0
4025
0
0
0
0
8069
0
0
0
0
0
0
0
0
0
0
0
0
0
2062087
0
0
0
0
0
0
0
0
0
0
0
0
0
0
0
0
0
0
0
0
0
0
0
0
0
0
32994
0
1063331
1408429
0
0
0
0
816555
0
5461
0
0
0
0
0
0
0
0
0
0
0
0
0
0
0
9507
18130
0
0
0
460373
0
0
0
0
0
0
0
0
0
0
0
908602
0
0
0
0
0
0
0
0
0
0
5499
0
0
0
0
0
0
0
0
0
0
0
0
0
0
0
0
0
0
0
8496
0
0
0
0
0
0
0
0
0
0
0
0
0
0
0
0
0
0
0
0
0
0
4049
0
0
0
0
0
0
0
0
0
0
0
0
0
0
0
0
0
0
0
0
11920
0
0
0
0
0
7951
0
0
0
0
0
0
0
3579
0
20391325
0
0
0
23413
0
0
0
0
0
0
5764
11688418
0
0
0
0
0
0
0
0
0
0
0
4923
0
7459
0
0
0
0
0
0
0
0
0
0
0
0
0
0
0
0
0
11256
0
0
0
0
0
0
4872
0
0
0
4077
0
0
0
0
0
0
0
0
0
0
0
0
0
0
0
0
0
0
0
588173
0
0
0
0
0
0
0
0
0
0
0
8794372
0
0
0
0
0
0
5134
0
0
0
0
0
0
0
5158
0
4388
0
0
447359
0
0
0
0
0
0
0
0
241776
0
0
0
0
0
0
0
0
4951
0
0
0
305835
0
0
0
0
376840
0
0
0
0
0
0
0
0
0
0
0
0
0
0
0
0
0
0
0
4483
0
0
3331165
11613116
0
0
0
4272
0
0
0
0
0
0
0
15599630
0
0
0
0
0
0
0
0
0
0
2970332
0
0
0
0
0
0
0
0
36421490
0
2865431
0
0
4731
0
7454
0
0
0
0
0
0
0
0
0
0
7598
3339001
0
0
0
0
0
0
0
0
0
0
0
0
5596614
0
0
2199589
0
0
0
3979
7668
0
0
0
309828
0
0
0
0
0
0
0
0
0
0
0
0
0
0
0
0
3295137
1642413
0
0
0
0
0
0
0
0
0
0
0
0
0
0
0
0
0
0
0
0
0
0
0
0
0
7592
0
0
0
0
0
0
0
0
0
4431389
0
0
0
0
0
1378656
0
0
19558121
0
0
9144
0
0
0
0
0
0
0
0
0
0
0
652899
0
0
0
6008
0
0
0
0
0
0
0
0
0
0
0
0
0
0
5793
0
0
11047
0
0
0
0
0
0
0
0
0
0
0
0
0
0
0
2379209
0
0
0
0
5801
0
5962
0
0
0
0
0
0
0
0
0
588532
0
0
0
0
0
0
0
0
1381890
0
0
3773484
526470
0
0
0
0
0
448688
0
0
0
0
97821470
0
0
0
0
0
0
0
0
6176
0
0
0
0
0
0
0
0
0
0
0
0
0
0
0
0
0
0
0
0
0
6431
0
0
0
0
0
0
946326
0
5798
0
0
0
0
0
0
0
0
0
0
0
0
0
0
0
0
0
0
0
0
0
0
0
0
0
0
0
0
0
0
7078
0
0
0
0
0
0
0
0
0
0
0
0
0
0
0
0
0
0
4412
8907
0
0
0
0
0
0
0
0
0
0
0
0
0
0
0
0
0
0
0
0
0
0
0
0
0
0
833494
0
0
0
0
0
0
0
0
0
0
0
0
0
0
0
0
1912925
0
0
0
0
0
0
0
0
0
0
0
0
0
10556
0
0
627615
0
7041
0
0
0
0
5552089
0
0
0
0
0
0
0
0
0
0
0
0
0
0
0
0
0
0
0
0
0
0
0
0
0
0
0
0
0
0
317841
0
0
0
541503
0
0
0
4480393
0
0
0
0
1943834
0
0
0
1526756
0
0
0
5146
0
0
0
0
0
0
0
2170683
6627
0
0
0
0
0
0
0
0
5415
0
0
0
0
0
0
0
0
0
0
0
0
0
0
0
0
0
0
0
0
0
0
0
0
0
0
0
0
0
6886
0
0
0
0
5537
0
0
0
0
0
5910
7622
0
0
0
0
0
0
0
0
0
0
0
0
0
673627
0
0
0
0
0
0
0
0
0
0
0
0
0
0
0
0
0
0
0
0
0
3875
0
0
0
0
0
0
0
0
0
0
0
0
0
0
0
0
0
0
0
0
6196
0
0
0
0
0
0
5733
0
0
0
0
0
0
0
0
0
6601
0
0
0
0
0
0
0
0
0
0
0
0
0
0
0
0
0
0
0
0
0
0
0
2633088
0
0
0
0
0
0
0
0
0
0
0
0
9278
0
0
0
0
0
0
0
0
0
0
0
0
0
0
0
0
0
0
0
0
0
0
0
0
7584
0
0
0
743647
0
0
0
0
0
7638
0
0
0
0
0
0
0
0
0
0
0
0
0
0
0
0
0
0
0
0
0
0
0
0
0
0
0
0
0
0
0
0
0
0
0
0
0
0
0
0
0
0
0
4125
0
0
0
0
20405639
0
0
0
0
0
0
0
0
0
0
0
0
0
0
0
0
0
0
0
0
0
0
0
0
0
0
0
0
366157
0
0
0
0
0
0
0
0
0
0
0
0
0
0
0
0
0
0
0
0
0
0
0
7950890
0
0
0
0
0
5845370
0
0
0
2092220
0
0
0
0
0
0
0
0
0
0
0
0
0
0
0
0
0
0
0
0
0
0
0
0
0
5595
726721
0
0
0
0
0
58987623
0
0
0
0
0
0
6703
0
0
0
0
0
0
0
0
0
6100
0
0
615848
0
0
0
0
0
0
0
0
0
0
0
10627
0
0
0
0
0
0
0
0
0
0
0
0
0
0
0
16515
0
0
0
0
0
0
0
0
0
0
0
0
0
0
0
0
0
1425548
8720634
0
0
0
9732
0
0
0
2128054
0
0
0
0
0
0
0
0
0
0
0
0
0
0
0
0
0
0
0
0
0
0
0
0
0
0
0
0
0
0
0
0
0
0
0
0
0
0
0
0
0
0
0
0
0
0
0
0
1461474
0
0
0
0
0
0
0
0
0
0
0
0
0
0
0
0
0
6026
0
0
0
0
0
0
0
1221527
0
0
0
0
0
0
0
0
0
0
0
0
0
0
0
0
0
0
0
0
0
0
0
0
0
0
0
0
0
0
0
0
6344
0
0
0
0
0
0
0
0
0
0
0
0
0
0
0
0
0
0
331939
0
0
0
0
0
0
0
0
0
0
0
0
0
0
0
0
0
0
0
0
0
0
0
0
0
0
0
0
0
831187
0
0
0
0
0
0
5466
0
0
0
0
0
0
0
0
0
0
0
0
0
0
0
0
0
0
0
0
0
0
0
958602
0
0
0
0
0
0
0
0
2258009
0
2104047
0
0
9907
0
0
0
0
0
0
0
0
0
0
0
0
0
0
0
0
0
0
0
2995109
0
0
0
0
0
0
0
0
0
0
0
0
0
0
0
0
0
0
0
0
0
2179871
0
0
723836
0
0
0
0
0
0
0
0
682215
0
0
0
0
0
0
0
0
0
0
0
0
0
6630
0
0
0
0
0
0
0
0
5901253
0
0
0
0
0
0
4945
0
0
0
0
0
0
0
0
0
0
0
0
0
0
0
0
0
0
0
0
0
0
0
0
0
0
4049490
0
0
0
0
0
0
2011503
0
0
0
0
0
0
0
0
0
0
0
0
0
0
0
0
0
0
0
0
0
0
0
0
0
0
0
0
12645140
0
0
0
0
0
0
0
0
0
0
0
0
0
0
0
0
0
0
0
0
0
0
0
0
7812
0
4739
0
0
0
5843925
0
0
0
0
0
0
0
0
0
0
0
0
0
0
0
0
0
0
0
0
0
0
0
0
0
0
0
0
0
0
0
0
0
0
0
0
0
0
0
4182
0
0
0
0
0
0
0
0
0
0
0
0
0
0
0
0
0
0
0
114132548
0
704209
0
0
0
75330001
0
0
0
7634
0
0
0
7850
0
0
0
0
0
0
0
0
0
0
0
0
0
0
0
0
0
0
0
0
0
910697
7321
0
0
0
0
0
0
0
0
0
0
0
0
0
0
0
0
0
0
0
0
0
0
0
0
0
0
0
0
6433
0
0
0
0
0
0
0
0
0
0
0
0
0
0
0
0
0
0
0
0
0
0
3038053
0
0
0
0
436859
0
0
0
0
0
0
0
0
0
0
0
0
0
0
0
0
0
0
0
0
0
0
0
0
0
0
420864
0
0
0
0
0
410361
0
3600489
0
0
0
0
0
0
0
0
0
0
0
0
0
3850615
0
0
0
0
0
0
0
0
0
0
0
0
0
0
0
691206
0
0
0
0
0
0
0
0
0
0
0
0
0
0
0
0
0
0
0
0
0
0
0
1468978
0
167633
0
0
0
0
0
0
0
1826031
0
0
0
0
0
0
0
0
0
0
0
0
0
0
0
0
0
307458
0
0
0
7846
0
0
0
0
0
0
64556
0
0
930733
0
0
0
0
0
13055
48254191
0
0
0
0
0
0
0
0
0
0
0
0
0
0
0
0
0
0
759889
0
0
0
0
0
0
0
0
0
0
0
0
0
0
0
0
0
0
0
0
0
0
0
0
0
0
0
0
0
0
0
0
0
0
0
0
0
0
0
0
0
724636
0
0
9055
0
0
0
0
0
0
0
0
0
0
0
0
12471
0
0
0
0
559588
0
0
0
0
0
0
0
0
0
0
0
0
0
0
0
0
0
0
0
0
0
0
0
0
0
0
0
0
0
0
0
0
0
0
7706
5908
0
0
0
0
0
81096143
0
0
0
2433149
0
0
0
0
0
0
0
0
0
5314
0
0
0
0
0
0
47675512
0
0
17554200
0
0
0
0
0
32285
0
0
0
0
0
66951524
0
0
0
0
10060
0
0
0
0
0
0
0
0
0
0
0
0
0
0
0
0
0
0
0
0
0
0
0
0
0
0
0
0
0
0
0
0
0
0
0
0
0
0
0
0
0
0
26161186
0
189725670
0
0
0
0
0
2807651
0
480480
0
0
0
0
0
0
0
0
533376
0
0
0
0
0
0
0
0
0
6596
0
0
0
0
0
6479
0
0
0
0
0
0
0
0
0
0
0
0
0
0
319930
269871
0
0
0
0
0
0
0
0
0
0
0
0
0
0
0
0
0
0
0
0
0
0
0
0
0
0
0
0
0
0
0
4835
0
0
0
0
1071329
0
0
0
0
0
0
0
0
0
0
0
0
0
0
0
0
1646142
0
0
0
0
0
0
0
0
0
0
0
0
0
16807
0
0
0
0
0
0
0
0
0
0
0
0
0
0
0
0
0
4381106
0
0
0
0
0
0
1519851
7861
0
0
0
0
0
0
0
0
0
1603456
0
0
0
0
0
4304904
0
0
0
0
0
0
0
746368
0
0
0
0
0
0
0
0
0
0
0
0
0
0
0
0
0
0
0
0
0
0
0
0
0
1372185
0
0
0
0
0
0
0
0
0
0
5474
0
0
0
0
0
0
0
0
0
0
0
0
0
0
5259
0
0
0
0
0
0
0
0
0
0
31952507
0
0
0
0
0
0
0
0
0
0
0
0
0
0
0
0
0
0
0
0
0
0
6994
2679429
0
0
0
0
0
0
0
6864
0
0
0
0
0
0
0
5191034
0
0
0
0
0
204468
0
0
610999
0
0
0
4936
0
0
1916779
0
0
0
0
0
0
1364958
0
0
0
0
0
0
0
803414
0
0
0
7906
0
0
6385
0
0
0
0
0
0
0
0
5488
0
0
0
0
0
2998754
0
0
0
0
0
0
0
0
0
0
0
0
0
0
0
0
0
0
0
0
0
0
0
0
0
0
0
0
0
0
0
0
0
20127
0
0
0
0
0
0
0
0
0
0
0
5699
0
8317
4304
0
1122938
0
0
0
0
0
0
0
0
0
0
0
0
0
0
0
0
0
0
0
0
0
0
0
0
0
0
0
0
0
0
0
0
0
0
0
0
0
0
0
0
0
625448
0
0
0
0
0
0
0
0
0
0
0
0
0
0
0
0
5042560
0
0
9591176
0
0
0
0
0
0
0
17172382
126001646
0
0
0
0
0
0
9653
0
0
0
0
0
0
620013
0
0
0
0
0
0
0
0
0
0
0
499259
0
0
0
0
0
0
0
0
0
0
0
5265
0
0
0
0
0
0
0
0
0
0
9674
0
0
0
0
0
0
0
0
0
0
7652
0
0
0
11393
0
0
0
0
0
0
92999712
0
0
0
0
0
0
0
0
0
0
0
0
0
11047
0
0
0
0
936285
0
0
0
0
745199
5723835
0
12485
0
0
0
0
0
0
1585620
2318305
0
0
0
0
0
0
0
0
0
0
0
0
0
0
0
0
0
0
0
8954
0
0
0
0
0
0
0
0
0
6586278
395260
0
0
0
0
0
0
0
0
0
0
0
0
0
0
0
0
0
0
12309598
0
0
0
0
0
0
0
0
0
0
0
0
0
0
0
0
0
0
0
0
0
0
0
0
0
0
0
0
0
0
2486945
0
0
0
0
0
0
0
0
0
0
0
0
0
0
0
0
0
0
538529
0
0
0
2476208
8990
0
0
0
0
0
0
0
0
0
2655191
0
0
2905295
0
0
0
1646597
0
0
0
11212044
0
0
0
5093655
0
0
0
9017
0
0
0
0
0
0
0
0
0
0
0
0
0
0
0
0
0
0
0
0
0
0
1303456
0
0
0
0
0
6708287
0
0
0
0
0
13175
0
0
0
0
0
0
0
0
0
0
0
0
0
0
1763443
0
0
0
0
0
0
0
0
0
0
0
0
0
0
0
0
0
0
0
0
0
0
0
0
0
0
0
0
0
0
0
0
0
0
0
0
0
0
0
0
0
0
0
0
0
0
0
0
0
0
0
0
0
0
0
0
0
0
0
0
0
0
0
0
0
0
0
0
0
0
0
0
0
0
0
0
0
183357823
0
0
0
0
0
0
0
0
0
0
0
0
0
0
0
9568
0
0
0
0
0
0
0
0
0
0
0
23501707
0
590559
0
0
0
0
0
4853542
0
0
0
0
0
0
0
0
2290205
0
0
0
7465
0
0
0
0
0
0
0
0
0
0
0
0
0
9000906
0
0
0
0
0
0
0
0
0
0
0
0
0
0
0
0
0
1729287
0
0
0
0
0
0
0
510315
0
0
0
0
0
0
0
0
3415967
0
0
0
0
0
0
0
0
0
0
0
0
0
0
0
0
0
0
0
0
0
0
0
0
0
0
0
0
0
0
0
0
0
0
0
0
0
0
0
0
0
0
0
1960581
0
0
0
0
0
0
7312023
0
0
0
1551234
0
0
0
0
0
0
0
0
2623344
0
0
0
0
0
0
0
0
0
0
0
0
0
0
0
0
0
0
774905
0
6107
0
0
0
8261
0
0
705785
0
0
759685
0
1072171
0
0
0
0
1106435
0
15989096
0
0
0
0
4617
0
0
0
0
0
0
0
0
0
0
0
0
0
0
0
0
0
0
0
0
0
0
0
0
0
0
0
0
0
0
0
0
0
0
4245035
0
0
0
1287383
0
0
0
0
0
0
0
0
0
0
0
0
0
7499
0
0
0
0
0
0
0
0
1098705
0
0
0
0
0
0
0
0
0
0
6856
0
0
0
0
0
0
0
0
0
0
0
0
0
0
0
0
0
0
0
0
0
61705824
0
0
0
0
0
0
0
0
0
0
0
0
0
0
880012
1890923
0
0
0
1186862
0
0
0
0
0
0
0
0
0
0
0
0
0
5220
0
0
0
0
0
0
0
7530
0
0
0
0
0
0
0
0
0
0
0
0
0
0
0
0
0
0
0
0
0
0
0
0
0
0
0
0
0
0
0
0
0
0
0
0
0
0
0
0
0
0
0
0
0
0
0
0
0
0
0
0
0
0
0
0
0
0
0
0
0
885631
0
0
0
3217004
0
0
0
0
0
0
0
0
0
0
0
0
0
0
0
0
7898
0
0
0
0
0
0
0
0
0
0
0
0
0
0
0
0
0
0
0
0
0
0
0
0
0
0
0
0
0
0
0
1624751
0
16209128
0
0
0
0
0
0
0
0
0
0
0
0
0
0
0
0
0
0
79490456
770480
0
0
0
0
0
0
0
0
0
0
0
0
0
0
0
0
0
0
0
0
0
0
0
0
0
0
0
0
0
0
0
0
3791207
0
0
70057970
0
0
7076
0
0
0
0
0
0
0
0
0
0
0
0
0
0
0
0
0
0
0
0
0
0
0
0
0
0
0
0
0
0
0
0
2123740
0
0
4769
0
1489022
0
0
0
0
0
0
0
0
0
749349
0
0
0
0
0
0
0
0
0
0
0
0
0
0
0
0
0
0
0
0
0
0
0
475358
0
0
0
0
33710046
0
0
0
0
0
0
0
0
0
0
0
0
2216712
0
0
0
0
0
0
0
0
0
0
0
0
0
0
0
0
0
0
0
0
0
0
0
0
0
0
0
8447
0
0
0
0
0
276743
0
0
0
0
0
0
0
0
0
0
0
0
0
0
0
0
0
0
0
0
0
0
0
0
492322
0
0
0
0
0
0
0
0
0
0
0
0
0
0
0
4643
0
0
0
0
0
8201
0
0
0
0
0
0
0
0
2967259
0
0
0
0
0
0
0
0
0
0
648523
0
0
0
6182
0
0
0
0
0
0
0
0
0
0
0
0
0
0
0
0
0
0
0
0
0
0
0
35677737
6974
0
0
0
0
0
0
0
0
0
0
0
0
0
0
0
0
0
0
0
0
0
0
22680678
0
0
0
0
0
2524183
0
0
0
0
0
0
7283
0
0
0
0
0
0
0
0
0
0
0
0
0
0
0
0
0
0
0
0
0
0
0
2688800
0
0
0
0
0
0
0
0
0
0
0
0
0
0
1467007
0
0
0
0
0
0
0
0
0
0
0
0
0
0
0
0
0
5062
0
0
0
0
2453304
0
0
0
0
0
0
0
0
0
0
0
0
0
0
0
0
8022
0
0
2574755
0
0
51078019
0
0
0
0
0
0
0
0
0
0
10775
0
0
0
0
14036486
0
0
0
0
0
104509715
0
0
0
0
3818314
0
0
0
0
0
0
0
0
0
0
0
0
0
0
5210
0
7842
0
0
0
3413620
0
0
0
0
0
0
4196857
0
0
36802106
0
0
0
0
8107
0
0
0
0
0
0
0
0
0
3290883
0
0
0
0
6439
0
0
0
0
0
0
0
0
0
0
0
0
0
0
0
0
0
0
0
0
0
1465271
0
0
528188
0
0
0
0
876521
0
0
0
0
0
0
5537
5244
0
0
0
0
0
0
0
767399
0
0
0
0
0
0
0
0
837730
0
0
0
0
0
0
6830
626175
0
0
0
0
0
0
0
0
0
0
0
0
0
0
0
0
0
0
6742
0
0
0
0
0
0
0
0
0
0
0
0
0
0
0
0
0
0
0
0
0
0
0
0
0
0
0
0
