0
1479750
3481
680364
9060
1884113
3357998
7534305
3586
8983
6518773
6441
5680
10170
3411
2037768
7915
575584
948819
58452
627829
3185
3799766
3161
4960
2715785
114667821
3441
3163
4574
4103
2899
3157
2033
3464696
11139
3880
3831
4180
7220
4840116
194358
2876
1053309
462303
5512472
2395
863982
15539341
1183797
4117
7293
1867
2846
2252548
2901
2878
4487
6637740
41677862
2719887
13504
7922494
2577
4612
5235
5972684
370051
5996
2538
4173941
8265
233710
16838
1902465
3058
4060
8763377
2368
3030
839767
5490
527635
4229
614918
5681340
6514
3609
3201772
4303
6565395
1545414
3302
3392
1355698
3447
14263
381763
3133
6610
9450773
5436
3078
4889
54703585
2588
1594576
2945
2978794
4018
225830
7025090
1614500
125091
2789
3778
3725
5611341
76944711
3920080
2542155
8132217
5557
7392808
4103
12273
66910750
2371713
2075169
1607345
3940
2780100
3952
6033
716005
2993
1466466
3590
32566197
4602
2616
783088
5278856
4322094
3572
1993
2398
4711665
1178247
6486
4034
2556
3641
16651855
691004
916561
2888806
2972833
5186458
4012
1408767
4003
2935
4119476
11063406
4178
4232
7038
2911
6087236
17181
9868
4210612
24328228
3155
143178
4690
620347
3646
4211
18340072
474674
1382
2653
2876
2405
3611
19904721
2184364
8584151
3581307
30471766
1397386
9703937
4016167
387409
3269
3625410
3287
3419432
4576
1631015
2370168
1654825
2868
2859043
3057
3159
8162
3191
2345
3625
359215
2745697
2811
2136
3844
25472254
17612041
541009
6714
554898
3756
1111642
1868926
3867120
7094458
2476
1611866
5472
2799845
3717
2821
9491570
3417
3359
4132
2686
4926596
111290436
2852623
7901
3202
749393
5367717
11149267
3523
2925
5632
6527344
5867350
174058
3276428
156212
3730
2474
2386166
4204
8085072
2963
1889
6874
2542
2621
4505
42857123
947375
3153
354224
854574
3428
3129
13505033
2282082
3114
10434457
913190
2629
1550118
3651
2644
1459085
451746
11137774
6894853
1181727
3481
3871
3571809
610145
6364587
3043
6816231
411522
8000413
830947
3796
4545914
4238250
8311773
3556
2677
3998264
4679488
3566
6826
7732785
13379520
3281790
5198466
35959740
3199431
1399990
6241
264562
4966118
4404167
3652
3764
2799518
5313
3004026
2312449
3518
1218493
1648555
11243515
48073059
3381165
3102231
2861
6557240
5340124
2887
2535614
23216943
4557
4646204
8719387
3294
2920
7395843
1266684
4120896
4490
2920
3979205
6208449
474705
2119
571636
3422
74817010
1124566
1185564
1877
550685
2470748
996767
1597486
19422210
1205040
383358
8855869
3081
6791771
2307694
7633
65574205
3318470
10442742
705746
1765503
7448104
6233223
4913
3555327
3293887
4341
3680
5225104
2743
1862503
7425160
3630
10697259
13064247
7135464
7320834
3491
7717
1159484
2552195
3200
2068410
1217526
8475797
213337
6212594
3875815
3424
3855
3468553
585687
4329325
29141077
1206550
14603
2353360
2932
4240731
827340
2066819
33856483
492639
985870
2883
2753
13664780
525586
4586
4390766
4351099
18350
923380
2950
63069388
15569472
10385
547999
3796
14608128
4259
12324506
10788479
2772
3648
1172913
3268
4637571
6685689
5230687
204514
2316849
5183840
4849
569312
4239
15182647
3169
759021
5564845
837832
116634165
2641
78936935
2704
10405433
3178
10498291
10080078
28917185
3702
23125730
670519
7408142
3131
7690
8563832
2380226
35567639
166761009
3140
2727
173575063
4590343
1229353
4422
4305
618632
794835
3184664
1189570
3024
513541
631437
10344
3614
2861
336158
11656337
6738034
42978255
2089319
1221979
8026954
3286888
518733
1237785
7188023
2622
4160
2435749
3813
6055037
48534114
9410578
9036477
53128003
9090189
5718041
2620
2346627
5685
1933386
3664
14260452
772703
2678314
3792002
3124
4578
5163580
3492916
3823
1993078
7456056
9956
4556
3096900
818072
9988853
3151
969666
1473143
2941626
7896
4634
2320528
452638
4213
8111279
6086556
4435396
3880
7594177
4195374
2253981
3692
3591197
1770998
1759912
903057
3672
10297095
509750
1253970
1776268
1748923
3262444
5973926
4594
553042
2783328
75072300
514970
2677
208511
763638
3010
3191
3735331
3335
9955999
53175766
3131998
4206
12134348
1364284
8068195
59891
5481316
3959455
3562
1723909
156662196
5341
9240613
3578
3458
3614661
6673905
4376
5605782
1357074
2426
3427
3248800
866509
6284848
133585242
4673
954690
1592175
2929
10307931
1844697
3671
2020389
2533
44998223
4720
1396816
14130822
4063096
2657780
1332134
11904074
819824
3215146
1855767
249172
8071742
2774
5005
919121
4368327
1662510
12247023
41658921
4732044
8251164
7238381
1071382
869783
26769080
14778399
10899540
34302530
8335759
3484663
1605102
532631
338004
495161
11819287
6696716
24346823
18012718
101787991
2900
4129929
3143965
2429120
3399
2904
3777031
209613901
7322443
12006773
581523
2241415
3320
4110
4616
6907404
5812377
7139310
632938
2974005
1816364
8311394
3637
3399
1941574
5379
4709836
2077474
4421
2933971
3408
22144189
4095646
3560
2492
20811237
17710565
2317985
2781
1005405
24912452
1553446
743937
3447243
3993071
3341
5866925
4826475
4390333
135790460
4172
4644641
5613
3828
1082559
672569
1791176
4432
1518016
1843748
13085431
1658590
3191335
2138276
105208514
4344
150413
178131353
2505003
4543345
58707539
4782209
14546218
2431810
2303256
3012907
3903
4341259
3414
4071656
9446780
759334
7081679
8420341
4527
1174514
4902757
111340374
3516
4005
5608
13951
5876021
11393792
2494721
4129
2660
3963
6814748
14877609
2120013
9459712
75041686
11553
1629760
24803338
4386
8875275
602115
2220
24331763
2890322
49679366
2821646
3968
4111310
1535
348198
6557167
40332612
2777519
8657939
7321194
44806157
1911701
9740017
2807
13872480
4272592
4665
536887
4352571
8362801
3210
2584971
5666881
29014080
1412341
3171
11016
5549004
7505709
2690284
2441882
1192004
17717002
4089
16191140
4524
7220406
4258
4109298
1086731
4166
3522
9437249
1961850
1983807
1403880
30963993
3335
1000616
274489171
2840829
1431507
5063478
6569023
564699
6735465
2813
76091021
13529734
8660494
24353402
3645
2823055
6455722
4713
6871562
42948555
929595
9991123
3534
1749381
4139
8832854
3648
1963478
4571
4853770
4155
125274787
799844
7949397
2774703
4302
23447719
11673015
4623147
479750
2807
3824
3809433
1098187
4318
850124
3475
2610227
13077599
12231861
4960
4477437
6359250
1103118
662234
115379080
4713508
5312797
6242
1656300
46654944
3564156
3216
71603986
6645762
1299538
2914406
2619541
18915641
4529
7571159
13960201
479697
4000640
47441746
3061288
5455039
11536
2139441
12581907
450312
3625
2672398
21085954
4684009
7772828
2870856
13054553
12021423
2884380
10694489
2460745
9177678
6381200
22661284
8371675
2672
14355265
5326
35134247
1943575
13464727
4077518
6296432
4673
1439109
17244146
16760409
2967208
20393319
6070910
8560964
4307282
6150
103993974
2692
4887
2660691
1491550
3132854
1571636
4218997
1915434
2592
4213884
133478247
3600
4588530
2597606
25112653
1959149
3871843
4463
4218674
5075
2495
4322977
12057405
2631
18503593
14840306
1789099
1322487
19011289
52357489
11710567
1539129
3405
3393547
3315958
21040863
1087712
17392285
10204249
5027101
12524573
3861
14735263
1085787
4195427
2863822
2913361
3017099
2843052
4386
85609264
930675
2810031
5758
11935106
60106280
77369524
10023785
8067189
12606135
2961275
7188593
3906
4356745
257376903
4067
92581268
5209200
8463099
7069177
18450811
651708
3480037
78176168
3445
12580600
3311099
2883
1775145
10489706
1866136
10072461
9012141
11433077
4363
5209187
3534
3595
17964119
304323
12096252
3099
30616258
504452
14856127
11859313
2549164
4083039
5940079
3115
5192900
33256451
1582672
14340090
3478197
10923556
3961103
4404269
7643273
7369651
9336244
14741977
212265171
16841239
8510190
5450376
7233105
1041532
9469670
6143494
10226198
18157769
2593
20797833
3255817
6407
519861
12611815
4288902
86717445
3752
9174118
1151271
8314389
2514465
11774944
7800501
7524835
10067509
2897991
2634823
7317746
580848
891599
2704181
2306
901238
4099601
17985380
12116269
13129013
9052087
5451592
25226791
6675697
6492139
4981222
4976
5316175
1554642
23222525
21085790
8856105
2502
4485
1375126
3470
4179
43355
2552888
6164641
4324
17962229
3576200
7939048
2978941
1571628
8314749
8857409
1223486
845755
3897585
16471978
16522014
6339706
4067
2539409
5515810
10237702
50606602
551127
74223969
37960494
5011
1657247
8941859
12443314
3971554
21139412
4572
12431482
4137
1803884
8250789
5170371
10122497
9412138
5916218
4007936
4724624
5605244
10830889
6994212
3729292
670875
17994154
6861222
7763099
125730
20119860
59733228
4130
630574
88954059
83372395
3846854
3697155
7927401
33942627
70867917
3004357
7044281
2844163
4418
1026812
15168518
4586
2981
12023395
792615
10913534
5962803
4458
19199663
4487319
8754021
4698866
7721429
12382915
21726401
4080395
7185
14552287
3498
1801982
4843
4039
4620330
12000390
4782
3431
2701783
12573595
8132335
17779827
28032518
16640544
1287609
9042544
18505082
3327376
6667102
7321123
5881355
5880505
15679001
4699
3136696
12543566
4993906
20049382
19201137
1740963
738039
1099006
29327248
364965
3532499
18930123
1274106
5972874
2705
5269841
4285508
3685672
8050160
4470483
5070899
5424
24404806
2857422
7875170
5507014
8356161
7545694
14261414
5138
41714467
3883
4896844
22581548
2975
6394570
4043
3561472
16976998
822315
24197574
7440220
2874723
4994599
2937027
14423729
2830132
157560267
4694162
8560713
4742586
1854
4291
11583322
4959
52339191
26272440
2335839
505649
12435813
1757164
3910412
1502385
3725121
8713404
7214186
2989
2709239
274149
3633939
51114953
7083682
11001201
13855584
27905993
12737271
5229806
4898550
8358680
7972357
4981561
17832539
139788008
6654173
19196251
8559514
1908146
15924945
1419540
7923651
5819923
13650152
2072970
2409247
2715816
1053261
17765759
34381516
11223265
594342
3072815
2830272
12512274
9279574
3397
3504593
7930221
4424925
3822
8875066
6330074
64645652
1738
101975763
7582019
6208693
3036849
617867
2985935
1757282
7365959
5492406
10816818
7464102
140202896
6315155
9992594
31807349
31090387
10351951
903416
3918686
351201
1424907
34176208
3520174
2847698
3820601
3060
9862730
5432017
5364
23522114
2747823
25331607
48444992
14751319
7871204
5371966
18422361
3277
10769364
3745613
4246
5128294
12702692
5114392
1285645
41470104
9014054
1305704
6921566
8003102
8527430
37340770
2943064
90803374
1240926
11394548
8295336
3754
3704126
1970849
4213622
2752601
6501792
3676
9447160
5787955
29774851
1134044
14157676
303297
9198494
4302
12037661
3631
117091922
3056
10373772
8829009
531515
9326554
2513505
3310
4263559
14081371
20481160
4084388
185906701
12271446
3667560
2656262
9366693
8181
6021347
5713067
11071294
2663184
1598369
2789553
43522547
10923394
178592702
1081919
4698492
13569502
2361276
4465972
3750606
7894365
799693
4467
12497225
649794
5696
2318
948654
20725825
3126889
14736325
3771300
5880616
2282409
4692
5141294
929567
19139496
98089878
13406958
25247168
3559
1233759
10424566
4199
1171706
318018209
54424236
4976551
31344551
881422
14389155
28861326
2274282
2086885
11007362
7297196
13939678
7105203
3863546
37013689
5488358
9823512
4429498
9347516
1353409
7670
633701
10977277
10533846
11957507
60144627
4356
20067443
13845495
10346508
47533709
18407277
11464646
11275431
10225025
8294879
424218
4162260
28088555
2286844
10049897
4900407
49569192
23540865
10303203
9196808
2067392
1106589
12848638
115196368
16179876
3385
3475041
7325465
2813
2014711
4581894
2596899
28397462
4044
3170618
8388483
12770885
4975140
8689159
18279620
8325737
4930917
6543464
4330
18066981
763300
9451
49044832
3744743
4696
104291206
1664742
6341790
6182
1009002
8554004
4647875
5182248
22280185
10560084
518477
1453123
9842912
3551365
3880628
3824
4863142
12717639
3217480
19202576
4261297
2316283
4588
69909220
15780074
41644550
19803135
9066664
3588
3860
4334021
11774744
8146896
15534387
1892236
11234238
237898072
12351379
11295614
13965829
18178832
3663175
7726956
136082897
526069285
3902629
18372238
7186332
9831787
10522455
6648563
9126566
3577
13284946
4913966
28829159
9692244
5773823
865777
5585851
4610630
28449630
15088611
65657005
22081855
12276004
3486839
5019075
11254683
8978816
126793304
3556481
8751951
4784
271057289
21684789
44682697
3809
8816754
4075711
133770015
3821019
5643
33913825
970416
35781593
7658651
40102101
19340645
9138813
22314742
5552662
7893452
4628105
4956
3850067
69524675
3359810
2722130
7334153
12209938
23045080
4608954
3635202
6032832
3478895
10899546
11975592
1907652
3221
8703682
2930
92307046
9337840
569085
21622839
10837644
3236
13780950
1232664
10259662
15175932
18023732
64183290
11143396
15208184
6383366
2754100
8848357
4771382
9999680
9564060
4096184
4587191
14245258
323716
10878308
4583933
3170
25242516
1197469
8920357
14624807
6136465
13148543
10105655
7326835
40006463
76214082
13396893
9473499
3914269
2244539
18431415
8429358
3085705
22849266
15687086
4126631
6292815
7015854
5256446
3552196
32858753
1466990
5875085
13209987
8003505
6960050
3809265
14235239
12533222
14553567
5083024
2897
8826338
22293436
136582273
11416178
171723470
705090
6620761
4695872
1935402
22937154
5591427
10290260
3562
4631
32458592
14059368
9089578
53680485
4792
17011076
37790689
10903154
15396163
25816789
1754430
5243446
1185002
174682596
4839
4047381
5751792
53260133
4413361
4759154
7269955
1580566
3021101
19362819
16706153
15115363
24219013
27553453
13263106
14270253
5221436
3485137
71422093
38398031
45495009
4129771
4339332
22254181
353868
131164888
33531316
145356571
11420304
1705208
21892431
7072223
13279417
14922780
6514272
6051472
1666640
3740853
17011128
6985940
58505096
7322087
27329070
18254540
38144604
6569820
10566374
10447195
3079071
9044144
2383
6134
7907202
9073876
2449651
19761828
1041773
65224620
9197987
75230449
4325592
8750918
1019779
24087361
23338357
23479313
302810363
1283477
28720277
1561525
919029
15206036
15991823
30651456
16641428
5710451
86768754
10463407
10417899
828040
21111248
6708027
8592687
19079545
10183039
4391
1141444
7268073
5425707
4203482
8458816
5988416
9324532
3199738
17270149
3224492
10696902
24422784
564590
6957
9128696
5875768
119236895
3596262
2227501
36701215
35062861
9562708
6669670
13293366
3104
3809572
27376065
25978394
40867186
7766815
11215700
10376170
4429
17289393
3960
4979417
6936129
3370675
12317705
11296589
5385636
7890784
15480258
258755178
3770
17154574
26179885
10338311
47297089
70028020
10201268
1322871
10036538
4495
26913789
5266
16213250
18951226
5772973
4514385
56621813
5487
8954237
20358651
15792400
28667493
2881702
5342120
12237689
21451392
4264
5170864
5813
1387545
28922463
7159954
68188030
1977986
6358145
10932156
557229
98234000
16804482
10541511
9154307
167972166
2304
1962349
10223852
23231455
10019138
4586751
349721
7937706
4559
11967640
3815628
9323914
4699885
3659
10630562
9540622
48487052
18455025
14781805
15021221
27321416
29811379
11128634
8375983
55927612
47352546
2317662
3340432
3328040
8520052
18286138
45916927
6950967
3990145
29346704
14003042
2700842
4346125
4257947
9428655
13040067
9214652
3249
1875391
11490115
5584127
1856563
17770969
183303
2857380
189691867
5006615
6860488
27777738
33010161
3719741
367227
7104602
327344544
16760959
4201253
8077320
12437295
628149
8113662
1159260
64241973
18360337
6403971
24296781
7773038
5267294
11053084
4326699
913257
8222587
5454050
11110439
64644561
21380311
22138441
81452851
17650657
9611202
58033624
10396048
8080756
30339321
13452019
25085919
7013663
22694931
67528438
37346796
11791107
50873211
5388858
39450882
3456
29943168
1682712
16577876
12973042
2918
10246311
29121440
25933676
37211468
7522000
5753969
4641222
4521
2954779
1322567
24827271
51688589
4028064
8215056
5479432
10573589
10121825
11761712
3799898
12836562
24390328
299846615
1671312
2574815
5132519
1228415
450391890
6385
35713067
6753139
4006997
20348949
3593374
10113349
1985697
658966
3123578
15750044
30333528
4793620
6987293
6118927
13965675
10306458
17501431
3293735
3924877
6367667
14257471
39632418
29601624
20279576
50103385
4317350
14511921
6257648
34166363
12896764
7329624
11010591
14947168
56531807
6694192
4572551
4062847
34377142
19119766
36029789
15412416
5935720
28691906
3748319
10671089
6282286
4220308
5115975
3999
1307619
19592113
1334224
7208790
15697592
4541527
12105265
399497946
30343207
331758128
176541824
2829633
18318448
105653215
27314942
4465617
4061716
21213109
38019413
8370364
1525043
10007989
13414024
23730825
5681519
8485800
2029670
4587534
40029496
7029507
10931579
6264358
10327783
55968708
19869366
30651729
31526842
52677818
6434190
164347466
4291487
3079349
12269048
11731549
356656019
6665657
208854708
23800404
348994549
42202707
16606185
305191981
29252742
33972383
11400019
17862347
31887635
6351849
4917
894590
11289874
21365959
7558888
27053237
26894558
6791872
3728
13971207
3711574
5365202
985249
6888311
6695532
1994914
16303966
15923625
12620277
41868352
537628
8819487
27661228
9654476
18057772
1573364
26133649
7804533
59301044
4692
18402155
21669963
14364212
47261825
9482390
8576481
8015530
23531718
8958223
2139234
10321641
8588125
1042103
22859629
7455
12912102
1631462
3356479
75442673
9165970
12200325
490058
27830193
1138589
1868064
831057751
21231242
14542649
115023936
25204704
18510064
5492162
4573764
2965073
13947907
17817610
43084529
17623054
42487324
8293658
11480518
20864710
17254595
5327943
7786862
30509138
47942989
855766
25894150
3414536
11405475
11497752
12776475
13465777
28870537
56482443
5541
21994573
812737
3096671
12143439
5663845
273416096
10456456
3929512
5113472
18345811
2585492
35316794
15085096
15327303
6124448
13065580
516754
25968350
7306156
12968819
30923597
12761366
24840091
3484982
15375432
7229593
43879381
15812271
200888878
16473914
9113502
10161650
9814614
218560
12599595
26470229
14998563
9193829
125471512
3764
3543
7962464
97632921
31559683
2534547
5206393
178121418
11812332
7977460
3617
3950923
85529732
27763532
965810
32284033
12198116
16612349
4420263
64362045
69930859
11207995
2725578
14575500
28983862
10416835
23311756
11570494
8294660
6037705
10188358
18184664
7910023
5211535
29797191
8500787
7640307
16365923
851959
321346125
7716334
480004130
6179673
5308
1209271
133573136
7271209
15386913
41920229
20509129
8737692
22285366
259438001
3633384
19095795
10847172
20786360
6112889
45484332
102674875
14950765
10927828
14735797
3492275
11568620
6815202
25777419
18883306
76292653
8989116
8866685
13132728
18873391
1778732
397658849
110827893
10748459
18858100
5244733
50866
4715283
578764915
7947445
3181673
26668149
21871874
5238352
14113584
22682391
11393358
4947
1311321
24653691
9196474
7434
12896882
14933112
17389218
21242420
12061868
11340301
308995030
22961373
10806240
30352430
2916574
91669827
1945463
12414278
63257622
4663
207633287
187809831
4466135
5413
8920787
8310997
18915550
11091888
40512777
8098011
27589384
1393287
2028914
27678354
6984425
33127254
522103126
4971746
9538529
21955915
3904815
9699632
354955989
25471002
4917341
1437600
95445361
3440256
4061084
4803112
7594567
1660742
10134279
2635614
18019830
4336
40642198
15607794
4042769
453618630
578164950
2284203
11433556
58989731
16367780
4023975
13099216
11140593
11557886
21416061
50588875
19695190
25353097
13621398
15213660
17237994
5730799
11515717
526162076
15108032
4576519
10747062
6215608
7079
3537
2668001
799819
3702871
14257398
11561734
7126275
40092056
692111
6800742
10647076
3080922
11783667
4860817
143564116
255429522
2280703
655674229
11369799
16649115
234791
4065375
6617835
10542444
603667581
8326012
24718831
22732437
3288067
21958214
55411064
2969492
14735622
9028255
15391033
433697676
8948661
9353600
8204471
21592834
5591
4008
13177681
8610124
365011099
13038641
28127505
10635335
3506
2148338
9507336
13999482
31355062
33259742
13415395
12842258
28177606
28244316
49517442
18161726
1875536
58629170
35836202
4615217
9424225
2207170
4704753
21231430
16154580
36146855
23908480
15823808
255692398
696789
17900014
9793196
5799
12982117
15092247
1523705
11593802
564656067
45715452
10898802
10717012
67099327
15242999
15616605
5752880
13035235
14693946
33110579
18052771
26445129
4837596
262454458
142682292
21062753
7801826
10031306
6680532
55594255
11510101
18529461
6701005
3761825
26889820
132521443
21950913
11748
2936506
15125252
56716402
41422057
3150206
11828475
28024229
220617268
360051
21211777
11022183
5037379
37671214
50690462
2775639
5771621
7903485
107881821
5061544
45699470
17290214
12119565
4149991
260410161
672133
18688615
15490975
12704099
4014593
15175001
3117429
2548
74439925
49559854
11229965
20480318
9343782
14113910
15364558
60262041
12786749
14310213
12741893
15184308
14741857
4040235
125331573
23023766
20515086
7443053
12835273
11502681
4368
11929357
15711466
94719510
12841312
4871
25852374
4583774
7844127
13557274
17901786
148078830
13852226
13565888
2669422
15407237
31403269
37466019
16368541
10473289
55059130
7402400
25562269
51798329
24054711
119726220
17218745
17447731
11059542
57949661
80390319
9716886
13090605
15577009
4087760
10265311
16896955
7249494
36980551
103517051
25337310
14267816
30216060
6471636
4410592
481366972
25536983
3477988
10246092
12793877
58913265
27239006
14262911
5902
177120284
4404488
8632687
667146651
7941695
20155950
9725724
18014911
15854896
96712760
8880618
44539279
2697860
14705785
2183818
49686320
21031642
7078165
28999802
10840078
1508702
58733426
1314488
2986
11064939
211051431
15723910
14586507
7335037
9908030
31241846
11726728
30353330
23829293
27040473
48203505
70795459
23196193
19448286
2245918
23821930
39668907
14660875
2046120
204690628
16300438
5785533
62446791
10030659
6342021
5311105
174319386
18441667
5078276
34556642
36871778
14052441
11102586
10622268
23607020
4719
4539621
4603169
707646
269583
29472338
3192944
6833077
9160080
45838303
178141921
22717782
21134265
12799687
9740172
5864230
28861441
16462814
29456492
58189288
9694562
378458147
6438084
105747040
4344144
31470555
7275750
5233
206529422
19152866
56469478
366419420
2557508
11968599
2435703
11892694
16117744
64994714
52202636
3756
19887557
9459891
16351902
13507347
35079736
1724625
17319928
111138086
47237802
3617
15750746
30055024
27969922
22946294
54269638
408146886
12105084
25896665
16379263
636205
10700988
25500630
16013835
77526649
16721285
19066571
720433
1159749
37573889
11304413
1068210
4180
9232556
3182989
35014405
4488823
17228665
5429097
48296741
109451181
3835447
2614263
4441726
9482878
37686496
25681864
609879
2124835
149923529
22245195
13642557
23407645
231745467
5350379
85536966
1251211
4943657
28975126
17762552
26533735
3811
27661258
5237003
16871986
12148668
31535055
5354248
39345230
12642650
22929047
7703802
30725446
34918303
8129946
58463517
31604108
5852926
4556382
28752651
7503194
66925405
60538890
3402
23067894
33222165
27023225
99837702
27121759
12132625
96548970
327248972
148208771
9565606
56072808
27218737
4860294
4316
3748867
21952993
11759905
12975834
40987805
65952923
18607095
7558732
7787748
49819866
9750220
7083576
1696672
553361604
10855728
14253997
86337035
513869
11880674
405877
4001703
64365906
4613462
6169388
327428818
21532204
132839755
30897013
24983295
43456934
8333300
92421780
14628235
9468742
27605349
29250970
46007962
12315080
44336690
36020328
8724387
52850934
15842193
10512540
10107320
1388912
31807550
40518988
27711592
11304524
12738793
4812409
10851703
6317713
1600119
1914606
17568568
60392452
45285054
8507495
148063950
34541181
5152360
69289478
10969840
8901431
4875
12314129
16191613
6968553
10643562
18086834
7717228
12401366
36266842
7166351
121225086
17774374
29233352
17744056
8579244
2858081
24599045
4397498
72691223
38615350
196757971
35860363
31910841
84635182
17562628
19957199
10901541
143818710
9769869
3033634
51090817
6412695
11894676
5639894
8413036
2024806
8020512
13576825
23158405
98010661
9367050
135365876
500003801
597940015
3198553
104769781
4316373
8980597
23549210
9415636
6558001
13148298
1040525
18552428
1110019
2065934
4891490
5060712
15368631
28981823
25118603
20407605
67872340
7616665
2237927
22803426
47356081
15162251
5996073
31263300
82893305
103814966
4194
31040565
35656107
4561
6681399
16635160
7703045
7824760
319200634
350745587
56079221
64094665
38257951
22727559
4492440
5444
19011618
36119319
21037830
24552566
21733249
12801604
19406094
19911116
73954947
172273047
20654127
8550833
13628519
67151715
30428210
47551158
3442731
19343598
14756915
17782184
5174
5963279
15999989
43901234
3404
9732102
9047329
28484778
18854905
14890726
252127638
11300053
24504993
7177672
28135947
6265314
31494707
28188957
6004087
9225596
8249085
24204113
54953920
99834567
5887768
1733874
82530140
2613500
126918397
15563523
14858851
14033239
45980175
33772444
4694
111502189
59692617
36296197
98391334
83852410
6401962
33937166
689137
5671411
20574760
47284505
178784958
19489665
13658993
3485582
34031890
5931980
43887323
5120686
4858433
7282748
5754927
6393
153854510
23187635
255669691
1623548
52605292
2714
52717970
71025039
56286636
30108884
8049102
8453605
6036758
147760572
75055403
29912928
75041302
9345930
10719424
22342018
32664537
17442807
19613689
9811015
5625735
18553877
90355273
71602519
9878574
1004264
37245359
35347049
13025651
37606122
6536307
32391546
8611392
8993827
20860725
19255139
7490298
171815345
19983506
16708765
18343826
1710101
6062669
9847990
65349900
27192844
38098174
29741564
63113067
12356925
5105099
101123368
113900010
284973228
6062
109819749
1127578427
15948716
8836360
52239883
13975951
79280012
6723631
23398174
35024647
82098457
177391381
15091999
7609961
362477726
21754814
37209459
49205176
35572448
15784453
77686962
42482821
248172340
6942272
667559979
4778266
30072287
38374095
29958274
99845886
16633246
207270962
89892916
29822835
6810052
4509806
25784207
34980747
4706957
35318364
7214119
130111934
37127254
48566548
5913350
370712696
68524620
16054268
7779346
3545707
5091
3024977
44078864
151828276
27546646
114743573
4100850
14585265
432054
60083547
5910446
16028994
18354914
50977501
154146927
43518792
27883137
15315331
12625544
107402400
16675516
81826137
9397430
7665311
30209241
104774473
11736157
76050849
17035981
5728398
3986
11749569
65787878
192829063
57651489
8937486
28325390
1188445
192648725
12266830
24831446
18311277
52167290
22260301
63057813
3988444
27727494
3888750
18391501
7342191
218200919
1717003
385531
1411604
5448
7838385
18262144
232736574
274649097
19843692
12092566
55763696
23461548
15896651
1370782
12461752
11248627
18472400
10173571
53357114
3038699
15166101
44783133
287362137
119589612
1827428
385094926
10650665
119031283
14169928
309224085
60298738
7170176
12721736
7219651
3812200
23056379
28664149
124066358
3213
133663416
8468165
24859508
332351444
15081431
949013
8845101
8253701
18700960
93243187
15761821
143810567
14612610
37347660
46472213
10610239
4995023
7711667
14015211
24413389
129962661
186745282
2429358
3249330
22690970
10355573
15166032
17820050
3173604
160037190
11713394
10411790
14346087
14124261
7413280
120232652
166262920
390314068
15955619
33974841
66829640
32040946
25646185
13914827
254570157
18282847
45502314
98856471
32223689
78990770
258820961
11608973
5832549
3297
16459831
3833456
49934959
86638236
627245471
10552437
42151184
32979786
5170110
23410771
20893764
31162664
14457640
16070430
27508073
15441330
18513664
130708026
34613734
257067998
9059888
206773256
9598634
19159613
24484203
8698988
3096354
2824060
35314402
4461153
136013245
106601711
1108250265
11037258
5896870
11069619
196961436
96925143
22673088
2245142
102554207
13891943
1790302
27476393
12867261
96912455
4441
6828802
176211039
82107663
975564
345184885
17013797
70677362
27341295
10683294
102174074
27401746
122229524
17577533
68433644
318185257
10537931
5106505
26272017
3186113
186570165
28791523
53630640
17700823
13968261
93819651
17441243
4896362
65145128
15977210
1214372
20300015
38674312
8401157
208971664
153010882
7051469
5807865
3900666
135441221
520429645
10931992
15481452
8344857
133891856
23309451
3129
18589097
72250331
454662704
46382430
13321060
2486989
5346
12185498
17680809
38517312
43949852
103611491
121361968
8060285
5252076
10921685
2428184
8001454
9203566
732041449
17723174
45593495
26055788
29234504
2927142
19433406
8010543
14836600
5604781
18042975
3132358
17228274
197027080
1199776
29588551
19816122
18324900
125910096
4579469
19032914
6059539
49466848
4556
16641459
36759396
13591542
164907815
8216158
10165094
58591292
4802
85631611
97150725
9709608
18611462
17473278
8251041
327192763
53659347
7968566
30386400
55923398
10979457
21754129
22383595
21791933
22319154
253293307
19448991
14588708
21585740
12387070
36438480
2914663
95217550
35635579
26788624
25595377
426657
11242094
73158506
18220172
7765155
38082333
115658146
27884797
56412648
9860952
44296292
16303952
5576322
475511759
104895455
71923495
22449484
14497086
40003981
5426
296071230
19340470
21034266
13819601
22892800
279600895
121681295
29530807
28671388
26750221
13040652
214775
46266643
3559
1429120
15957796
23952922
207314385
327100933
12977558
24816592
29513814
14248192
4098870
47253003
40100811
544328
10776661
53116513
5003
20866378
7185096
1588945
6321383
31291107
17852735
977009
20176155
6458313
32355846
4518877
62507067
13657740
35404028
28025483
38610967
28067233
5647864
3162852
24060578
18998726
14824948
28698149
12675053
6468769
7650233
377938222
16994903
60053541
16526818
41509092
32393542
605867
27813670
9881158
14060020
16795239
47977179
20339006
10538652
28039146
4534439
3994625
26785142
5399926
4354672
36766008
24528493
12897954
112592993
24017568
14549292
5782595
10881968
47468557
6863743
59583124
239472023
7779663
3180419
2380651
68451943
19608067
11130355
27920119
78477488
2399059
27025029
36783135
7489253
475569529
760082442
2811773
6551413
13616523
9709585
28424426
19345371
10892970
25432780
27627972
261304873
24662993
4393454
414360504
39227561
120210606
9898158
9704921
22891128
29000936
11831589
4473324
48956939
39847677
311296382
3096429
10122724
220591878
15018478
323506880
10675739
19910455
5187
29716785
9310998
103756539
56172463
22921312
1397418
47012074
23972204
10787049
126186150
23425379
17352062
391857275
10785679
14578599
67180254
47064323
12618809
32154438
671156011
54170670
4174547
85097819
16920744
133705424
17806597
89709917
16335766
1153423
14391062
53369061
3059883
210251513
2668236
64819262
6686383
115740402
21758658
7560696
11992975
2109541
49673617
498623
122508098
9049214
3849
10548015
31743688
13987337
102113702
34472341
19870089
21526890
663661074
1758544
54870222
35311495
76616213
22587108
11845806
31951770
136113514
43607256
363489945
127866908
470113765
10764969
65303760
93885817
223441903
27691188
8597314
287288438
9951961
483166396
3116169
252551473
164608544
189461065
6419692
13354613
79231537
877518614
25267211
633915
137062379
26371067
116080203
65832261
16696219
43183018
3460565
107395439
5909722
23030303
32507325
9505596
886276645
8418693
193764196
25831644
27090899
10568333
23699749
18733546
26777820
2889849
32494327
1314731
22783724
542975509
148375825
216903926
14742145
32374033
17245810
19773155
36054831
5659418
23749706
4931578
7652152
70516595
263114845
16661161
34013672
16664372
76298901
12663395
172179229
63733562
5614443
20082360
34548729
9334580
6851077
154281663
28409273
13473462
20750808
23167140
61604246
746218315
59571468
15360922
16413437
9606459
59443696
23547483
40038313
383525925
3793879
28049052
80766970
28709808
3237349
159127528
162867144
41973163
145899154
112160257
33525060
13316570
32827974
45780746
71436695
2746417
18329027
21922254
184978392
59538026
223526261
18857329
34339220
30151673
25955120
5950094
400055451
21550376
33071049
23232852
7886609
27358467
6557
22419199
16313802
8068373
72118229
14634828
23881941
124302595
13490050
79241054
34369941
25427331
2642527
9653180
183191757
11444887
226248005
1903535
12233056
18241893
22544218
391495558
603302377
8704240
83842139
21081032
352811365
17289628
11812452
165321156
66992049
23493021
4789921
18394710
4052985
23712270
24813884
475271021
64913554
28500722
116034552
1371092
54134278
82418712
4106
13239767
41001385
52283072
20374103
50762377
11798028
13350066
154343931
509417213
8493254
15510256
19791738
448917826
3075989
1024694963
21441785
19124755
40751156
950844
39787687
17218995
10326762
18410325
3981016
171026344
16279029
14409952
38200682
429788687
7188265
1789274447
21734411
16107853
17803166
8472675
31941989
68588450
25893102
7101159
82553638
1013467383
37518264
94407624
87125509
13648364
12568281
15418757
9186951
16493913
74686670
48146332
85916944
85505849
6883331
348392910
5767044
10116965
266390924
48500694
11554937
331768832
28920426
2103554
2159363
7296663
99950282
781470929
12600872
40477967
30994083
52012454
13678365
15719071
45374470
43223172
85140955
3889
62310314
23250678
59472069
305062116
38173135
18053553
574722980
125304170
22409624
109391170
3622297
74035448
15093468
6836795
133708095
4082311
17051751
70465008
39853342
2614996
17447929
5985491
25244851
25308519
83765748
17474402
128548695
32570958
1074161
10132268
58306835
33653287
46734120
2775915
1829417
102623964
37454256
147543257
13912074
34355653
84340067
1027634066
125435756
36386529
100296446
30862503
51880734
16217373
27399222
6022060
11798069
77292278
17733328
869081807
8416387
190931861
44850682
2232814
65088136
217986597
65353786
6734203
27780752
34758358
17672120
755599581
166379339
9023490
50359983
46610829
9954197
147779299
138705873
88786421
15192024
21678271
22632332
6170574
8479301
595045414
4351604
11210198
32678918
36166355
287420715
19644193
21380892
211862182
24858768
22729737
9608689
17894722
22215419
115807418
49227742
177450340
22492147
29124174
35980541
30172467
6396477
22617927
402550962
19036149
14153857
216331911
17008286
4408466
50679612
159366472
5677966
31409748
47559459
20036791
89284923
269723490
15433755
2741573
15207443
169772199
98936275
5004666
104765655
8380690
16402946
125096389
72254728
404910689
370023364
1230560612
8776777
358146503
15795851
3847524
12232689
570295621
16871595
28178327
409845717
17939022
81592531
5828
14930627
44316613
13484170
14262940
282341520
689522762
28020788
16552460
14053331
4204
22664344
45262558
300457309
416072425
114494945
13070840
25575754
120400102
114141935
108901448
87910319
59144798
8091980
15882555
18723025
182409671
183646551
9581490
9388610
30287637
534397262
60074787
523393476
135215001
81006563
55342327
42001841
35262636
5087658
27640646
78324781
151962758
29831002
24511577
7509224
2641177
9010263
26005565
23596901
12590962
632502222
4038786
19863596
72178989
546080068
20829364
13881554
35366505
46552727
8411053
11174449
23934876
51069454
11651843
28300726
465464560
30520965
11694203
24842772
22462737
1386174370
392428790
11177369
62592660
4294
783307839
2135218
45575303
13624626
21866761
61194087
618676738
9177774
6023033
22237914
72897456
115114317
188293018
11223700
15627308
709472109
22287118
89547225
26638777
10515223
13840338
471455126
54244551
86751601
12207578
14093270
248298235
74981588
7759027
5017347
17066289
10127431
483004734
8121584
137825219
106766987
27730322
2333436
4919864
305824992
4573072
6668877
2505114
8327427
61831709
189253185
11075977
34130013
90296438
590447174
50289753
8163478
63127618
83093451
236974786
472312163
9489170
5879930
548220535
27662324
21067787
15944082
33574517
12554333
79675897
22211545
109817009
28395806
18784044
35162293
44762894
33758944
27962901
681869968
22168669
8008338
33732130
13300007
24585240
383387786
19802009
10058412
89670276
350984042
174299425
48369933
54386670
20822257
1637651
151504389
526498262
7045751
27917629
864898
158201307
266652132
101560427
4216
15694095
5384248
113155612
12737682
229042168
102700626
23161511
126726533
43644789
92267194
89642037
3528056
25530262
5950564
42105228
93130402
106581637
60473852
394155283
575979418
39043006
46741901
106776128
751592473
2410841
19443950
139601972
13911089
5920
6121145
26701377
89734501
2350503
8653018
98059884
36649819
397225669
24229176
4511850
20073315
15621740
59526841
14463994
61786438
45092756
19485457
104773394
273735590
7986866
41481872
21592737
18188269
23579120
23359189
20080099
5569610
65257588
23274585
11034870
417543957
22135238
33919233
72375221
249399700
186751774
34583697
42955630
30317416
66067118
31195829
32160036
502548251
27018613
126341843
243180579
289410253
15129086
32924950
51114871
7599780
19308435
9778120
5581076
213159629
50653346
68563307
255611075
66066854
185635954
47843965
297419634
27835272
29212961
10925066
182984288
71587186
128497236
428882429
5620950
33000638
69133929
28727276
4938214
17265849
98329599
7119521
117530344
156368940
15211168
9165165
299631745
36641646
82018306
16411663
121605571
68343341
7821151
21208781
19140280
15556011
551919119
110705783
6726227
8684819
147768999
19147718
10794837
26666229
125808958
114373268
44338277
21026092
219020616
20783278
29081084
7959860
58484578
44554951
490156655
95021182
137344653
137733920
24599271
33532203
275036356
60882420
148036701
91339159
47459505
6473708
24297748
88054215
355763062
58461950
33681498
32645416
17264105
168179940
36979457
11779002
105898782
28486964
22703665
29316571
49828697
22636368
6342034
802980570
45018964
151456761
21743119
165057071
37216807
34263775
9051917
19271751
270032355
8526710
59374254
9803706
47388323
16196299
185776313
4698588
133315620
8155383
797275954
26772535
43680334
5443
45778781
32009255
39079211
5254773
368392912
154773497
897347655
122480925
16241563
120446133
24384220
18081475
4483
6158
398967514
140879792
125874523
8978990
31064953
10103717
18534806
92917081
9114482
77542893
20599223
288841669
10431037
5043149
54772254
15390995
55846718
66007761
11806540
27235702
171623853
69338343
18959208
72013520
92785794
7368075
640999993
81904413
10743068
21982588
65681826
2691310
68623923
4037878
19084777
3184
47083253
24749575
340391860
133924290
34627184
4737
13701108
23689849
15633403
13270985
2272637
26005836
567511078
7171
23593253
725148354
242963664
4418
509106452
215722662
330340860
872815940
26961268
115703645
40613559
87386035
106668462
44438013
192297190
17888498
13950149
22245643
29145553
625877470
164775677
40962267
29251340
41871764
495100905
484643151
49299909
396952419
53175989
624129119
18422829
17778471
86690882
269170970
38675457
79060505
15393035
251167526
3841197
17340970
13801403
413293032
37217195
79416829
346204261
24854042
428167568
80712428
31350184
144706794
17690435
91265752
98591434
121611843
228751861
162944591
17741301
67412641
25122642
204243613
219265592
108677997
212861850
2359224
18744198
19770191
20924457
3195591
5225
26462959
36922561
36905985
68286892
5377687
34305461
278208724
51480615
2565598
273390008
9402125
465937717
8199177
25311119
498464101
39231395
53999058
170420052
7055699
14321555
6546
14708428
191315523
43284634
12428865
124946807
17027960
447286298
27172118
139400415
354093252
17502670
16992036
82706130
48664220
192569520
169223419
1887860
22914169
11863457
136572557
17664590
31386899
44962297
13326188
12649699
7748371
58720091
229482277
1253872
117530869
162109763
103345454
64432257
44396196
54322584
70858904
14005209
186221999
9496169
148941741
8615566
47139285
794173657
307445026
347197653
45072264
132525451
84315785
19614277
196742049
68172837
43363621
28080754
22503001
290877682
212150959
28797052
61904193
3976
19690644
16475136
64437204
12105141
99022311
1247720
32767656
36150279
103391735
56044689
99325190
80668445
159970874
109141117
14787398
12575216
638613869
5723512
163473664
9537192
42941905
11530272
14063723
152808642
43762084
539156517
274645409
50938819
126927675
39342570
19874029
189322748
113548136
4569
79340696
120675084
403697218
50058981
10195146
11010139
5191768
704623088
14505015
122873319
22867024
25097410
1325575284
154610826
175391021
17839360
22193128
30569475
37276184
315371446
151315359
980630
452955709
19136784
32315275
5777183
84236482
65282384
12589226
27838277
85791265
52656549
23828192
137357645
22959408
14705659
147484093
152466658
19758402
11270950
28303356
528023666
303330258
11451049
43795480
47078772
73262194
578843479
16747274
3613024
10911665
333782703
13271280
177480567
23261209
23265106
129508232
45441536
29674308
252012169
647294202
131195241
240924184
160388199
93619362
80296775
399184919
190276539
413929072
639914448
42462546
339949482
15302432
49444213
23126687
156868799
135038265
15247020
102851108
70273203
53380961
319775014
30496852
90359575
17703028
3680367
4133648
13813318
92577283
18735167
17173958
46249231
52429039
15130710
30576215
286330446
707210552
1019896
2037600
609045163
34907726
19755142
41281587
76940813
321322452
5934676
49699288
6993109
12079170
10799655
15430696
67229659
70539597
12827700
76034214
9720704
4793416
5031334
3766372
117416380
236571606
1018279921
24685023
409945603
3811854
27071633
27785254
19927890
15422450
19733531
106065464
10621020
87850632
32573779
39517961
156957436
101171665
3935
32521848
231325698
23922479
249102714
40933801
88061983
674316274
230813002
7644217
1472821
30634504
208870696
39079502
142306993
192162454
11188341
40327832
31169840
3570
50304516
93881614
18663972
4596306
64455744
43536992
58119973
230515497
340745014
174580484
61738738
564569196
56821874
29627150
18494877
130725707
58568919
184753926
77689796
68995127
23680360
323983122
27068515
35168094
52004187
53583137
64589793
32928483
165670688
2563925
27930334
16551830
185619304
89929276
22835926
18614846
34319808
104979242
36270963
39204514
265984270
132789497
24107637
11620937
4913427
131401742
8566034
7405353
37205717
767683
17443757
16486399
7974344
285281003
40559173
2093862
848562085
55549916
441737577
69042426
358300642
33267199
26911467
176253575
457720618
37558139
312045834
72227162
409325635
376590
48906155
2300558
68474709
14149766
45259403
21020868
78264033
93730648
694574451
390270755
29588806
509702198
86140398
18511449
13952342
21556241
17011372
24416178
41061794
31093340
35117742
9145844
4795386
248979752
45791881
124975841
11449332
238651897
89967876
357155689
35348157
107683300
47101640
204618314
15648607
258043939
190467318
68502061
54980373
97488374
47920528
132910341
7435064
285757369
2133265
545189798
86564804
38996201
700831417
544327574
143518209
132700260
33290252
26227994
155650550
139774064
8303387
8479438
24016506
87502016
18354926
16787031
346503683
433601963
420679428
2823449
25814062
18639844
493401853
61100318
37365922
218466218
26577640
24625578
17130084
15427118
13874188
103371230
70922074
13185536
15157188
11706855
70262295
2022370
721723083
32512958
386803988
515119761
2262641269
24412020
575246537
16437711
24815803
17408165
94881931
63273331
10194026
14408769
1118421108
337769949
26646912
9324987
31060360
125528560
240795274
28834621
58233032
49463656
185233233
50742569
9848051
5009541
57565667
35359699
278913202
100660626
8923323
20496955
46840062
10541322
134354230
28754335
104987118
77428809
24545546
81776797
3769
13264441
217089411
184444055
19970811
59634715
207511584
10491841
125451138
18444379
29624670
31809868
3566
454583859
394317610
187092498
933129903
10023685
158646196
14923891
575333255
207254389
433871436
18664548
9682323
204761724
5028357
43881048
391535284
33688513
167860981
13468541
10677025
129667911
27214137
10042177
16097193
3247200
91812436
334661991
448539777
80459342
15982888
167679939
561953891
32164357
18996180
14470357
82496472
31535619
219087389
38284378
12291127
262273341
4263253
32594505
137819388
53757457
375983652
11702737
8911895
9645229
59506457
29383452
98622568
70573624
17864537
986301167
113332741
37497117
414758727
386657088
9836212
24177681
55240444
19158563
266925480
115811098
12703519
46146797
84133396
52662654
75543476
120224291
17242943
25352020
155744066
1022047832
1100026408
26429139
4190
146061383
3497148
159657245
131117334
8445626
489135464
79837996
22356024
752709205
660973847
106898911
11266850
761494590
4952
1087717652
166525987
19233225
180982445
138526505
8589420
117920195
41801523
274956919
195291540
3373997
16324874
90590985
175283393
283243606
12024217
15562748
49269597
14535238
10695226
11048687
6512578
422730506
52075102
285565876
79868949
23542681
20174266
141835562
587921419
68072024
119841089
71690907
45669252
88889787
16476056
21505213
3886883
15098412
45991428
67349369
42392180
29457783
548147909
281034175
66144488
49185646
146753244
124804256
190960569
546376490
13413784
181497399
7118
323117355
94304188
82774317
37777998
49455798
48582444
142606881
18399147
90400411
32404260
11604223
35769212
46797941
187863885
39933988
475490902
106531812
33993826
268632816
130674246
208761908
326883997
15875578
12011517
90726856
30832739
30670775
551314461
43155313
22454059
47441391
1670911
1172215457
656129188
28788020
58198550
50309128
137069287
34934232
541266183
28558557
275465803
245820142
328875627
28871069
119865408
62787562
285003866
121899306
58600863
15118842
36511070
552987076
46562867
10939082
34446288
23623935
45621872
296206153
39268434
189293538
242768564
7551226
106869657
10299506
132237346
6024774
9029875
3761793
9549525
31941739
584233286
238838547
50781726
4053872
30692315
51742245
36169496
50277223
83908683
32823520
220028363
497916655
151427299
10273799
30184662
41876624
334779468
14176788
565896140
85630117
126609963
27776850
98892724
429874125
4052859
19426399
22598298
86581661
26071298
81382308
77649037
48462801
186225637
16465250
18886228
120025623
288233750
54319522
82296179
403138702
23534961
409496972
214832878
14429426
116976323
50021830
375564513
609355031
55142750
18264791
45315074
136181949
30040822
18322918
112334323
15137058
39374596
204024127
111997321
20601582
5980177
7405
1626884994
55556268
24790037
95410136
690340076
174330666
35560156
111346495
15760319
957067962
32270939
453346114
46535374
181917079
478991391
14500168
200829028
50958875
13095261
30425607
103562853
337974579
19427417
8772905
72865703
34373834
21049015
157424670
34418695
97940105
85549725
380751321
57697537
8443664
40743491
20287555
13111714
140024256
13065049
81022846
29343589
68149380
232198841
26761952
497922539
26994568
482067637
1626057
78595003
22995498
1146795017
280568307
294757688
11156487
38085925
9228387
188237842
46459588
54305016
1468762
381676429
148006348
17199727
62799317
12510604
83372716
628294623
47607361
355924733
40512010
74329818
80043824
37606671
11293533
60567862
62626232
7771597
27605770
21050499
1882304
60166004
92323821
89897718
31070311
125594792
129611605
46392308
46443877
24176959
194502785
657621140
5161108
793093622
117315060
65438034
71898242
27834836
32875170
386310217
19026969
187178831
68959272
81147754
734110
98289079
3661517
14231256
6787645
310447950
40374543
14275628
325161101
24878063
426248770
139421858
34966864
45607248
179487092
16076758
500082966
645661546
427308693
87447599
102634079
539690012
273484598
44500799
79170546
7635453
12862661
91638387
27956424
80554556
55092651
34882171
84003274
376048825
11848491
7208845
586693258
84867602
1170100181
770431781
218371085
39393747
23582159
17823994
79965478
31659345
54702959
31176137
46756600
23371263
200110073
121586266
42185013
21739273
183486266
59409813
129308447
78586014
17615769
502591159
2802132
54743349
14770538
40388589
232198854
41482910
97312006
49130337
17788660
18651213
44528525
609424392
59700215
182189333
28202673
99240147
752855844
1400821
109625439
121793163
23943873
30280601
30571274
1058381888
39941703
270219781
408545513
365087497
9183951
44742270
4118155
66613935
72916457
16041994
303209463
14351677
690079484
126421355
40004850
441264353
622665397
87201503
794434908
49482285
21051732
15379145
671286335
48320499
213511461
316962188
97225753
44758228
558975945
172981312
18647713
349907186
69956757
24363032
461831303
17549045
176165826
29124243
31943779
11571063
45107830
182244399
14794645
144636232
4210151
433265720
286890725
64680998
142826346
337782134
10600896
329929859
83333469
113839381
38641503
2428335
276212845
25310964
77489895
35802706
347171935
136905958
10437704
154839256
52980816
441185476
132943989
230632957
69183311
88564549
831642390
29035688
386232812
249176014
180283347
35176985
457162047
350580488
125501331
14370213
24384966
10822059
111784744
172457790
17949809
4298
107495708
26513004
89596305
14809181
36545893
106969879
512822507
88057477
86673465
38086204
315964255
28022499
144755925
10179
116541285
199747682
64571199
388003871
133325194
34644743
34963094
125463554
7279449
136596808
134056615
19867505
17405987
29245550
4749771
839866235
31252053
301616490
19342887
434010666
138250230
342425787
284358447
9161770
693554712
153432646
20940378
1874414
27459848
129469673
404738491
13919551
43552742
21848884
32159093
460986312
306011172
101521495
191929339
41021406
54089829
16778089
99179300
38504870
98771201
5167
83603054
582519739
111574674
406412352
29440900
62470430
412717931
116290331
48631475
82340248
19768942
170869521
64083864
13059834
231314953
8791589
143759905
291112978
61756568
111934169
163379041
373372870
75416710
97095395
63054835
483882618
142704518
63964886
12971075
304219614
29532081
61133808
44509807
219649391
175797741
53627631
47848388
42498804
13917778
203308906
334618127
23043589
24534964
18984794
67406050
58412341
117202561
272752830
6255006
40092121
1907132
48401072
588048024
556790781
14863978
2844305526
14117584
41007739
336709679
326604232
176021048
418176170
19299451
102546277
60535774
106979363
121980202
54144223
297255165
381381363
72474534
1007501617
29854072
713249546
52623196
36255559
2581563
66867565
20852450
310756254
12152948
13140265
34915106
14715057
107404259
15389557
19760011
46164967
54056786
22202581
30850692
174796465
33369698
100309931
70341700
235744163
60511665
920096427
45407798
35808096
3883
165832958
320602207
83227607
5372379
131855361
225822310
386728640
7528135
106410424
1042881606
37005255
21645816
61397551
49819763
24067830
381245183
20464102
2495647
45592814
32351460
35190480
19860818
695869246
56627380
470370601
8987266
17389567
59388441
58323888
12181496
17129018
77624935
133597769
204731893
242128302
13395689
155919976
10466213
22967983
23601369
34924291
21249325
8852487
527767469
233344654
24969731
499627359
6502242
613024416
890746660
19036112
153342701
21174726
14554958
437968938
100355122
335392318
251370276
309534736
229307535
33978609
317718528
623198357
15551929
96988214
109140506
18250845
936482485
19472521
40889688
85030881
10658771
203222253
26846659
50705617
12814612
130195393
541222057
35676682
81470463
63128273
86960824
749020124
150664980
223994699
42249662
874831272
206006405
66397148
355381880
20518650
83141670
16137161
158579061
849084321
185015384
72499044
12873394
8396924
197906097
634473790
564814270
81003205
89418735
293816935
26815374
70070568
491024862
149194651
556518988
135241131
369265557
666346970
34208571
56357899
23458822
185367622
14712344
145269722
57948573
258763865
11842176
49105155
72283908
371864049
9371887
29289161
48342350
85390440
247026644
559818416
2766745
50117544
48914043
815027538
38126653
53838714
123580791
47934866
173432985
74137683
4619487
189941762
523833019
465163773
298424336
35889807
203581757
33041068
25168867
18715334
101984114
27919244
35844936
83443277
302428813
30849469
84516432
86945749
7378262
7397691
85122920
24930648
4987842
107130294
9255310
68635620
301559354
1345841297
79226435
39663416
38144862
45759707
7875194
17141804
5321892
69560994
102922839
67143169
21668805
8787243
9223070
1273134335
175198022
114175055
48918262
1056580491
33324360
227757172
74893781
510330126
3608457
29875491
82741280
960461956
639236322
13886704
90139674
142651847
243666660
28669789
678763680
100074523
25007194
9542840
33828292
314344945
86694571
13521951
358315469
1117676107
108092647
25855305
35337091
129196434
346184535
29808286
47787191
35748353
161581419
23251384
116803111
24025557
97922824
6001607
151099469
33846067
208677963
153376376
9234447
390608850
134000738
87504807
99990380
20847531
18982350
185104982
84192418
929579430
51062978
135937603
246304572
16373223
31335616
389016705
175191747
29486119
74654637
21090385
23164685
42777217
104669113
353470546
30651107
2887315
235589326
25859303
405674916
22025995
21722778
79856792
1013801274
353780119
144794707
309577336
48073196
6441152
433114832
170484173
304857253
21183961
416076008
27819672
49265533
140808250
6222995
11817354
97333311
1530710029
27705496
22112974
245990812
230000760
188812442
74000511
983520941
39657716
7659694
24368750
406962625
18534690
725846431
126376663
234767620
8181128
1032182952
580992034
372626502
220383379
12632816
713536630
756377072
155833031
145699200
628572165
246806572
26839891
14634377
34804699
8750407
255265026
57415926
242931681
49667152
157928295
361518763
139624699
156905830
358011107
153316227
390447321
161901441
10664328
33779698
69006896
60493201
54748966
292948675
190442589
132744946
6811270
405555595
246851838
62416651
629755938
106462505
608529055
1486213451
74342193
184620965
154963007
174658854
34457762
163952627
175843756
39767352
160943938
58880691
54579061
263931660
17582583
24540910
9797007
142352543
23028268
535095578
23079710
115125608
11057417
282192848
2063589
334024569
193003801
468128038
14585022
198551920
14340474
32657401
6044332
20834202
37763712
105351517
279982000
243208661
17154575
33592858
32427416
900763704
377153468
66703422
59998794
980923574
34707582
102845962
952847848
81323212
368785850
254681080
116323199
77006053
35574042
48558219
15592909
397625097
88643508
11159363
328511351
44875006
758100762
6190741
4116995
99291409
296542839
71397495
19933269
4574983
26895472
60112800
268771355
53441497
48937535
977577468
553099829
247349778
56447938
124417435
40037766
429486919
26034672
14388148
42837556
67837064
48053477
195532122
178983665
114934646
14426372
256644771
84209216
71162264
20373321
68534189
716327492
165449812
11049812
87466754
10330327
40987087
526433111
868629667
22610457
407866756
677871666
363871902
964628995
54425720
33567513
118778907
122935545
83125756
18059966
13039608
331597604
11364954
32187294
90241806
166010767
89621074
100369409
461055061
101163261
517003968
322360565
155247204
32964469
128100220
12685211
54285065
132658682
27821252
634010746
409828199
40046272
4010908
399410620
29788832
43354892
66357187
66530134
9770461
57721055
123062308
21633878
23353403
5444
11814093
96967225
36570529
670659937
28249980
14681765
9166093
367923661
36371163
113864910
18587078
70041851
35335343
89732170
27988342
320466046
92289137
207650086
71704413
613747926
30558177
330741293
85546810
550916179
28662343
161212465
129535841
32824747
423425250
162155293
7216475
185425741
152411960
16588017
382718568
15232825
87893509
353601522
418081138
360597002
576251251
17327179
28962249
498794233
54137809
279506855
210144175
543490688
18147489
532007964
5566301
100387186
46773160
194749747
202720933
2055598
129151443
95698333
35444525
129663225
649172054
530333369
993617585
164150706
240832807
49498209
9820683
803208957
448902156
90360760
506383537
70660133
35225550
112437656
2217872
12571853
8098078
454619821
95466745
15083892
31891247
35319008
126229688
37025574
58583696
17567206
46460619
30382294
1055457908
5685818
364212339
21835936
768913053
14190767
515048897
60633998
68568944
27195552
39222298
128794645
46904675
289172327
27655564
78176570
1361905723
30889983
22104533
95910848
15673823
80093805
25215974
179687748
17592990
1086859171
22990308
2737766
26431959
403474594
12630631
40744101
825569773
194653134
471903897
8765872
141332935
21104726
59993601
7869910
223111490
38996808
296752593
4673418
784430284
69090115
141237967
11035365
243306133
104933138
1346125280
237587016
177671862
15353923
129034503
18226547
131328470
40346735
1176604507
902694956
132879462
5599339
13138711
413841156
77981336
193476532
21273084
334276133
189530532
132539852
55298545
106807041
15107376
202037911
187976034
105612721
144222034
213083508
343089212
110395411
555949881
6732465
22591237
29810229
25883486
314895908
399684916
78645497
126033167
10612483
295834182
165686919
2686294
41543269
191510176
171725887
413577182
94162143
7338894
21237042
228744615
3403954
28830139
54921897
960401903
512439911
387820756
137160508
68171263
901970094
119356132
36091237
63901242
69976441
212868968
12333600
45172218
53993711
537222045
462605306
36578589
250484941
13267888
4652483
64563965
7524376
682155671
295696915
265671664
107216992
71730553
185639197
548566629
741952548
38909021
489547055
138422371
149669482
28875811
4587459
249831489
60622061
5630037
337443164
54840499
50962987
188006625
510995581
21346608
171883141
227796296
90523455
1080765691
485345092
385521086
153320124
141479305
256669094
13071794
812390177
12549349
1723877074
157293796
44202534
37378960
24647302
55757892
16181588
482128780
356215222
40983484
689428064
104457173
209988711
894111574
493725056
182077236
549901222
719877995
449985956
50093423
813437643
132039773
11698260
61809520
3688634
469034021
39088173
1039855772
29947630
212712755
39818238
16320383
131880789
76055850
78478660
109430513
68375002
78748675
25148114
114524121
291096385
27862029
224351474
15646006
173537220
1160087364
47029933
1266084500
873295425
38084063
48716065
192120929
240646839
101182910
98953637
11573002
64501348
5511771
218371963
117607445
83630368
13483229
86524009
152594464
631845839
181410240
5734
115076144
32602202
134079861
45494606
228461719
683871804
27482401
214082018
68910601
110578490
228819184
52220095
11852055
51504296
518134193
962976864
55632102
55384274
838298858
26134184
452652879
54150801
4393
143892361
19743573
1215895983
372377486
78620750
39488753
40187254
35551364
361110384
232636460
808453985
464900574
16038430
140440093
413422131
385960599
17772827
443541970
27119960
1734746296
76636715
113069249
47877531
825932800
155716596
48868386
85781472
10171712
174713697
131422631
10302075
536359140
78905816
241130885
39920987
491384679
35946821
51588110
22756908
626811254
728030602
177801783
448892698
88463003
138698152
35886815
897373921
251048071
38400387
153576052
26493048
17760164
47423469
149478557
65844901
288449126
99725440
199327606
95242081
20056963
91378148
50530932
15810962
494747513
659267080
152318784
72907841
265321954
75925610
21676628
46122780
273968018
115482939
39280228
11875538
25904073
73218907
545513355
39939496
410390142
63843490
21777486
439989139
15193150
231997765
26479288
4075309
91062094
113045661
33772245
380144183
481786793
52688687
110567605
114192452
64066080
13987503
6245
189850934
128833244
472212612
62634080
161234757
1403176326
607654137
191108623
456806966
27955630
18513915
493734652
695257353
51392662
319936522
291697751
1584455417
112312592
16946687
77211689
615489877
261426361
28375368
1278585259
381296206
346988259
1956279659
70096169
106902155
56870686
732595387
236766394
270476459
16184617
338797907
18743546
104402023
43650493
200123361
961037328
157451406
671154067
22617395
22122714
65073554
36296500
8611656
430517568
108021872
67831344
389097896
76713166
39062194
26404339
38794112
56247713
174878830
327962175
45305111
77089167
181282988
538394048
917867113
227679847
94707275
277259449
293848650
39781712
87426856
5250752
185186340
493863817
394154515
208602531
307381104
214971113
14617640
49639806
171114639
264338644
7125722
16904595
108671888
261139213
25294492
346580983
169337070
9692531
19792055
46611863
38521351
363404335
534965067
38435566
73083922
49152629
37910089
269356389
647077158
62881150
30595099
42818784
440044371
119169948
216586165
37463804
91719419
160578507
82287394
143823265
9984160
409858754
5992814
16675347
22568053
89537261
5723
174988550
118404466
605480352
20503240
5547
116484982
494374753
802928006
712060361
179877359
49495036
19289104
322297893
44697601
969914293
12410028
40941881
14426734
44370523
6374
123208790
98440192
32795747
481827023
162970436
11840464
12129606
34064403
121473184
851663781
959334556
1110700084
716203642
132564573
25381585
643333300
733785372
473375918
1167088903
140221263
220287711
23237468
689317831
43761790
67295121
9732478
494873922
22481563
38072045
111312403
123250218
214662971
13073398
109201044
41882095
64566016
591255709
269353512
235482583
5721942
118612302
21002135
109306237
409719272
157799401
836518825
196225621
191102139
158044495
60314275
216659146
34448075
31784251
80967696
6708
16418854
117065563
164230688
108620294
11166321
32695246
187210395
237513553
513285662
129982229
41781400
363652102
18341579
620552622
98680526
50282763
292864622
1173517875
54264422
112201305
354872759
330050801
47882853
22916727
47984291
510805497
208211408
54136755
169400747
102639929
437359467
52924717
41231256
7133434
17523780
138669777
727521455
19008394
157792207
56791600
48041409
1046880144
617305086
75114597
515186189
44338594
420364688
204715474
36992320
106467069
321129317
148301209
134518336
68939316
16836578
374592890
232638111
109270212
68661554
194519978
93409116
663850698
262924165
60497015
143633787
252004283
787318346
18858781
43632623
146868865
307828640
30911452
649976165
38098281
6764891
82466097
562175994
754957938
422524539
17666700
209328992
1139197194
47529342
202957976
25225834
30728831
337057897
19007511
26850099
646215788
788954817
55029271
428669748
64097547
499407691
34532497
1500536915
114586855
21694014
51052748
149082173
15224461
520244309
16853499
619347595
581724674
512245140
850768228
29576636
270189333
14077591
169437375
6908413
345296754
87779403
20668276
15623243
40098389
217099730
1544678152
39899655
51353667
113490529
554216379
416408489
199297616
212734144
12537493
39615206
121650963
119171007
866722471
50688084
59578181
524564618
840611076
20006911
394850838
556240718
127824707
916325188
148939803
142897434
28722989
180769089
147649836
796541980
28947627
479753414
18508321
1026028174
1219408297
361100929
343055849
528989970
589642041
289817453
3589102
204989421
282689544
147931406
389681488
68079980
414767764
295262347
343238170
114122355
774682078
89837919
215662265
848163680
69447000
912766398
29185478
44256610
226861344
220071243
254180594
1578968221
768635637
50026493
214985894
166543139
520823041
321549968
38206755
299612217
327319469
56520055
360175012
56184599
26997783
264182275
694393435
280695121
27071458
124884136
588601509
404026857
312807438
155504416
122885668
350941334
39575257
251525997
29182711
39374774
47584082
17193836
138215843
34395815
429594694
84219959
11785259
175230535
120793498
669467286
535738658
437572521
444725928
14172340
16899804
75185500
179487130
269674303
23154541
27496431
107488538
334854756
42715548
222845378
28848846
11222665
189877617
108246131
162602423
1231925696
981756084
37728391
112620001
12899114
355322972
14501890
25677357
211121695
122347842
43717748
55809061
1114353933
116061096
748867641
192483388
17929640
31613398
77762421
583497735
68579962
55284547
18211481
1142060422
160120976
43075500
309084841
135457434
95383791
655043190
1914996007
364131957
241588963
498277388
55727924
656617715
16316157
149061045
641487889
63378267
575094208
34021662
122508874
72242669
101693656
50588333
1445101192
27007144
52110960
26612151
320017218
367751096
50288398
362318854
163372839
1613296666
77463002
42660201
172044549
67757151
1037252859
840897771
84303491
94759671
118333612
13843297
513450134
41296453
363404643
761082859
235409471
227151569
436104357
919008374
264622944
47459626
774024675
43545037
2593294605
730451313
74511733
44750994
74544605
33225538
101125695
553391072
106053281
11653389
132335842
13739312
21030348
68959779
224378704
840811898
2766335039
221457570
47926544
121237782
20687451
19138546
388889301
414004174
417876534
931779164
204021891
156919509
1220400837
203543127
580601425
10748597
338390805
151299138
240943342
491737942
21333491
22034184
46832769
93466096
46345615
75636811
1639992392
633509079
51784057
676894249
874435684
580958895
543073175
14233987
182631998
237048932
27194613
12336290
23154438
170665294
99367730
396022261
90399756
1743942634
42285843
251034467
50588773
18623429
61503397
17726827
46531099
83357687
10791734
53484410
66007522
462756629
68024482
53978550
135710250
864737954
43631291
564018316
88862587
353362824
164952968
85498733
615772938
185562633
1255349275
172129334
442849503
493949500
32869727
199479707
875368265
225195718
82161805
33727685
341045529
107243418
6917459
23428234
383111328
391258817
808927241
115045329
36175723
19636392
20837514
155860713
213498373
17754775
575969908
310592804
581016929
63284881
65469360
128199882
32719130
287687418
193489256
63905007
200486336
60128941
32966149
133646158
183872146
551783303
506778823
842068212
177594880
63583128
69725163
8127949
95186351
579268633
536350312
54594483
11026971
1069280479
16449604
23874365
355268965
115813944
11774778
449734873
116286513
648603235
569051750
8966359
89586566
16815662
3801929
384003051
105023840
406218984
81455801
26472071
29038792
176121173
307093602
208734747
67397299
477455087
25746450
270374309
399214788
15886025
716062133
99982801
154252868
181007104
1038568356
359157299
75587199
162177416
35494205
47342482
763948712
388061097
5280166
219640809
20383433
16263293
650034882
192215943
168669799
126989496
99330132
379087904
67786133
157936317
37117589
29292605
263229854
242793854
297709086
564929610
11207928
72409240
20449117
594110497
245233407
1098019992
320849547
12719286
24760803
34261780
52360312
542011607
143320268
38543656
221598888
85888172
14739937
48195712
69986252
495208555
603331169
208155609
170688014
103246282
33009889
314835391
10871376
53748577
0
31366874
599132709
58469694
34759939
468967825
276098611
25793686
82331355
310604628
322729860
20081917
193256916
1318446612
297835224
237940879
614387180
46885723
38461960
80005920
52311194
4726
317174776
161583733
163126345
39562765
30690335
143952422
690718597
9855823
26049279
657335267
84557510
87689900
111526991
334344671
13207808
79100714
81618894
175881693
17590682
139510871
550488508
79474144
31372184
299176430
8596110
109484636
358004678
116625577
78480436
71390434
443757152
22853844
294387669
41892002
211983414
207838999
120519615
145926498
4499544
160726627
252391801
2699565
750054472
334505314
1523006427
365180064
747330860
37177329
94013329
150604478
105075429
19806765
619419855
1293880695
64007448
489579155
400658732
36678491
60614790
139399988
348673202
224836367
59157496
110203196
994627176
347271357
1041852071
265759478
1724692622
114571376
73383472
32424435
18067032
0
317708755
5074305
180946699
137531982
852440553
400975989
109315786
74993518
492152539
78855086
61095181
6504
246065863
1551362450
6821678
32238024
128010629
312078733
313060887
83354287
630980251
181303614
14130265
437163106
303678616
59248649
63543029
201215052
115131093
18510458
55546403
77174659
390016006
298376329
339908562
28254211
554534475
912327066
31702127
10575099
52893431
131200543
377559524
161427864
181544029
40308037
315300334
711237035
263031529
108954737
889336969
20374744
21013577
15596224
552433102
22004573
644185080
88500617
33091981
52385370
223368016
29080304
1246218154
18656464
643755194
17863997
130015214
245681266
123594437
309287583
15186400
22750767
328278997
48038849
52248667
22722129
499985734
40175398
11571907
289942169
160811688
375659167
563485802
615797171
303065066
122221471
80545111
24362718
351330467
36734163
674946044
83763690
711622451
259927846
53044782
18717792
98624101
624586872
29268318
16193547
251165742
29968662
209441072
290171807
364216147
235518690
45942804
1150264871
385021255
255621097
342649894
234658058
13256411
1514031362
72788738
8419226
241782947
846219364
589767500
249479324
42171538
384644169
14054609
298672995
35018129
24013512
29074497
61719926
197792937
615027106
33127345
10666672
64750192
279740388
236484619
93437609
218172396
71818309
83423850
186914634
52415662
122440679
520153163
9187084
4200422
1074080530
59545893
66954210
216821832
8423323
90000986
169947285
16620955
128584605
1046372093
177764930
37848574
48720957
317553778
17149469
315227650
1093829333
152411462
212556660
26649366
1697027544
90918423
398493253
92649164
652061809
166715501
161309369
268356242
103576097
13816611
130946455
56881745
3765885
178674295
23060947
185126402
81821157
213079691
279339714
44992596
45313243
85536824
350727183
12943462
494829515
52640415
53507035
18073701
14769358
313285166
205372176
259097718
256433986
832400917
259846712
205185570
165534413
60332679
86234980
149375448
90119973
633022548
596296586
121176742
26693858
18892338
22381907
522653041
33052052
46910711
224646958
302161846
372028854
1497417412
263248939
105507030
851009221
83183889
508568314
87036553
109589072
239171839
508938941
349132700
92524880
493822411
211849362
1181581541
501610515
66270411
69286313
245864733
61762322
249602499
106820886
336401746
733842590
30665556
1051648504
9943602
78769599
150544203
185171348
34972273
28972539
48888007
55156689
129881290
1175909572
124578038
173062615
169610561
1185008409
259028384
54550697
87449129
695581977
25078371
57944458
1107255569
75240019
469270133
559934891
14010572
235030238
46369137
136041179
619756174
8101901
95009978
227821483
16596772
585571056
215984022
1051812238
906077368
94721301
42909261
44097224
159856722
35971303
230391101
144210085
70565394
359744036
240279715
674531725
753571686
159543770
156741829
74178662
65880652
80751096
18411719
347919094
368189181
279824095
41624477
938698298
140297948
358208228
226003068
124270089
853545414
26727996
96649968
264243114
2334026
199382434
168798785
40875144
36825665
35470020
13178256
1003943624
3672
35142291
11818601
52452047
942403767
250802432
668122565
255626061
464357981
138128162
602329475
109183974
446123978
598514605
287242027
213013539
93710100
40557653
8501373
341581912
271958577
61627193
374651421
108505943
77820462
10444079
141660301
104163652
42948349
633326056
742373857
766584555
176008015
22668717
83506358
581013319
21846834
1382880993
224597919
89466210
66344018
26270375
234030653
112314229
21611814
793689216
1310314113
162577294
236930544
83643231
247189272
223583475
1014933057
41442190
39142719
310234388
15184286
199750485
215986500
323950181
81245336
439735109
210792028
781332883
306999663
274126813
1320619634
103711075
369666676
113250821
42405859
51508803
356698616
63467429
764348993
227996791
293863312
197739173
18283767
391831948
282030255
723750242
659061568
488979865
719291482
483559717
55584396
40571568
550636441
1167111741
235498018
10214609
15829058
519150894
14055
569112840
737521303
523491737
280865545
169505115
208830553
682156493
455278937
80152011
71804355
64321340
144448139
504772718
15621194
552974523
133071910
1976761
28051002
376488637
145170080
119315562
724994106
203556144
254775539
1102604717
7573581
211661718
67425865
121369304
506036104
49436883
342228599
908664996
621005729
83998958
50589619
666043860
25080510
463914361
1976741295
13655038
764769785
38725076
785529275
28835624
58279742
26827876
715456154
602708923
188864736
266159290
21808911
734216087
179292606
124338948
247499558
24953679
475709906
60467119
37986030
689249909
240281339
467172847
523877320
32843070
194573446
238576453
107367403
199406774
446236855
49033231
564816493
867900082
557211933
1131255873
1140087131
249188155
376975178
281576850
616291985
42115178
80968640
347965610
263797549
691243638
120561020
7308738
1378704541
127092974
613277593
747163817
57705116
203803547
116772485
104375928
13332834
35271460
872109698
1209759215
842672989
6518403
139406550
161318272
74058437
755896712
55979938
687321508
58585951
210038129
9843450
135090322
1086092800
416497510
207071625
1063630674
31988697
15312292
52177918
1711855299
72056469
41021996
78092747
839056821
6110934
104774330
47887025
774796058
63495571
298256400
818480152
133127370
16132400
219626590
29015863
368252298
287765702
120677442
287660156
426156751
331868786
703026373
233679991
169896485
55805131
69894696
61707201
176284670
100863596
110700392
394841820
37959283
168710708
460737554
711710404
1387080860
202835707
481628167
203649959
736955674
92371502
291845125
91767321
15455943
54943607
6975123
308477528
872553058
309098337
22305978
42398652
87703937
314358882
120765261
902341612
11100429
111018347
116931001
99533306
179376070
135417735
58156017
111596812
97902531
106930018
29464551
85420824
102180844
783151120
19930101
572868059
1293348158
102644311
917226615
145224897
990101888
26520394
108338948
92404406
86134049
31779545
35901607
52673766
8928042
111864727
36335083
513108602
34952507
98133008
102334102
1149568863
22655997
187804207
1047721790
97883251
111583504
14953189
43656366
390025367
104665236
265963627
42034783
208706080
38785287
824983604
72880385
60593003
856593367
55241597
912167921
248589016
9339784
188053509
1203479769
181593171
497568999
427492149
632128134
353871667
798112614
962276715
113126254
495763367
1505169715
94331746
488279806
184003520
410848824
28283917
215443890
181996403
50528759
320388273
54273297
553200645
55108072
83303950
110064467
222015196
90538057
85061787
182523747
302120858
500983276
139313036
159350646
279981908
128950300
279816629
17497477
81664662
65782198
807160210
31858104
5758549
57385544
488614066
131570796
46097419
205929582
368069838
847316131
111813995
29960719
286232451
15080102
110694571
117016497
118591614
482792380
316177782
1261837884
34405147
41047772
907476561
55154415
1044664738
835686535
287365733
459655472
18582124
436978705
558965274
71994974
47329125
321702896
1202921205
212140400
244614361
626891860
4301943
275964530
40853122
47582089
1279896223
518133393
421404921
12054519
707548359
37840291
16487788
13293955
31585575
10712441
160142423
26377361
59227704
463361437
1078698981
83139095
5172875
58675270
70268252
158736469
18134171
46028087
67693581
17017326
15882541
777403690
56374186
53945262
95724007
307046789
18524458
151234297
265075301
209652232
208032119
414397038
207758732
145890738
983829535
15916805
49906186
29248079
185924101
243656323
783707984
126863467
33714332
516945026
31450798
359503287
58612234
157817413
50720825
75843049
87535279
356645316
16628688
68937963
409483530
75578173
91559424
366779317
520274310
833079496
8278409
25115233
21009803
32563384
67589395
124991402
109461467
465249142
383600594
353312408
50075576
71198453
60275388
198760357
106733096
164840972
92591173
1263517680
217198295
133037813
68800267
50741985
482249130
499278033
77749093
534959539
1129046532
707176359
31568816
428262146
381592648
358638310
27016181
33165305
382812905
64556357
97989139
85659350
923380885
329832933
474841745
657701486
30748119
64115105
121947887
1625820357
186240895
633211211
372750824
82944920
361265667
1192333398
677059795
46061774
218667403
91093782
10907010
21941656
1478113808
174711515
20918440
7216999
192754071
63369490
1061202040
408968752
441680375
679276636
16362409
127761839
332449260
38318861
24850912
325107152
237959980
276004631
111041851
154937681
34650737
600861694
20588068
375552622
330046483
2748289
22442761
1305292675
271947523
367542350
925207972
266929892
143992804
202379260
306074851
184960229
17438353
583738818
342010263
85224833
79569934
369693249
56628482
186032324
126236300
472574766
909704450
343035975
124158565
24276940
300655605
1012846363
23393321
50553059
88931234
224143656
81362028
188078455
536972264
130709496
1162098987
98186813
1294545522
477910382
253509126
102697203
387945209
89877915
2489256340
51539345
345750421
92202508
90230692
71356479
78946497
572039507
285786843
19766463
240268605
723686268
382532761
864897287
468670802
1209042760
535769382
427216361
9859512
228307849
347726863
1643550577
585925918
22242958
1883936764
97773956
258418341
4522047
527645401
556497207
13109350
80447288
516772445
187546231
939026042
41301788
18701957
227628648
1941745951
140537749
334600386
876825471
178892855
79423717
105886449
414182153
17797855
27174017
20715645
1759127
282332512
286118222
491063117
98793290
651434768
1263278318
47626680
189026247
568219822
385904795
174982039
793478306
78985357
419652526
16341082
33014427
1545278033
38761102
80551977
591234194
65062628
536877621
228266888
523028949
1129294191
32594679
367688814
25548140
150722741
72492751
572145526
268291147
49706048
8315336
347335694
798965657
39368204
95722105
447135605
63861348
87608649
110664575
168946894
135869479
24584059
206227602
159678007
36522711
211053712
1451950138
44336975
204229453
73835723
331540920
199225390
598132631
202089138
144789766
200028623
416329005
252244591
229928780
110269296
10913526
283179112
1054892585
425365598
548035194
166047145
84918082
62118820
94224143
1942561454
699352319
1965761540
28304596
66369208
481557457
99693406
196673924
100596526
336624267
895667451
203973739
187569079
318108647
2972004
196848614
6533151
125521041
610085973
16552277
142128164
126375682
70779420
16611025
70416671
537558788
170013303
574107799
51538528
1105400021
356811260
48961547
837552080
78288587
118337216
258380509
75295477
486661257
413741548
945656768
1013160306
105971236
44656136
653095337
187599663
893169648
304115047
576694375
855549558
79163070
1570159342
283035145
8040936
375367126
532027794
104028995
88728330
687600808
3538
79504626
201680738
221704205
704352854
104445464
133401861
911154176
396984515
198829960
1344891274
270590735
180659759
415770722
1351319517
84226875
161908084
18957878
273321181
153189810
53778384
1353409477
153230673
139502774
267630877
192304519
730184520
272034731
16449366
175910064
1364180795
236934209
43153588
250706161
563241854
821008056
121007943
323828127
10358763
17860116
500056026
200432510
494997071
695934956
19163839
653139366
697743678
341368273
61527797
48416973
563224984
725091571
736729156
38046401
34690084
365940425
19210721
80574961
132152222
915572494
284210367
112507480
435576006
446126925
883703715
2497914180
465143064
1345375736
77019665
124095022
40054498
508266805
1034361939
24210973
77915117
1071724847
1305829141
610004903
584356025
247454878
150475224
40105249
170691417
101418704
155769986
120372395
81751335
456647058
551386524
392275675
355398189
761393922
125646150
756329293
603892797
111515001
161883530
301918909
109656986
634825395
458906517
133265613
197701136
167109078
85995950
549577967
363894101
26851647
171101114
452665439
259957687
443902538
308315492
46204258
55472720
672715054
129841535
2270527
151613159
985469190
71890733
5312217
357582246
1425530634
76265708
155949726
1056305152
27223676
77945402
27882289
796131115
595642946
589418533
532615750
1243470391
490002990
744857274
160724354
38775923
588010974
360872969
487963056
449083865
210266139
110435153
1333338570
71853613
582838490
352334500
64532725
73063330
167159481
230721983
76938856
47706524
1752849976
227476246
118347857
526275837
308814179
723922810
179099737
263874879
193367077
16903825
766007932
288362439
320387505
24165880
664925148
127622751
578548779
252455574
1294871771
1975201226
58205294
122496451
646722227
1009028904
311898822
541296040
26635347
41484135
704201239
165806155
87283329
191390469
225676432
414945891
49718197
74683616
14419092
689913253
44491501
1278089876
66448496
731894808
32727095
12391792
39343687
347164442
523821647
389378049
230601496
860392956
41868791
127435598
41620047
184220072
50715233
37313736
71387062
561871787
2622445278
381188409
252867860
74117327
115107918
473098435
486645371
386543175
459795615
50050225
444778099
1770942939
82411943
895963151
57376373
86860314
85973736
261834435
204555292
193774514
508215815
24367687
33791159
243935042
654287524
330532124
127828882
96443491
138501535
278905767
124889940
490852057
1157263286
64504153
1059432747
26155754
1393707854
117924273
1372158679
35321661
159126097
485598244
860229289
175343255
690551534
305405547
6388583
33214104
162317389
1928590196
658046795
67101008
123863341
367671662
35742647
25337605
265174451
247155083
41318274
1003973415
90025395
31936374
1010069033
226548761
364717946
23918182
11968998
62148604
280753213
175028481
370948290
794843827
146890006
357509203
99828187
618218310
21809975
181663042
75036339
146648924
662989944
826663875
26878654
27065989
408677577
205369207
953177007
761290630
978878959
989093043
458290737
53446022
1339938617
930458128
220271798
746935418
31819496
277974582
236271794
14475549
57697098
307534304
273521559
192187285
96845644
1052744444
82654756
102805745
19743850
110267801
9872804
302574992
225287180
1070840001
430386729
695671268
183030202
36249959
213823614
169354371
802753765
680051745
241752949
77499715
86270750
49440414
1250532421
181646128
40710469
206680999
112160551
189644545
1061649593
347625853
2201209872
128190925
139960821
222169681
784694456
10991326
225209234
320052392
508826936
136173756
790339720
462414666
384643440
4955943
26471584
51579899
704283555
373471581
512844447
579737939
79531242
1177720877
490589651
19852395
471470687
9881628
50736236
736642376
537970415
1167695787
272956121
39315895
237821721
111362882
41316808
163865662
761823500
233786078
279261821
76179027
194128712
811795781
689708769
238733076
503257380
831132496
82932024
300016602
345884350
227982808
96066437
948244937
119959611
1598985964
423608486
124686325
990233268
84249840
256028032
138073952
38208138
797422125
417100165
988099626
189942986
80426250
62813342
219249363
729269607
173134524
127501804
778291809
452161282
29654777
140884251
356916001
187715366
154166817
707723357
52971129
290666107
470649692
418901465
132298637
116778078
1589064772
863293795
429576665
1244122442
400499255
214918708
696914854
5860
729610179
33664387
175884225
337826883
622564229
202916808
97651589
176100135
647538909
35792743
219946421
501462614
1028134054
30562766
22378095
215640536
360446121
104418821
734793999
83756736
117052654
177266605
686387532
109302713
62078215
664442252
442388996
22648398
194014847
566711996
423473449
513477271
286269867
503507022
193459432
23687962
479171084
111544415
239012731
321569904
489354187
344954039
428382993
22645889
753425015
690275768
429492777
1057056011
172935504
97817715
406157312
132093751
323328320
219678403
92995226
502063224
23472945
21078606
581471219
265387864
201287977
108696030
28837301
683756537
504815125
85441415
98007894
157792958
148603555
284969865
332166629
63068323
361536990
157609659
559415368
37840423
167702328
70094141
34507904
470350296
50425835
92620232
81025177
117130818
638698993
163141014
116439423
574290264
32188269
54661121
336974266
75898169
143865706
315388302
907276414
387567581
285875179
101017908
33016111
151784617
140917761
1307594969
76747932
686283317
168099190
39681490
351666541
184801012
457597196
120021251
176067874
728403595
250311130
28169786
890395943
887933168
26351640
950818901
267963518
201364694
1025525759
11241540
1204434814
89261298
488708150
348547907
264559683
1458901856
475883391
241547381
31657582
591290735
32142978
114896318
678650003
776037082
105644313
125464919
906153985
35306031
247053713
7808274
35834528
1113983388
217722735
546576977
212170838
402200235
147732848
32507237
26832266
497222218
421717716
35570823
1776877858
215705463
1024748467
785784396
149587017
94069639
23189528
12178220
188540060
475332065
641625676
242068754
141509356
19890213
381709778
234701600
305255472
34962645
497354474
102859530
634537452
42407653
496127783
29648031
525890666
84308882
235891824
670196910
146557176
312713429
1862836
62735733
105997125
92295632
589892478
25716622
277373549
3925538
180459694
378443692
26422241
121951510
99641967
384915678
536411992
1360606535
40804251
191370147
317514435
126033819
230260513
847437602
681454402
146500726
294154611
216081808
35240384
203384277
599509621
18736198
102044880
133034338
51010396
122123302
384327394
1287294463
739646084
952730557
668149367
999405196
38607317
50773922
1941558461
1370807112
465048100
426027065
522104330
941646670
281267603
21696878
212241119
123058635
243469024
100581397
37899181
515821190
54788659
1182506391
42366810
509047131
157529498
109928279
588499059
283396696
850481883
784351672
388821096
244392367
23810698
1318873564
1637582980
1519611538
61849796
1237792905
2627089
51905983
931892006
151345630
190211330
166775508
30933277
216301190
912312087
111178923
1889177201
706569119
359660698
385936364
109051940
134467554
54027770
969112822
1199456786
2852628160
715248142
32915812
3020620491
248396375
439735261
326809842
44600519
256566323
146411043
346610159
1703986
78826404
77677060
51744985
129609662
271949560
724232025
114923523
308625580
248578838
1049411720
854126333
590345373
228640968
38249365
161760038
46955943
311950964
977601062
150396034
100504613
908175554
187580561
346734193
836758562
130467395
452487132
113831710
524807353
533223148
118539454
1364309356
240615422
1403789965
352611594
66748610
40913002
20026741
134547894
184799871
125749514
415493229
227311690
51875185
18376440
45727015
13834317
93358276
208385767
233668154
180673119
78851861
32123648
282494148
39370022
363275941
321308138
67942647
25241367
294379565
65112097
557232123
45573768
72290522
995787143
444050343
912809153
425267432
535019027
130616978
27383726
429770039
154745661
4295145
414906520
118296000
1237722817
46611905
175397795
824130610
184948389
82750158
281306343
1551807272
86678550
106726547
111499241
247739935
622659614
586673112
57874590
119222908
479004163
56545843
45257722
471339389
624492156
29306183
351359765
59559632
96607441
331895783
555215986
752520352
107179225
218809357
473568048
12592296
571082150
163484900
242792878
794011669
991333378
1218928009
384779423
92984000
168126867
231506447
262770699
618431588
357819158
720054922
49167067
576564602
88169019
282842786
931358322
617767313
21208441
221799808
230093089
524690714
222692657
232744596
158919752
433041552
1373511865
289492731
590022908
47607462
71634603
30541734
515630306
261535542
56255923
961817087
78668264
135757669
1074275451
164069617
47229869
437847567
129464426
487892971
326694091
52882037
507538184
319885604
630806393
14974662
33410225
303477045
210525703
1167476028
710764843
408140434
576731154
152421271
137751399
2953399
1125983870
54379916
194026366
223410631
121567162
26716247
53674026
126806218
1458383880
28756846
404233085
423325769
789242933
887429551
260974506
191511675
970711137
1404068645
383566989
70481684
82982910
153181497
26547954
201888559
389619914
24940698
567118968
400684471
43679208
226726337
541954642
160509700
797487049
233248277
143776168
29374895
95453843
650435588
495662713
286811204
832654622
1001225894
493344534
125474456
1339984819
877226274
759060450
1647955392
121970714
925489747
123709700
88347260
85121294
2234399522
799661926
101653017
785823915
54242813
137164682
26635652
49476763
503883884
6425697
1182122980
120286956
215763117
127366513
262971273
494369195
303081987
147191122
60685905
271101025
185256353
940551220
112855669
928779551
279347982
1224025649
247507473
7416115
252477695
65694407
858121970
664544983
629493523
309673870
281991845
1120937501
163106650
133014536
307419160
7679
65862342
611431587
925844545
295376872
785573035
1072907748
541779395
335906449
206788903
19550072
780396325
33630879
899349214
181010727
65843964
75163145
21717765
328654574
536458830
60800884
111155793
1251846406
353091418
1095107420
48911547
60208005
25484568
14723132
185641972
1999809513
187471234
138051088
81856412
117541947
980592293
434698087
18010686
375623944
607240428
72161391
1136353847
232766408
60277131
226165447
83654113
1055952696
20101831
97382155
68465287
38547282
485071683
657107144
193038479
225113372
944871939
88084678
1147886985
626063756
390776003
38673685
1490154307
279067621
438208753
164489099
30344190
490415530
703533285
1261765788
1042518518
67534132
778339834
1044206252
338394743
4262517
450733917
182152904
753075861
1102087462
417528485
135780592
247384892
103443063
1071409521
141093443
357505727
276679495
1814557704
278737694
379568496
557577798
658699154
189707784
1474740354
724386672
949746065
98425560
326984398
171434599
1921809282
167304638
1127838598
220576438
581397613
9815345
52513345
165933250
617544624
101239746
1201561283
249420492
34266180
1041575726
39840587
548711171
122647019
1355256580
288317922
374434640
845596963
343150574
1127726249
294104476
129701723
1023354023
115010168
929243161
57434750
601361190
811275590
173309840
12213244
444726869
439026043
16998904
627977978
556043084
1343381227
119055063
154982686
23802657
71227788
680916992
497343777
393017369
364589029
320218123
652000694
68334496
1879875021
976929601
190923767
229419370
936606296
44293447
36792964
16622205
658192345
94086722
205802948
1506112511
1160586580
158570448
744075712
232986081
75661848
164360680
46841555
74695936
420066774
492820228
1039069527
37168042
759925182
262874709
170262028
193721267
880893113
395301435
205289493
567820997
291938880
17389611
55351754
257312407
480515204
59932902
1192904914
746323284
180667218
58893884
537674097
101957792
499213551
386388202
970214651
233879265
95871035
301084436
445697498
434044674
898326705
150350099
194046219
387055972
1049745258
423768005
203097105
368391274
84495744
73908349
134165566
73491436
153512973
30686789
16114203
870447386
34931452
1352912999
205478491
1259714972
1057133682
60310628
136586274
119246914
127621451
793321011
1263659553
70660543
360846874
1025922457
347500785
55041073
169355559
1392014406
64238710
808642216
65625893
130846025
784524235
130885196
1004478459
35517763
643498078
585278457
347665629
241983716
292013807
273661347
128347312
1085386028
262666891
2280815630
626016045
471779424
1328327783
42659424
251345600
338753074
263823082
140142723
415169396
1346038630
590891058
365258510
329162198
643035611
46292637
443438920
285004854
170284024
58430575
206230802
103129447
69718146
232449952
58601851
1155530880
594453205
76259167
1053171871
157865027
159194793
138621436
32270715
552882487
317004326
1174073892
420150227
2175219028
141004576
148286206
231224470
67156450
177386487
215527848
38387915
862047674
188230335
154032416
568089908
135520702
375071019
725516007
934121567
384905321
545898324
288698451
1063529790
144323493
97888178
556452452
495178364
176721423
597076381
709600373
344195245
56023592
1091183777
63503892
89712467
1351765192
1835643681
759232130
167086410
893471563
1084564303
30159024
719097095
1071800546
77589861
24060712
47809831
694634332
374153848
26032306
37640465
154308547
105330692
1204973717
509075379
165164787
241759800
45550394
511053929
219151019
200712480
1521544287
280462127
12840299
134078559
50664200
94400343
172376336
2965766354
671815232
385069181
1078265068
135254540
35120897
211252108
789228885
965098324
535373613
262579812
102065937
1280468595
1267870401
