0
4648
6481
7616
3761429
5210107
656030
4312
315465
6641
7118
119767
7988181
5557
7004818
19093
6718082
6476
4873
710537
10140
6670
7499
5752
5174
6159
11405
2960511
5327242
9110
7935
7854
364193499
5356849
4688
4103858
6577616
3363126
6571
1146631
6350
7290
3038905
1476193
4694535
716514
4820
6632
5303
5615
4488
5133
503086
7064460
274690
5770
193611274
9890
5562737
9385
17802490
2816034
386568219
778667
1380388
4659
2626168
353471263
4028
2511593
7901
416082
12464
15485
5946
4968323
191004506
9180872
2422365
211506918
6260
5011577
21841
864620
5481
6905394
1545974
7282104
16357
12322
9736
7772
6165
5719
12329363
18279016
8279
8952
11433
6246201
249667814
5825
1668937
1603095
5300097
6517766
223157651
2522983
10519
7377
4615
1913319
4069
4501261
3157207
3148921
682166
4389233
3716324
122103221
148736472
5463
4118132
2508562
4681
8278122
7684
10029314
6589
7720
213294944
4179008
8698
307987
6945
2661669
4866476
202885175
6112
6769
4813
1018495
14960337
5410972
473905972
8609221
297806948
1835165
3875
536860
4399752
2461218
6520
1191888
1410704
389290
8086
383561
1648924
7976
5203
724616
10967
6091
11697755
3146577
219747900
967044
4300453
322115799
290543765
4899013
66155113
12239
350942613
6357
588266
9437
1107631
3131
2970559
7484780
12344392
12217753
4450109
7745
5888
148857
2920656
3480888
2825596
7617
7239
5602
3281
2504807
10443
10456270
7169
3214347
164257258
8867
1230588
164864734
331800310
6857
2812094
7657094
1910182
8942336
5297398
18286010
218960457
4194
8084
364840
19794484
2323952
1891294
4919167
1500538
5699
1979366
3004076
7431
8165387
1438578
5059
4479
340531
1415568
7815905
6950
194287942
8117212
4640
5627226
7318205
6516106
7755140
7653944
6456845
6097814
7838
8239
316631671
3701798
7429664
6542
246647187
2505
304374
2906412
13983116
565233
6649
10583234
3282294
2709112
7111504
1495754
186009
5664735
7124
3976
5468
2167029
2347776
58782
7651
19208802
8466
2021614
4497
5003
2346966
6173
7299
7578232
12864
575667
5508
3455140
180469992
12626
865236
10235097
2540
5924484
46132
7760
10278495
4438
4842
5358101
4397505
1400029
3222964
10515
1996371
11506431
5068
1139294
354284
253875
7312
21626885
4804
10413
1364444
4319559
6374
6585
5608
436754331
239006433
6308
12888966
3231761
2290
5142
4445
6173
12902845
2319168
8304102
9041
12583294
6582
3910055
3247783
2692663
5194
4286
4910
1304971
170882057
524953
5937
5355456
23108252
6541
576979724
3892
1170660
4861
4865
2613987
4413
8733288
5066
5978
725827
4750527
4666
14783824
7233325
7959
1824161
4122554
6227
9204
5493
5289
433928
6201
3463
310812651
5962813
275346589
7690
7584554
7364133
22087
9460
302633743
6744067
21260493
14569
3200506
33638
4800
9141293
819763
7644
8283
5196
1617942
7386426
5826
257335937
6837681
359965583
9838450
3593494
8061434
4082886
344596863
5079
7849
9349
10658
9567276
4605098
5828
354231
3490282
2377350
424585427
268428454
5691
541807132
9868928
1771231
836807
4009421
672410
2943684
4960
1062868
7862714
15704634
1033420
5638
7052
234964
5288
1558999
7596677
8619
2917709
3077253
6667641
7451950
19849503
12612680
12176142
6657
3437900
5519435
617287
7669751
2268621
4921
5877
1062753
2233403
2387467
5014366
1005700
12510942
5048
8457436
6553719
410543
3781
5619929
4548197
564074458
5500
1055052
348333733
10662618
3534
1148535
4050
4092373
2477453
5160
9897409
504513928
10329974
8419
1220042
260784509
664047
2024241
7520
356769386
2054786
3895481
7988
9858
4627260
2107657
3845
9192
10179724
1054477
1177281
6401
10457
1031931
6396
4683996
6561907
6481
8251
3940483
7867
6042
2011404
5078071
105199872
6782
15175387
7616
12119
6924
5517
6061
14272291
3881
5119319
4876
5154264
6576
15080
313754600
7047151
6443
293127672
309995007
4913
11391358
9028
7322746
3961035
1926125
6857496
5618
11235060
5690869
6419139
10009
5200537
11869685
15045
371513045
5338
5425
2759725
6196
3434292
2505634
904303
4910
392381317
4599545
4287
11958246
6526721
28943428
3155492
3161492
5521
10352
1397458
4621911
7862
10817
4215131
3088283
9080754
5519
3256851
3118966
6530
53753172
3908346
2816129
6551
10827
312247046
6917979
4096739
5806
1131647
4430896
423979441
8389526
4782
6004
5296432
1693424
11470
11957623
9065207
214298374
6050
12254
601250895
2459436
6198
6344
10246896
1181438
4863
4772
2816810
12036682
7559857
6532018
4408538
319622
16403709
494833
6367
10463642
4257949
16079385
4109355
2533903
5149399
1844131
5968925
15183425
10761
7694546
7058408
7784740
1678522
262385064
765901575
6139054
868007
4415766
6746219
5466
1415646
6518033
6664328
221627
298251031
4102
3051658
1263135
1735002
2347059
5133196
11132
643681
319758006
6165549
3052611
7966
7212
5105
6605555
9598578
4485
6802311
5908
4664
4977339
4128
8140344
1153293
6952
6566
6432
11673
1698686
424219
3828
751075
209833800
321724104
5222
8575052
7002
257621050
3418332
3481459
4862
7620
3037428
1486602
654356
8708
8070389
7247
1978265
252986435
3324750
8420
5561
12271567
5172
403101678
13039734
5396065
7472
544717452
628119522
397916122
6765
4964
833388
3018537
360365138
222852169
4833
10848794
7857
2065667
6508
10804941
177583637
2067375
385769
3237518
5642
8011
14318787
343442091
18203821
770130
4334
1910945
5460007
5313
1118887
2240677
764974261
11604151
622120956
5725172
296509034
2028228
7820535
5006795
6973177
492051
8427715
10964340
662542
1704236
2733959
2258959
6348
5801511
6428
4369503
16683037
3002673
7448696
5540
8744423
16340753
1883503
5720605
14452392
233483006
2451767
10265264
5881
8112
326186838
8272
9337064
6312
1071331
6567381
11694
113329718
1670359
5731
9791208
5797727
5836
3661203
3856232
14295320
5159
6882282
16242538
3797378
8365
5986362
8220
5429
2923400
11767548
6714
9112163
1489312
9204712
1069407
5190
5891
6246
662921
879040
4659363
3792581
18384484
6252977
18182505
7830
366612949
4889951
2862611
5800610
483525160
532006781
505674703
5105
9784
5900454
19477276
3713648
6006
17921
431695486
3785307
3585792
6039732
1500837
1528227
12179755
7529817
365056563
712072
5208
7779318
1250400
3912
1161612
2260712
534035
4899
5771053
13751497
3355694
7294
715342
6094701
6336127
4948
1455761
180645
4815
13085483
9225
187730248
911782
305833
10589
318153935
454335979
495219
6142
659221
10879672
3679730
847134
331918805
14368023
10674660
7410
895123
2839636
7373659
5440621
5347
5844023
4764
5737
15404081
7878111
17863444
17219222
430305305
4653
597018032
11029485
342010261
6193
3733184
6462
4118
4983
4890551
4700
4409915
5597
12826841
6251730
2825061
7309302
1372001
1455756
5354
9503
4373
1809457
7917
4759393
10108962
6097
8678196
4452995
9429
1618850
1027509
5380158
4395
12708850
1549331
2473708
13487657
5185
5280
475368280
6815
3767006
12308
5352
2413627
1074993
4502409
5019572
7443310
7414
6649702
20801203
7540170
6024058
14867068
2812888
3954
3051175
11370307
10177
446776954
1148530
8080
16138463
13479941
1478309
1864836
9444
1569814
24683747
24214226
3600720
7766671
6439
6074
14642067
1119505
7892900
6258253
8766301
6777
506796397
1374830
9277971
2175964
1155339
8082
11280017
250652464
222447810
2611243
13233491
4271
1052038
22566321
7145384
2967587
1974330
5182853
5828072
5710
9397660
1064173
53720397
11899201
4861
5345
8525056
8980
2573
4260584
17426163
42053
8946
5419
2148353
9393
3678207
3038162
7181
3993035
5296523
360036253
3648031
252351140
5322
492447665
2463403
327308087
19018289
162927991
4376679
4733
54219162
2493308
328474338
7068992
1036488604
57105921
2355616
4838242
3492413
4341901
10485
1000297
13944396
2077168
5184
6699
651947
4653
3800702
6854
6948
3310838
7016
2370117
3383651
1655169
12663058
10786803
2308542
6537720
2488896
15257185
175266
1052307
6458098
2719463
2181627
3610766
26848277
4223987
4398
1854528
459583
8028
6754067
4544
9829534
6906270
6823
4554177
15908981
2066169
565518
2829293
17573979
11563518
10246102
4898075
6375543
9833769
437212749
4485190
367446558
18081326
3567892
6196
11157
4981495
4964035
8171841
6904758
6091
5734057
30066077
6128
6762
6314
1920983
7381
3502376
1959295
4216659
2155645
12230924
214697915
9914339
2920556
11010699
5847
577296357
7632085
2270358
3596085
1025599
451110598
201457337
32759755
5425
3143656
10383
3227687
10416119
2980577
13093086
4924
7339
8764
5561070
12499
5432149
6266698
21521672
1881988
8385
10606534
7579616
14446
69445152
6101
25582794
6523
3067244
3979300
5810325
476795
384865321
5274822
1928645
18920238
9801
426145210
15123359
3367852
5706
4802822
16827
4261497
9751300
11724
4867
519096532
2407314
9290
11532035
7295253
7507
30468106
7379307
6775355
4876
4175736
472071137
7678
22464182
34747230
386310
2970395
8663608
2243984
934394
4314
9546342
2857748
4140
4400736
7157194
29023591
5220841
6397456
2939838
9581355
1352042
1510236
11134580
507227
2324155
6714096
14439512
2197082
9859
8888
5681636
7792
7909
6996799
5309004
1164097
6000
9096655
4935889
5941938
6210295
1603738
949836
6039617
8014315
5360458
351807268
11855578
9267392
6702849
4940990
6609
406042040
3304560
4769222
3182853
6638003
4706156
147732506
5793
6693837
8930455
1160780
319629
4585369
5718
7122622
11038080
6966
22380631
3972615
4642683
3725403
7615449
216746049
7747789
6199
2003884
34055744
22829528
3016768
303729447
6761
17168079
11220
8039
1028563
2099290
168535283
5576587
30558453
9225395
4983
4040927
3440358
5749
11695655
5799511
3722046
1024118
3822968
13915951
5049043
34760008
569845
885410
6172003
5130920
6279
5929731
6975886
12750926
23121
9305836
4421
13061803
6744
1792809
5289569
7482779
12466345
10117
5717
3091563
15585494
14377694
3277016
14932661
4928
3356905
738932
4642956
4940
8429665
4925
5879
69158369
12003695
6391193
7289919
5623535
62191142
649733348
4765169
3942037
1674559
2659017
483749524
6718363
18045703
9942721
7317263
391777349
9369871
8828344
21481047
3932481
1868746
7797981
5368
268721
6770911
8460785
5691
3562651
2218587
5609
470299534
10902646
17694501
12444102
7253710
5285
6684
15255530
13134168
5179
629364337
8845482
2892303
12414579
8563240
3186039
8675934
11286425
6705153
30673476
7620
7510
15781036
6177696
6648
10881091
4995448
6283415
6217498
989547
263163875
4520582
1209540
5105011
8739950
38211871
1285814963
1494894
10692
464192
7375978
259219359
14107081
16015754
2493941
25765773
6517
1748974
7562056
4938
7896
13668865
5723
4544
6095907
18522926
10230327
16782114
7085
5568
17919885
358091034
2143532
240028353
5886
8936
4584087
16323354
3805017
27056552
24434059
18737524
8533
11564939
1644602
5733
6618010
6515834
11271032
12522853
12383
68478
7099
291979505
5727
463882299
2099273
2733596
2506922
7320
427073741
318316945
1597170
7424
3605293
14321194
2724876
19374310
6518
4254819
10012365
14357972
3483
10288
463997945
9061007
910152457
22435968
890114
19019484
5080
7734892
6793222
13496255
1216181
5600
5102
8841
5380
648575417
6602708
9482091
6493433
7084
12435155
6055664
4595
12497489
1273712
9815580
12219015
1774550
5392914
1574540
384426
2690180
1193208
3073878
17742910
2726197
1075049
6307
9676014
5410
8784567
5081
7463343
388002529
7025
3827144
5783
21543386
6908
922536
284595545
4498260
55977
590114
6508
1497930
7463137
10392
1284966
8541416
13274955
4425471
7385782
2959142
209652
19000391
2113411
4248785
3244432
4409
15864916
13013604
8001339
7668140
12652002
4110440
4215156
11037367
3281
4910746
7091
4112821
2710905
1956436
9754
8955895
4074258
5932925
6792568
39792117
29935890
2840900
1850036
8212393
5160796
22773389
5164
4930337
6831
4307
280211250
7500225
9195588
4634716
10201730
5408
1447991
9726
13067
5347
16680250
13488794
1084949
439353
9873451
509368457
8688166
5515422
9270
13737
3074464
10687841
6337161
542358
3964
579609799
4176045
6684
28129534
1593340
21764148
10082822
10150129
404461054
6517
24091308
2531416
7438489
18613943
518889
9994428
8235204
8409273
4675
9564240
10550677
23767383
9792439
10853612
6737
5866015
1089919
9567338
2377737
3053782
5290933
7672
4808111
6049
492377
29812161
1162103
4778470
13085574
5749
10994332
4883
24296281
5948
2654984
11109957
19391432
554525
18390242
2953845
29467505
6211
28787115
756682
2341414
370746923
7945280
3601786
1222226
217606697
638565
8325738
16390758
19569750
249266969
724412
69486296
825866
3639943
4901
5960066
2604830
19511352
2109397
11175728
4396
5223
4840
5704973
7521243
5182873
14369061
3069032
6327
21842509
6577
3624682
5878664
10095959
711690750
7612
272847559
21980400
4421
241138771
12033
9307
28593410
18703324
26597958
12559036
5832478
10821803
12075198
13556188
277427000
4984
8040297
4998168
6237497
10876519
2417182
16676161
5967
2013183
376078128
501230
5433581
17743648
12609
13201918
241689
1705681
19445424
21567196
5724421
3236643
18827860
11266181
44600232
6939000
5957
4497
11979587
4372433
3628
5783468
14624541
353403768
2703767
8826628
2686369
11678973
1299338
6462
2667951
7871071
1904657
42531372
473486188
168139055
9821730
6853
3701301
6773207
661915
1604242
13291888
11307418
1113737
10799439
5793032
16123539
13835715
6555635
20825486
343290817
9603355
6279881
5996
15469635
8169023
10002130
6338960
4816
1437735
572243595
649638
12595449
409879865
1308222
2139081
332380780
9505739
1998340
6109092
31078650
6312
6622338
7605058
233761297
3807523
6821
238533242
12228227
23877382
8551
14249114
9384491
24351365
5542196
6172
1172490
795872
12531415
19781993
3207182
1481163
1506803
25441690
13515451
8813304
8875020
257510579
19000273
18205767
5748961
15898507
7904516
5932566
8875768
8863
327698119
1101121
6552
5572618
6021
445932993
2791302
424303097
3422789
5155
7296
2481697
4441310
5430
3926
20539143
3055147
6875697
1207529
4106430
32064026
6053107
11784043
5227
13589134
609810
4241992
2902642
3858994
4132013
245032
6589465
2713194
10816644
506187813
5790458
7014138
7009390
9444799
2676116
421332698
29786831
14516733
6674293
24459161
2777056
6202
435039343
497766839
8664
442042601
6298749
245136230
1417047
1043726
41231495
1283205
6591
389385345
7175
16313809
3637311
8979674
7035322
13639232
6795498
9683284
8527506
3683333
5350617
12753449
1465235
24329377
10792514
1902097
679779
11038011
113030
3104536
4922873
17079161
4875771
4938667
1518587
5209350
14293835
15689868
8983530
430011295
25596461
2099626
3843
15601720
2592603
1410373
6251
1604823
262037632
10451
917184
15571841
381904557
16012987
6228
6844
4811
92742722
23131869
5000154
7916
3475539
6483
5966941
9745
11924415
5003
10020
4836130
4648444
4573989
139944
10012326
8467
11876753
6308432
785703
16471297
7678576
2733958
8572972
6328
6332556
24078333
6667995
3448477
3118438
31839901
11483415
15575689
9015
7773212
14483155
8415
4492196
21458162
11598210
15984024
1522753
11197480
11800978
5995
529590367
226599
6917596
5298
1741607
18878167
5504
16930326
2297436
9993868
904057
474912107
12192508
424544462
6216669
4372678
2614555
4836583
1574259
752852
16838083
12739666
15353733
1301748
2610847
3896
13320440
23755212
618675733
12718276
21870222
8085
199434
8705013
241264211
5284922
20507066
9001
9861326
8096130
3488832
6290
9941655
557544
5454373
6608
20017884
69037011
52040621
538507
265441131
2557017
8084904
15387662
10730546
20945575
225674101
7312859
25887143
20189540
1320656
10809
4839140
34911260
12384807
27204483
497952930
8503875
3168941
3343800
5062889
6427128
8021276
11720743
2190286
3628662
348433425
5567
528839383
7157361
383381
2030037
21527192
4380181
6162
510625731
12125471
9884835
8528
3235214
9534774
1404727
20321370
7990418
20209818
11250912
8624413
6233682
4300761
21394033
6583
1129075
5765896
2241396
641536
8613637
38385876
443574440
6287573
3390343
1192022
5266286
1132569
18572728
18941159
171202031
4922075
718035617
1223394
7311754
61483343
4305621
10906166
3774841
6774186
5115
6653
12012469
5257
6286
24959
9751144
5733412
9365147
9989596
277321776
9095743
6513
9290526
25010857
6462272
657271253
5513654
287763166
5940304
1393427
5539719
5542018
30473139
15176652
32830
6603
354185901
10275078
14651517
3869
2654443
10186440
7258546
5029757
1716542826
24154181
16747955
10367197
19326205
12783885
1343620
2007482
11571676
6314609
5997119
1615498
272304613
5597683
56873806
29969545
7884964
4371024
2165598
37704964
55633353
16296706
11615851
7057626
28721792
330436717
17553282
8490964
34318873
13122637
74640667
924125
3450374
7678
479804302
321865616
1393587
1136724
3810072
5723821
7573860
5250
9652498
2567833
14919033
2872936
25896244
3857589
11322369
938994
16452969
25219292
5718456
410565613
6992810
7830464
7321
142878
4910578
1180950
169555
2994298
2739376
21758192
20712602
7120
10695378
1368342
9018184
3806743
19134834
1715947
1559217
6591425
455619
17900
1306357
21137410
10915438
3894281
6241
3971856
2192438
9226709
2396213
9417306
83159038
4536
20809386
5863
6477800
3321698
38986023
324018471
1448509
300307003
358349
15487736
76505070
4359549
796404
11736248
6116054
5874276
17751796
5536787
2413601
25349583
368690
317833944
3291253
3238756
10990878
17828842
4669120
14800908
7615662
2199622
5799
4704430
11392
15804526
270770256
7010189
19576257
439690177
3247614
4500751
11182567
7946864
19138254
6131573
4197315
5591640
561583
22799697
4663166
5974
4726289
8313260
8341
10036715
7465557
9543128
3981710
11661863
6665
7337237
14321033
25406325
413779
98623507
12736191
28299
6046053
26451472
10077806
10468314
140529451
4951589
4391
20152831
2472353
4130483
402399973
16523521
7369050
4747181
2206891
6865252
5724346
11653845
517628190
6238250
2046496
2561293
4855890
7915021
3218088
9915174
30896648
10109
5182
21677154
5020
2915090
13003889
21280419
15042927
11020167
5114782
12444662
4677
808940729
12459
12968398
5743396
46426
1325152
7662389
4529954
390331907
8997606
6712
6946795
312890
6905526
621711
16850795
19901511
22636682
3135612
57867906
3377689
3217113
6659
2397007
10287612
442153898
877683
2778404
7466524
10480668
5949725
4576908
671485
15259737
1687635
5351095
1889384
11660293
1347134
1956785
422445
5250034
2676156
29296747
6289041
21714145
493141020
3593468
67727324
11978314
1365264
1504711
441016158
16969224
4783
23560966
38016903
20645725
6201
522332289
12835903
21035249
8087399
1357169
3957674
5789
929507594
225917179
442373195
358966370
3051886
5120
14954450
4409667
23167110
194046419
1062504
5910732
24212494
4931
16194629
8636389
5162254
9360180
8496262
5147
59845666
8636805
91115802
1634069
17339188
3943572
13535804
15421837
26540168
11536358
16213542
7611
5850843
10733294
6952701
113536332
6662827
10172507
57111564
9107376
12136206
3802508
13531115
6486545
23807788
7973
513073320
15642816
1711005
5280777
24334006
26362427
1207850
17375481
22767122
10632714
121061
519981137
5234
4663
6842022
3480340
45138372
1200330
5172868
788735515
10771192
1166948
24119388
23435011
21488089
90073421
501920
1359596
76659464
449598957
10265330
5174
14480303
21005316
14497118
71893053
4433
5492505
19964228
15398001
13445857
6320340
23320518
10860141
6636
12206241
11625842
57381313
15034115
4586443
11951041
11016
17577558
15372749
114805407
6770344
9631904
536696094
18334437
2278077
684352
7376952
13500333
3667645
15796167
4192702
13604816
12161
20996523
294462881
5255082
18720796
3511844
22544
84871765
4944
6665208
690355428
7595197
9321739
386191
933532585
447977312
6508179
1809319
42383195
27481
483122
492514362
475165897
2322500
125768633
1106661
25489696
17992064
2550557
52776312
14331553
16942815
7837887
2139449
1108581
11855
1477424
3766
5637461
5988
918469
3224849
11460786
6654701
3117263
11159450
5170
1684161
19112354
1305632
69895944
501638
1773689
332039589
3061748
6475868
1650139
18304020
5739
34859987
1797474
6617759
9906949
1704093
5617333
9722220
12392663
4266170
491221588
6118201
5536732
1032663
2477805
2495201
10394561
143436983
6290137
5026659
466995
91103201
15510994
6893846
8224381
5996501
769538
9978098
2580200
5205191
3866322
293822718
840154015
3795
109166909
8128880
163283339
4875268
2786876
11256593
24937289
37230611
16540287
38504579
12835202
474799867
623061992
24443092
30126755
12447166
5556254
6812438
4594116
9351926
12400693
3926796
7384954
443556719
470370318
10419198
7231087
1044265
4814121
442481
19396410
6905813
6327610
89625448
16450795
19405393
25177690
915688
32462667
14487930
10905603
4205467
29269439
5942
8142594
9386119
3740400
6199923
18855089
1985327
10068125
6367829
31920945
20964664
2507944
621306979
7560315
8011705
11294516
3837114
113120076
2276821
17070004
771022963
6243684
296419145
1066239
15096429
13475678
5631140
17263
4497659
4854316
12796512
6882
7646183
209719398
18925512
16657972
9816421
1964243
11181112
18803425
24005417
1627317307
5190
17457272
1239609
23837604
6334
13485304
15548741
4791080
17210202
592465385
5430
6190281
11410392
10019558
475357
8046744
96475583
1999069
3642478
646929
11390650
5184625
10132976
342466240
2197342
1719164
6932
5554036
14365200
38483829
7134062
5025820
7992172
5666
9568594
519288347
40394810
20535648
1568535
7869
40918518
14746545
9276626
12811203
14910588
4358
4973231
54304185
8444148
22547790
13674575
17479724
196310639
7072918
12231351
6568293
19734794
2004619
148451056
10149316
2483521
6297793
8100086
14378962
8935531
8987
14786367
25856417
2395928
25422953
11203016
7932632
13230720
209140327
16961155
248416717
4429497
36610263
23258385
9032184
553785400
6157396
3703321
72455839
14729446
11830604
4486069
9889721
4095149
3017546
25225020
4042573
1641219
10193300
6381
4635511
4611000
347082430
7065
13057716
10234
1578273
87629290
2170162
5320729
7363
16183899
25472788
4476784
173664348
12779568
9949823
3902780
7929050
7680526
463591963
645086
8232254
2850280
2551028
16241466
21766673
14791785
587699341
9566676
7077726
7352576
10350428
18289216
5974384
37580258
377530583
2897621
440057
13178087
2778520
20491855
10377133
6346
2150330
38716242
10367310
7559
71452812
12436853
17909804
83812186
4996102
806173863
7782247
19198645
24343095
20227481
14574711
18214000
2087278
9930
533172101
4573047
8320823
1031117
11151214
2965947
475800610
9223525
6250
3925599
8920233
49164700
6689554
14718
7723330
18653493
7071
2391716
9460676
690756796
10084117
5713
1607916
3911518
506656
6358792
6736856
15308350
16174743
5159062
1504031
90145898
6040564
5839
7809846
5625536
375254
4725698
2991675
10312819
16384205
11598098
257707774
7309509
6456587
18873985
508935
1468071
9888518
33249312
1519754
9203486
12221334
3581399
7117065
20488978
8710564
37422642
352783920
529353420
31095077
24488403
4722237
258226464
21039083
11606366
40032628
1820240
37900462
5629967
13936569
17081278
5389
19257132
2507096
429284813
6330680
9002068
5451
2180289
10708688
1074969
6094
79746141
905762
3359836
9916735
5988
5990
13425618
2748752
517578478
4763090
34097156
9068647
1971417
3301907
4481919
5734469
17422212
1453188
9500880
14809670
8265
8166396
6399209
22137414
65504398
411275189
557435332
10217131
11137775
12587800
609222094
16109398
799374411
15859123
4334687
200595400
837848670
15042160
10347933
1058116776
7152339
2369959
3498766
18243410
15697587
11847916
10911745
11046361
24037840
8121307
36885310
12352551
47178353
1064791
6407999
24213583
5018132
1584695
5229084
5484
7260621
403543885
19520003
14046893
4726495
13527069
7439953
2654637
12976757
3285053
21305936
14409588
327888321
18252948
9999465
8686163
1488557
874425
26480053
362441946
6247938
8119
6486013
4259957
140769169
7545799
435825983
15371630
3348972
8578671
14069289
1459020
6705
18591168
22689656
7616185
343916669
2772595
6595
13730984
458632
6070035
6195799
267502977
138470167
20418430
28179641
12891865
4969938
13296419
4900
507015
15548022
4953
1446758
76606226
15312312
1589858
26108902
13904268
1977184
6476322
5214840
665329505
11341382
58309207
17551922
3618946
7339577
1157788
5398193
6197907
3308476
339699
6199697
15115594
49289055
6074
23407911
15532739
12295663
6304513
24991833
5181189
22815795
26759694
31716761
22359320
14288405
20056266
14930212
37311426
9765252
19725839
33202958
1293802
2999135
1069332001
7021740
5496101
12344360
5772000
32894429
85699885
36027011
11644449
13232861
446195806
36237184
3798754
7076105
19855236
14868814
24972201
7329
3820964
11503952
8522714
23563853
13263770
3359676
6527
27886590
7223742
1618700
60827834
13230093
35859518
7005116
5803
7058910
9311
1495295
21867217
7287
749470870
617194720
26602394
12816213
1432647
5197
520482560
26429691
5916
3286939
5920864
6897416
1356833
6545
58083622
5163
6889350
7614
8231968
18936046
13095
5425473
322647
20089676
10491729
5474935
703419422
12495567
12636902
13067206
319832624
2126825
8491554
21399880
28375559
671413864
11231793
18275378
941078
648784
13274055
9226039
11582964
2240566
5548011
221328142
22583344
7800156
26158120
13647667
2926504
12307659
9257035
9766320
30994842
7930229
135164826
13097647
18612536
16481481
16208789
4762332
2225294
13848690
28184409
4971335
263222421
1219928
8983428
28679365
8166963
805171
5295634
12921984
54582762
1988318
3000215
8323261
6285611
28536476
7736675
17077003
10192
32756575
1254009
6831697
16933723
14308418
18103490
1192354538
11062915
1061699181
2204319
301220564
10591075
23463
8411
4712562
4337888
12418820
9613572
9161582
17710762
18671750
11063763
5205
358135447
14087469
6563490
490133790
51200651
318098969
7135152
5322181
24319236
3730267
20659717
28543079
26353268
8962769
13225348
16937617
12519760
311545104
11118803
4374889
348065623
3260364
7134402
9064803
8761236
6660762
24732863
1435975
14293666
327974596
9822871
7646342
11552458
411390973
6947322
13882627
7211854
698789
13362738
724383
14734235
6326
3777242
8514
9216377
8194876
541002005
214099490
16801776
517095315
7065441
559361812
4789536
3329828
3729865
789444340
15220390
10731281
3468810
15078
1024271332
26885156
664274771
20383154
10954644
33705840
29523128
3090879
37790917
1826423
12748530
390496853
39076051
23350359
35063359
32671780
22112533
5402755
21368776
7789763
3298607
36981417
4165805
18580444
22825950
336155119
7609360
376240229
23166205
4251995
1091117
12149008
8234564
13777655
26293522
6391559
29015568
10646672
806090120
4138047
25738833
1592852
133016946
7326
18220215
3376654
6219376
27183208
107107740
276469719
6230757
13442706
5018
15107
11520
20336948
1253488
15629191
11548294
6892
400122511
15685570
28117664
28417569
2434044
24078987
20324731
8853287
14511536
12797015
452853611
139709579
11918394
7616214
3764467
200891696
21359518
2610428
5570
26666471
19214490
4904175
3557336
23207142
8143277
20017793
16127933
6406998
9586368
12376972
8155278
1070726
15223152
8156210
4969312
8153682
3426108
27103204
10442525
4707072
7046797
19388921
5602248
42443919
7475221
39483829
22182397
8897960
18952150
12414172
6550
27614498
578349613
78499342
9345
44172677
12375188
49186424
10659411
433591894
2869905
23004
2357626
21418338
12864717
33775593
15126400
590225544
17720183
12711203
21979405
442829
445642775
11633
17955344
29359440
22069299
624011
871349187
150122110
12686088
11740792
751097998
4265082
278541209
38680282
14902058
44244216
1373162
29168478
678450185
96713135
11870383
19238117
4027965
12480674
4241848
7680097
10962418
14532078
858776375
122212264
8286317
12080072
6314
4634684
385479712
4179502
2463339
27085937
18443597
18405236
12471884
9927233
11418590
4632537
397086192
10314640
17320296
17014680
640731025
5791
600501894
113445797
1883936
33203805
506603014
1111829
17033325
24149786
7928
11270928
4463001
10805543
7000647
43726087
279835
11902242
14900912
6865056
10429873
126786881
2607187
1167486
9683352
124498320
15434930
13189293
2675316
3787337
360234450
478088587
10649157
251909425
7452970
788835393
43167733
6697
21735918
9205366
37104969
10118757
22040066
11062035
342746856
10318902
32071979
2051869
27951254
843701112
8610526
14678515
4651684
7545126
28413484
19558477
3876389
25709601
23779388
1039999997
4731580
17264274
11325095
2442501
3436764
7072546
7159822
8071404
17605160
5049
2394703
9885529
15510652
26759280
13863839
19231681
133796362
6211166
4092340
12699130
11127356
50477755
15559095
4857263
17854047
426512102
63491155
4130873
16174521
7220762
15307387
2010789
16841819
93958503
37446247
378754295
407508383
4567948
97445518
7844564
14927305
1260573
1389586
8477
9543182
2750966
10477110
10005849
18283359
5956548
12179639
11211218
22562183
772554
11295465
4497653
12770640
2726302
17483545
6847610
25294033
14578037
13190515
9864226
10433819
43122622
1134187975
26664523
554318640
7919690
13241777
7641909
5613783
19900847
797231619
13043863
12797922
1298008597
21136158
5308721
14900234
3339133
7311392
7639
580431751
525136626
24610515
20402341
33475345
15137039
334199612
23326075
2482921
958963806
7833299
2651879
519627001
747383
1265477097
15509465
38469621
4882526
29377057
3147489
5015469
9613529
80626125
9224684
8034063
6032454
4376990
18477010
5175503
7839228
10360743
8371700
10363673
11469943
326900782
14761018
49384931
6442212
11170309
9163557
279277752
3193807
5703
17906260
66588860
24798249
3088564
2641294
5594696
30260895
18373244
7090558
41111077
27223434
224919015
22273775
572219437
5325641
11292415
10543520
1110898
21535926
7039883
11120368
13542609
97939839
327917677
12592706
18274124
11923732
40769566
9277322
41188583
38613935
17834951
12329910
13931157
60240556
94722628
1747506
21212570
875904
3303442
919814
12104135
21409612
10148249
11259436
5733
1463104
21632119
49781469
20665309
22651435
3093762
5453264
10275187
7621
16760370
14457282
4290624
13689478
11567521
25036457
1738434
4209313
10581034
8381639
7433
14615566
2684436
6226
6317159
11706073
274854879
2572981
36939231
26468070
1976753
10591
22675212
788906
35644372
3167883
17571139
5920450
43557860
7199512
5031403
35394187
12907971
9474390
78025646
45280116
640748375
2896439
12039023
33338687
22365622
12499125
5423401
4844253
23093717
16482454
6222521
6829342
14242037
12521713
48198196
524559874
39111522
13022403
9982407
4254354
21949377
19173492
17824718
30859825
19700843
2601703
26816818
8317457
4855
35625931
16429226
229854165
371499
4250180
4923479
8599827
244089794
8052323
27768348
7071643
10893845
28947758
664355564
13913362
4401116
462509
94728837
9776030
2562392
26961486
6713822
5691151
17516202
835334821
37838164
2852933
38066500
9417583
803507
6853957
9156241
61934253
30707786
10292453
5743883
49479219
10425661
10788940
4549525
8458892
14349078
7343318
789526481
14420593
9921630
5054735
3399851
59780509
389003178
564423178
14081789
23493458
250565634
7963
14382114
7271985
2789573
572943
3565833
27858837
4251495
6365985
378912652
875684338
15818996
8720443
2833293
748501141
49423796
78162232
6880120
1727619
21019279
20737825
13774870
33013030
8348728
10191497
16226722
739866953
64086135
11592357
2216632
107578049
1427107136
20060943
3544783
1476290
42104656
16898322
57947996
15053
1473281021
11476346
20474405
3555230
26530983
29071450
9260713
9169881
455175903
62141926
5760000
11179213
30534824
2223302
12708871
4350
2695243
14467014
885997975
18333567
6613759
15659895
18594244
17167354
390858226
14342370
17119954
44112000
763000
4570904
4569605
76098171
6758167
44048116
562383991
5226796
9001
543982876
487553239
480850686
7785270
4348310
6158647
1123559
1960729
1503045
26975786
2051977
13575614
91106133
10706457
4030346
22234195
1031165
20964501
20513656
301530878
19251314
36582272
37821117
4996570
11913636
684580571
118764835
604025327
5727150
10723
33237323
20877934
14606619
4608057
16240362
3006950
19161044
4982757
27374918
21867240
19700477
5548062
78718691
32309386
3486895
38142446
13188749
55402499
22423518
20390842
11229909
14441735
1962214
20436537
12190914
14183310
5369288
1273233
116497067
33518627
5679362
5655772
6857825
798166260
9992882
22740275
19549274
2253573
8960307
10075827
21263340
2661296
16795702
512148163
6107281
9478
350619555
1468718
7285214
3098168
19076458
909791042
17204422
9612219
18768240
16197217
8967774
6440137
558288035
382948718
11356700
16291487
14095888
11600025
18373072
23325919
14084267
44547909
625315023
12747343
1903405
14910505
19096718
5108885
13325918
5550171
5100979
9155
31361482
2165489
8415562
6421224
397228601
24967111
89838848
13695097
551350038
10641
8132541
1188462268
76940482
34893147
212764
373595855
11475866
1400021
264928
9782918
20021927
7277
7829922
12348703
9118656
11038454
9157628
4776131
13774818
15312706
14950580
68566447
9384995
4708391
5367
61439746
6410566
12039969
31444707
18241384
77048025
4161982
32389045
49587880
4612097
25876309
11561321
10830100
18117150
395654773
12058236
9150167
204515648
10168776
77863896
3583661
15599191
14174164
6686126
11830600
17866541
23764706
198684439
2079798
1346922
353008038
7839072
12125728
16799267
11858807
16717162
28722275
12570794
12639782
11662669
12435268
267064753
6786388
263348673
1416580
71188539
6689
996575602
21587207
105069063
33805037
67874200
23559556
10672789
16269145
11057184
38550824
678151545
6532
901289
141436905
17235184
6262354
24435836
12491968
12338505
8602070
22207545
17223301
1463463
8740673
6426470
11511055
2825697
8487569
861025674
6214289
3158367
12819555
13448382
18740725
10085634
29232736
22618187
6763731
46273929
13744736
16647069
9308696
5547
6248
3287235
6221
11658253
19333040
6485386
31573107
8888006
22456695
10981868
576807536
34633265
1986504
9334592
21217103
28804728
13897570
6843224
2127348
5007241
506958788
68255001
78502711
2040633
48124700
386411673
8988829
7695295
43928075
13469390
36664364
102781771
186422054
8509
7803
18871441
121225806
15390939
11902747
8807363
7724771
1089405
13683632
2612489
20219480
6364863
56900826
306365301
19132587
5210
10441323
34301036
27157155
16597887
946594064
16615603
8117904
4359
1403965
225690582
27714375
12157841
20688096
14332192
25714812
1821753
33279096
15916510
13050654
746123946
4361848
30473362
7171608
5483
7817132
16696961
7825151
46189743
27175208
29549667
18748334
25878026
534906
9660955
22969527
8105685
21871748
1173233
406061113
7329649
14787684
5027199
14418825
11315822
8746
22491893
33999550
6212067
6569
835496186
36075952
32076911
47699377
12462529
422122233
17889352
4236757
756093
10214410
3588616
1058433
44867783
110767567
24645764
25376960
16817504
299753587
42932206
15222819
40589114
20569511
61556725
101997241
17951189
10866123
18829413
20648755
1449873
43313337
19836940
801683
18471751
8759806
3989775
29525846
41280082
48919096
33079243
167357737
25385164
16902200
19228784
12477263
11349268
352719302
10995207
38491825
23118023
13059953
14211446
13715631
50949033
10833992
185890
3056238
16108879
16885267
250484325
1025042
12688498
56878430
26598980
69876773
17245147
16780630
36893175
17631314
21610305
27966716
35079346
4864801
141822375
54643377
2047220
17152719
19532000
12970073
226014254
2695709
5363730
108267424
30057029
31752608
18883484
8414610
17222557
80203364
9753420
56754966
6186393
21465915
12771638
3570747
16605597
7702989
7691268
4067032
15666333
56625305
23877419
9151874
202334337
411636521
4874
66989922
8607421
11119623
11278135
6004494
40081646
20306896
19720214
46207883
485360
11761183
5121
4987367
17330619
20742355
13181934
16169881
1462458
454006529
38010077
7043184
14883514
1182197
16333848
36862528
11603027
1710143
448889041
39564994
99277549
544115992
305322387
84276402
52146985
19956584
19180831
14441477
20858564
428486754
31106304
1825683
16094973
29098073
23977537
23307988
356785
59668067
9783941
9502923
5827595
2441217
600466
83195390
93728332
1448392
25237156
22386562
17002722
24686701
2255793
2620522887
3201717
7922487
3578241
23706921
44290314
2126737
8392680
113554257
168604453
7316093
748507743
7369077
26250656
28001880
646762018
16511047
7626
819272916
10707824
12943769
10268715
5141439
2252101
2078246
19845227
24079481
2675935
8124287
7075946
8601216
53867004
14969142
353573239
10022303
10734346
500017369
16598379
13378203
25621770
93705964
7000293
10993174
5388883
433862893
38023096
31174451
6496
7066663
599606499
6995387
935506588
20216511
44916567
7170243
100136996
25955293
9592577
31501258
3421627
433441110
11078931
4228579
39880757
19992542
15471655
9587711
11061635
9526836
6181727
6330532
2236144
12863932
16549609
1940319
11831681
22365001
13673480
7401983
678752332
6560462
32001656
14941741
84973385
20518624
7260
15458355
100232453
9158940
13013087
20079525
60360699
5116861
10360973
17306522
17439129
1017014409
11110301
16806847
54697064
390683686
24191445
1391048
32226337
2103128
80130682
516073022
1919873
7271165
71492815
158422514
12249806
25956078
6988
11003026
10089965
14390
8875351
21126006
17594136
28352680
40742354
4015105
13511465
8929486
3059649
70486851
22432157
16682425
1838296
21596625
20320335
9750833
20331692
1158396
80425715
4246461
11096060
26731361
26254114
12623015
294562657
13203161
14259886
17379079
22254074
3457552
8231236
54522759
13579074
64834779
10684264
46444047
242541190
10887253
36345419
8079951
81906683
27061304
28887042
79556414
3490554
20145855
15342380
31757310
8570591
3920017
34317429
18598047
19062717
8275868
26824431
6701
39334176
31707089
4671791
18246086
26306432
2666174
18376228
1880536
22324700
863588629
21482146
376393896
19363369
22597566
9918052
24434374
15316672
207474226
468109235
25363891
5606451
15247424
94947382
148379875
19233572
3581853
11654278
286749161
8328985
71816096
25378862
3260290
1838874
843671553
9301988
4031448
5651716
8557738
5384130
13122575
34663064
62975396
14120809
113992117
3826759
25577683
9158312
136687863
14397834
17434943
913574
16341867
815150
19033106
703560
80585234
25202093
272342389
66500481
23144119
4550959
357000063
4906930
22153589
4446854
3879294
243798731
40269158
6633557
4122918
768184073
16472726
8331344
40469634
7875682
238400983
2694017
14755831
20825287
3308598
26209789
438487415
24413893
515872964
20464121
929827401
33114034
17269411
26277895
11820211
18162045
464428897
4763820
626232921
21302110
3850030
10756877
382803647
13110666
232200745
4226150
23018814
59797133
639007178
11399791
26285172
655662846
30915181
1525959
313601973
43120384
2624289
7300
914226939
15295056
8711347
8286
5812591
16631601
12514728
2662031
27435624
17358813
30668833
68929085
60162193
30265429
59035905
4511251
84857033
11166719
4536505
4125064
29177859
38047186
55909808
331721591
68542382
9500100
21046307
191509530
12196251
15174225
7841321
36150752
17929098
4520994
347970828
84910634
185518474
504695917
8078325
1316983
22988810
438978865
7714053
5883
897518329
12410022
9821833
115316510
5152944
5825823
24363142
7066728
4217869
7573320
15104418
30450149
16808605
5214953
14707033
21347901
8265961
5747427
4183
49968788
29894120
7105256
4387904
6734073
12095676
21435500
17742782
6099123
6551057
25237207
12467258
6476
36190244
13923409
36501870
2642622
10399501
45970621
80848763
14536456
87284208
2565252
513896805
8093021
19751735
46851373
316917517
18541631
50917356
160463032
8033490
9092443
10765617
13758181
1154546814
1285716
23573943
60669416
204845
12956409
6658121
339204167
10875586
11858630
10634874
23104451
678898368
33421831
9319759
1953402
13268383
10047952
4391711
7983978
105608612
43040734
19253931
34495440
1016928
17073977
16509348
10362358
10089446
399807590
465134208
76573392
7940605
29655800
26814168
10562427
4016618
249700759
1237424
22866466
40096427
19656618
13838003
9379330
13590015
28727173
18820123
6546009
5049874
22144514
12947931
141666546
43444443
1414312
51682909
5170751
14680747
444115418
7670752
3844272
6298223
429880470
12150888
24671728
12013414
5299029
114049114
4285394
14794304
1288721
3736977
16027047
1118529254
103587894
7845372
10872286
21382830
13961010
90429099
25786632
7169630
9504340
139602372
30325332
21006171
53622142
4520321
13369660
32628599
29838412
53857568
1790731
9933845
12662330
5949869
1723604
5001883
30610852
33243982
30212304
1624878
33513764
736550000
89555618
4674278
9343817
22706093
12980872
35012786
6761
6257099
1946532
4814018
11808929
17555013
689974277
15334710
204765438
18033542
13414726
27578821
32899460
28282956
21774878
42668435
42806959
4965249
11945843
22408493
14605716
8127224
826082
652589960
981321633
14756108
33931041
15297107
23431088
43795003
7152766
12635074
22887230
76962753
8863226
17373643
20911003
45254338
67213229
4935495
19337037
2584846
15691531
11769008
8220225
6710940
392990820
45656359
6636537
1612143
163135445
28358803
29718534
9142257
148624179
27352861
33473550
23527980
43181270
590077766
16876164
20069630
21267421
18677769
9858715
3092465
1534701729
5452449
35790102
9864716
5312165
11438474
6292817
5472245
11037386
8317846
8987319
20523955
8177095
4475924
7018960
266169267
3056666
27369784
42650804
17100700
14520639
28545205
1074857624
14071266
510118781
23155132
16081586
33400265
1107093
1038754
6902
7877083
8298504
11874910
14326717
692411539
2746348
12780056
1303632
13681919
213627204
12456579
55065935
1188833
9256026
19277056
136812041
6554322
13705156
17558027
9029352
12956763
9120677
8166461
39984761
5852212
542927757
21815020
21947873
116386763
40456501
7099344
216810656
548956870
6628208
75985640
9080381
13533917
48787635
22127687
16078908
35608843
21344459
48855447
15939417
21876328
28893616
222332067
7773096
13800100
3468128
21083743
2814130
876268309
23499766
27233690
17963774
13409575
15860409
22254750
47817641
20041937
1263511392
37682129
14388379
18077128
13558052
50427560
49232722
7277
93784538
4636125
15796807
402686560
32517660
181849626
90222792
20368287
11452196
41951292
44366499
5160049
81889543
354468215
17694571
20285973
13511686
5538
23531214
61431169
878667480
19167155
29860958
5448886
401631216
42740880
18943368
123044056
15537250
10880190
630775524
5326217
10504498
21399429
27962801
688623006
110749603
25870447
8138
215446432
8089305
18424683
4688117
31287371
19231175
18026148
8482488
53955680
4371615
20942290
73749315
118992727
10795615
27547928
21593546
2601260
6606107
84888467
10532723
5081685
13130978
780703067
5551355
16003294
3109660
366480479
5221525
26922029
35169153
3078906
47038278
13925543
11571771
94956010
19390612
12842776
9583286
56240369
14975765
15681611
109479636
11861502
5215919
13904827
34931080
71709696
13493999
683022088
63084432
744285189
1252261214
52864520
75357434
57898507
4955242
23787126
86036774
8176861
15205049
11717932
841976707
174553856
6742757
16024861
72953689
19722440
55079264
13354294
16716110
11929836
3652613
36320403
6357672
8500661
8341792
5656036
25315192
3755795
2200141
3916367
53268563
18851046
50125398
2458087
1354156
17939223
9950126
650685649
2623924
11395879
42777343
396921143
10904419
12969607
177241707
35546789
169511215
19140816
13792018
412271413
11707276
15802991
19787216
17914958
506705857
5521
11528255
27986397
303928102
15237090
16991205
7236954
19652477
9894118
25376678
743450422
18273987
99025681
149191468
362975499
11609546
73914509
9311258
11871058
650623
6536230
35103014
10722021
5588331
67270411
27578466
15451738
23220834
2029176
8741573
288687988
19335134
557821034
32339278
6102
5942
18841184
23163542
14883716
17956784
41692700
8933828
254270756
26207625
3399433
13508393
15009275
4897719
21444556
7941424
12428810
101107882
15513341
8442139
15709210
1289604
10226065
5275274
1906684
13843542
10210580
10441546
457309425
14663170
497702942
743248116
26056402
30397404
10129830
14006064
4848112
348986391
200820559
177051118
41372416
498733193
21134781
37138490
34818915
4787204
2227402
22170351
729106
13628867
29520621
7414270
11260029
20462032
33376503
196599355
28522446
21137906
154855450
72081287
27878788
20538272
19081445
209001914
8582633
6685
3221163
485555730
377467038
11773258
5750012
6696
43322761
138395970
24486114
412544290
16877444
3858096
56150203
18905102
3988231
28719590
27941960
110291386
12941892
515869221
15025931
7103468
2414444
31670222
367964011
7339967
9903586
6446817
7139143
44000169
32423782
10703397
84596149
36869299
9907582
5494875
18356612
37577922
65318353
23361016
316559584
13073739
338722692
66813291
3935600
14264778
2721686
1876761
619682791
48359790
39441823
15242165
13710054
17962148
96956355
10339811
53557749
32974243
2541147
809745553
8241241
131859756
8643752
10732324
5642983
74570603
47861015
8322839
31077462
1306126
59471759
11057461
15699205
580858693
8358938
54048280
116589433
4553153
11921033
13152117
12087713
6249279
4091960
10409818
1224581
34107509
96570858
17287984
58303610
18255804
4402691
142359617
234336333
9570200
5435
56910848
37577825
18665929
3543031
7836132
27220264
8573
6449703
121114425
574309728
2269563
29273504
1868673
14700508
343969302
106396909
14768007
3103012
483439260
16894285
67901381
5688657
17334185
32772659
25002341
152725285
3363426
74566847
53374509
8571
727505105
9723
46297899
17063895
54150916
10940334
13706605
7316886
19116734
389199639
18659238
2043016
48585890
19108314
11067019
243866647
24069360
6341290
17123761
5171291
304054893
82904101
120903910
10262709
7069498
31463609
2770999
23996154
37862313
171869504
254662446
20820942
16149946
54856626
21280961
13796317
21148770
27874868
409255940
3723434
19347642
106875608
435739919
7320872
6572
9497996
187143235
10121105
7223773
64032576
11891091
92772927
19512824
12598692
43656855
7221063
25114008
7313131
199117988
5586419
4322444
358443284
1465698441
6189996
40876048
172518558
878940300
26749619
23395641
12836483
97805643
17170515
36019051
82384226
44675396
126847499
282793491
5065510
95690554
786555029
57085791
59239394
22530116
68219426
359319227
82236822
405991268
1772544116
22399524
32037069
11154226
379306
17536173
15271995
31593876
20712021
684192526
1024716718
68939258
6931
89835301
17734962
7013115
27619986
90713069
8857878
18396875
17801187
22814916
75075580
18263728
10490140
7804
19229802
10940788
24409553
107128660
147004697
5149920
18741458
12451351
7822357
614010733
509375976
13670920
210877260
3146404
11777520
7738570
12060891
9435804
23081761
644165918
22966471
27944948
1874843633
18419057
47574733
19003248
20269455
18511241
46583895
13588434
3562675
1717738
9950997
61083693
22466690
22872871
6079567
11379892
214441820
11853703
14773906
2200083
11497656
15924538
15878028
10671476
481643305
9713407
518304615
11225963
19207378
482575164
871208
1325087168
42900390
154415152
31273112
5862004
19733006
293274988
517990181
34648118
28070583
7768896
20744085
55008165
29946024
18821949
19424964
63809275
90667827
418023074
205609390
19136481
428659119
374207313
49228010
56845404
471740049
13409443
10800402
316372035
185154169
14948237
50294744
54233361
13510280
10491800
17556267
112175844
14699384
17128697
114422246
414876851
494129645
31385774
78333449
7293759
8945705
7633637
41833407
8239429
190587067
26719405
3658170
54925000
419213948
6634849
9312103
153132848
2141452
29602163
673229749
15695
10033637
3089
37285032
13488190
27075637
21544821
14765386
53630661
3493794
18682769
1042465641
129840331
129687139
12605992
965863594
51537833
67598727
20608348
52651271
7969777
399675153
16461621
1664576
49041504
3310146
31399498
271909026
21336696
300735830
161730020
1571419371
16420067
9969153
3514769
5021727
4707100
3842025
395939093
18604043
11299207
32360052
828916068
5086354
16055722
10396230
242527297
2999551
15028059
13164393
12061436
22083324
11872998
945616713
14158062
59622219
93606334
9115832
181180187
1202966455
36202592
7484937
80953303
36663892
32565618
8298696
37354902
8186620
22176439
316699448
13266589
30427388
35849378
853017120
2207025
17485529
12153113
90437223
2283844
36195041
65791160
1329439790
13801708
40153994
11236047
13852546
840620317
12993088
42168859
10597538
1150592267
27962878
30608809
7411793
10636926
78415512
53617941
16864003
7848741
25124224
8291673
1444879868
131047956
231206018
23378869
11920297
44341916
16043574
13302457
29048823
1995782673
23167053
263203248
74617532
5920
71242969
149646023
14307590
15369852
58007842
112982298
28739133
28064500
92043032
2858336
315807742
1411230
5962351
25997737
511093834
238221776
8894830
5601206
13514111
210771669
8700144
6127536
22499724
2702161
12367871
324943759
4134072
826008893
6979773
489684113
39639722
48196144
354255290
6408237
32078465
33861511
10929733
16687838
83967513
59124420
30978610
33737759
1479775
11251830
33696515
5466400
6199
43548302
13673077
505144742
62143393
16486990
210918588
15683131
688240192
26424459
138761515
4331377
128550439
7152
96024671
1764646
10256749
49884282
56506740
23493296
51156511
23697016
85096467
15753790
751874865
5431291
578596773
15670909
415041465
18032637
6937
7373987
26042496
145195963
32513335
301117198
16138988
194739944
6327680
5570773
185736335
18765463
19211944
239195757
35892509
11334355
81599569
321025944
848718800
15665368
10128973
882565889
14379533
762630012
10974750
5973726
16803413
18530490
23368721
8214726
5436100
43033601
14910977
11635241
69504163
779013203
263134970
12279476
293155166
31277371
15383715
13531527
14336305
164194062
2365920
17706393
30042321
20224550
480481784
151765506
37328720
49992581
373673359
686263064
15853272
45524533
185787129
214969637
12363908
19376539
19634409
41599613
14383530
855655355
22745526
5938245
18462391
20180840
445359041
26179733
266006602
2611059
20443189
284197354
6637867
64694054
12038688
2876893
135784736
13582236
273409586
33437006
1249935910
140176416
58751682
44496668
3620316
25712419
882142192
6495
14600344
27778128
15053618
19127879
15769051
29071929
2938225
36947411
21521772
16963994
13179137
29918495
6445128
1217899
8961532
22478165
42480939
13237341
4871601
23028893
13252550
18286421
7127763
11429815
114752050
20109599
3479785
13849255
11918828
18998517
3665107
180471319
21031557
87726501
24318193
16532891
2851981
10301808
5685461
86746414
23085231
11103136
8494922
31730620
389832297
380263069
16797725
25104091
7280353
9496046
52007585
17589592
7406569
23050885
5310960
3169408
4927536
11062641
160131362
8729591
17462791
8450635
484038806
81696223
16197753
7284971
1775947
6853401
3861837
4784532
41541869
32484958
15031994
48105252
23083914
69093331
2956462
336576131
30843130
13486243
5842
551423414
248599662
9879837
5773284
11934572
20567349
7947147
15058203
155942538
89812776
28747422
134091049
187452602
20212215
294005768
2932856
16904687
24295583
26903697
1228013403
18487506
13738907
27476809
27907155
14577175
37805744
59087853
16251945
520523468
1193773
20407367
3075044
7037893
11622685
4636696
8406477
6176318
218675072
368798649
9633158
20045393
791391806
22730796
1439588130
179032405
211368585
4524386
44976194
4193367
12196255
1268185
137767969
1461813711
3285896
82452725
24069600
25864246
816521738
28115054
6125377
57459805
87546856
12923855
18217305
3719903
9804289
6645354
362007889
8838986
758549419
104471953
507629306
16748220
53445018
213505948
9601370
462031609
174583749
1102191012
44451637
12387452
17304426
117660209
88606672
11163068
23788524
240775841
19256676
18888673
10133898
19910504
10681480
10715312
16508747
17246477
23146450
7158140
33435738
17610424
15848801
10713144
48213772
374848993
48828780
65920579
33416500
55118182
7908334
83417584
27914723
40760954
16111964
619562277
11533566
23051237
31655022
339758970
2002734
16391041
49534841
5220698
10169223
53495275
20547416
28081391
2038768
38383935
53193191
17493434
630514471
11303388
19081140
31303116
16531954
489201623
18284236
863264657
13388388
24559361
17069443
19719050
10957298
900767086
47781909
4949376
388617989
1650951904
110843271
454427529
18267668
15464713
11655775
18634744
24880534
814276742
14449324
12202824
10625
12555721
70192796
12215589
725429778
16237330
16745583
19958306
25617592
105182694
32059661
11007968
13601479
46223435
10920360
12410812
16037996
44497113
5067726
21302408
6143306
22588861
11017766
45501757
48461016
951196
1198819270
6062327
105981742
9630458
807683
270943248
48585585
19678889
402189757
51424294
14221448
19867292
72099733
64208817
71447790
18202734
29257572
97847117
32815119
1127527691
15116930
18764564
18920615
10316209
203679219
14052404
398847979
7957762
4405871
18912731
24049621
19906827
35459651
53721245
18448802
42486903
14962355
4803349
108450963
624574099
2597870
13225458
14616282
6558829
13748479
29538072
19527914
46873875
33246158
141558085
380816833
18879808
23342969
25399922
70800176
14913000
25300709
27361857
584159636
927183496
8379059
6074154
122750431
814025726
8773394
10077888
8669897
38406307
1033871844
646946957
337266152
659645340
9299870
13438
12013200
27975851
14114717
8086460
5223696
4914242
11285885
137772680
30079303
7383857
12112025
45709338
6170903
855160924
50026785
32052862
22742373
469539897
22703789
351581155
28390090
577303802
19547830
741968763
11184412
13009521
14274470
13007586
67448278
14486486
9101
62035163
20982359
22050588
76778734
110163804
9602453
17260531
29903156
417917859
97003420
204770455
661824443
17938359
487135233
277706611
74532491
10781056
14216419
1216772697
10671020
17123987
84526759
11568417
29133274
46752255
83901196
394498687
81837368
19053055
731466328
579145313
16067612
2172456
8951
18784896
25073362
79041534
37560020
613624382
2723111
16817914
9433358
1045677
2524062
16654892
16767267
32533433
20130485
186047177
654860993
75951921
92571997
9964641
25731182
6285083
37978290
16539012
9039120
27122688
547796234
17038452
6234
82003945
18009391
18798257
427328253
7967616
12155587
23268019
11306470
25120355
15152975
155094494
720768019
5143800
76471604
15140698
558191981
28607204
20939518
554983730
1287770
443702160
22890918
52938870
31750912
12704439
48170039
10854571
4707038
4552143
5772410
57409582
93632286
556441510
15262888
11429632
73325313
1845128
29455344
80598279
85768172
8744443
32780945
16753095
121180452
21538441
2236310
610115957
16448225
22669105
163798248
18021614
8032958
216075957
567031813
290305548
126797227
15079034
17340393
12319607
20095282
296513689
10002812
5971391
8873051
4427889
9436154
2067730
67573084
3795931
30201385
9241108
149816537
22791425
28696444
9902537
1057721233
7116417
116855305
13857168
96573545
13792221
25428378
4769899
17284100
880951590
28806413
238893672
691006508
9664520
120233369
6080943
1685335
6986708
5641124
10184271
17475179
3217401
197671487
29938217
23558043
23323773
4745470
74218858
397880854
49075627
5684952
57720309
33364
6469644
19832426
9684815
66271362
8662640
91183582
198683525
20662109
15262371
228075035
15189691
4110922
183688333
44091258
4205914
21125584
19051322
15040162
112812271
13969975
683498602
64471625
60777334
15973540
474682813
251198660
16430380
342098899
78124256
5704705
10265356
668705263
7515742
54512203
8644169
309049928
97218710
129153259
50122904
68449215
21427505
30981184
286150989
4530302
1169022625
5937735
10262729
41238221
2898403
70507711
17611162
335905886
20670407
11600972
52245338
563284587
260628901
286448074
53593386
25652388
2480779
71533565
272190486
64659596
21879240
452485682
139555611
43124356
3479692
22853354
9255390
74387802
40958121
315254826
1832578
12792601
7590290
7113939
26949415
10796109
15966564
1735807
14593985
6501
19992031
46952251
5119103
19628787
11469096
29092050
16143647
8317383
18780352
4980248
114734312
15750733
7135831
24281013
342848476
12082226
6044023
22977233
3585892
12502009
601868102
1054359826
7597413
24498598
14364932
722253466
326369419
121271305
217549666
19193245
40882327
21785622
45813762
23947262
20396392
32835758
11568541
27125994
44516097
612716842
1263289
24450326
28075905
15154998
33970636
903866743
106392301
25787519
48953186
6893648
11752532
1090026520
504421950
29728668
697020067
519851354
5110334
15857942
19505192
9475718
9996
30723791
28346871
346482818
4748355
11752540
42433531
18271324
58120040
14596612
19050294
12909456
16470313
28377335
269480713
16629048
414461219
20122355
15696395
80732934
12874631
6343380
17384244
22971071
3570157
610110804
13185854
34334624
876966839
27862123
3010899
77657868
203181355
60513353
4263133
177527393
641233284
13162098
5419665
17289313
4875127
37925651
38071453
41658595
194636893
42513900
1670174
284048078
521340119
279876826
7905292
92798905
156361384
21892965
166757869
22666394
203108117
146624458
4710888
15934526
332952853
1172359141
12661696
1409138
472841035
18556295
10221943
13168366
3900545
23395596
1001933662
5300056
363965631
16014015
25505482
13261593
45579243
116721577
368971591
11847621
242637721
52088405
30182073
181967373
11633316
48716276
12291487
148421332
832372538
316466729
5266114
29939582
113455750
11550180
15242175
67470139
29848552
357150035
83418921
345142031
11460147
44162531
106513497
8153038
22259246
10347517
9841877
28995643
29593637
70008014
20553501
478710950
8639790
13345277
203839413
19178747
14028020
2439029
13076799
148555644
12243238
33292583
249554166
288223622
2405786
27307467
85187749
17242247
777818971
16727927
12190153
18052736
45334264
42294614
22808577
234474975
58935907
59681960
23321959
877758
16293002
14631061
627177804
15221155
27258319
5559725
28982823
78534856
15352265
28253416
10438196
21129547
58603797
3800592
27857869
11102064
255173086
38994113
24687672
50202353
66905136
159443257
105358671
22393503
31794539
1399279868
9128856
15016639
430008731
4762633
263056211
2709519
125995003
6748527
20324602
97190640
21627358
63420303
12563979
14991272
35120276
25355593
19599833
11093724
779207266
22558018
102776200
5691379
83910099
136216977
13896141
15465889
2176617
12075657
272595471
36835266
38409989
7940256
2260693
14074552
30499425
225796577
35343750
3645490
2230588
282929369
8114666
179537917
75015219
17421549
86819363
9752498
13721568
28457803
120385581
142309992
220517616
60772174
130020769
6812291
11953870
20624260
663726525
298821384
223849024
34458343
461899980
5581
6584858
937382371
48710877
313473110
7215816
824523380
3670456
1072446499
50869158
59754377
70594246
4447150
29122823
117236438
17091567
14308454
291771795
258668477
167140200
24715698
682204111
272507705
197122708
48274726
33933335
11532
25068124
19600725
4335815
23479404
568563243
221152389
23935177
72633924
18513832
8857092
21472638
144530557
13640957
14272318
1863213096
25959759
18221030
33050772
841334861
22911496
45619451
1465545110
48888823
6512399
7344625
12927616
33476028
33533849
9989366
6705641
35360509
21144685
11818018
2033825
10994860
35281700
19189269
299840080
21845155
16608378
43701807
29251923
12471713
21516544
14488
667456700
22598093
130651833
20544724
281433268
10972357
83662785
17759227
22562896
1727436
6162538
16716387
1010171057
36223357
7772137
135129541
604045521
19978113
163275142
95704395
17624237
300152421
1449142
869365429
1141814
34044732
19525706
91347005
14423305
2978648
16726358
79872810
15737436
27288515
20999636
24988203
24718140
1988973
69532133
354582891
28072346
16989340
16982437
15944929
41593631
256566499
1988860
197614567
11694039
11832713
8242896
10800271
8107095
161792344
6953177
7824250
20494869
21184170
6095981
21889701
9751303
126678574
211875785
12538170
18524603
20652887
1786676477
586620207
12899845
174063325
86988914
22458941
360188930
439330182
41425426
17943964
22422089
224341385
3901149
6928669
8388706
12203604
603214120
66665422
9258580
98499584
89595535
34389165
31495004
14566166
21526750
716772954
165082317
42598752
17014096
26391624
52825243
28836970
109805173
42689054
23341674
5425230
27302692
41910682
848224498
37262565
1358476
4596987
14673526
122743307
14499175
10771900
47809263
144942706
8515234
9164504
20489565
15083722
5460789
26662781
14041014
535913711
361962670
19921576
24778293
18176554
18777926
214303660
14030496
1851488
139870019
8223167
351987767
23874317
17117946
12341279
1343478869
444842593
35403004
222499967
16284438
783154554
387388114
8580340
69231284
258178691
96155628
492955345
244985873
324187622
947737186
477660443
41204288
9072665
350279914
131642279
823184309
345253579
80291334
863487402
15774221
3478410
18292152
212733016
484667184
20052324
6558
11168335
17348558
974260461
19516813
9655775
12264517
184191298
16309699
800736375
11798223
80469477
23083270
72167040
113431096
269757360
197559001
318265834
54235911
516939256
270652651
27116323
9924340
34297263
40700632
771216202
66643568
20491598
37789720
43489280
18625358
58075405
11516906
9112469
77382696
32689975
71283527
589335785
20382800
121276689
1723577086
126312695
19017959
11800995
15428794
807893729
79307383
409542957
29299807
599456210
44399703
6310898
1772980
4025930
12195889
20029924
2245741
2611824
80097158
513779235
4545124
4201986
439131862
82851097
86314180
24923309
11737622
50152972
73041315
52512714
33262323
74172809
19874112
206833848
12719565
25076383
32803167
5408422
17571377
18307845
51910590
68260923
29512331
9534754
16567695
130079054
31325570
670046829
28992816
18967174
637677458
176086179
35279208
219375257
4484498
20845833
33425763
25066184
22522224
138060982
7680
124195318
11097805
12683088
69580344
12588424
80675870
11019815
21069643
28185493
13888440
11096049
13302949
20490090
4127507
1010035424
37976245
173062728
173514616
50925800
95608877
28738780
17167374
67763643
218258672
87820043
7777893
17659050
713367
17855883
25298338
66893162
187811644
12764
66628892
66887856
26934323
305855
499047
9701300
25499143
40252834
72334690
812660272
64241571
5504044
62900346
15321156
20272180
11287731
1074991187
874640356
40321207
44067359
17170195
1151888560
149939515
12427361
281883449
70063993
86806968
297564616
39566312
7827113
220413799
58101023
414671122
614472360
324386263
20173371
31151921
22482757
7660397
369120131
8862
27990939
213041131
10930137
13130993
8357722
317143696
36749975
149701125
12580381
4757888
20256694
21515794
296263505
11959912
205676400
13189260
175227354
15584666
19452479
13547283
51146987
12860466
756971281
125603581
21616133
11954936
32754869
44705954
30355952
10753730
105583311
38422373
384851441
20212271
16686711
16894046
1144584
66768762
30301340
129848485
105952018
94568252
426425502
20498270
319613614
12090505
10399791
65263227
141960089
11989917
17734064
76216398
10876037
23248643
516903401
37699006
1556842216
589171858
85512953
12037897
7194122
11512122
253329097
147292033
22329613
6627804
296083278
22569847
25626738
11837787
25686837
7829665
40003270
74354010
11626927
164476068
9315620
29002664
18532384
241356787
35955928
18259568
7536511
14301601
732147169
153974775
16281997
38648499
542471653
164384750
50486209
10478658
7965
67318475
23454414
24295651
85143206
20451452
27096308
16240760
7746215
586454585
33999712
497154956
1564381395
146858275
10351354
10363999
1684401
38005635
71117764
1004807645
42445421
14614612
14948371
19971267
10536056
14165667
42921239
3236385
637700134
180999192
6596
15163903
12229424
270586199
17245649
147095686
147096017
29347195
20764825
89495783
387896723
24392767
11211804
23025123
51025239
950734349
25576940
578272413
120296584
335391460
18356745
4166496
4918738
36736350
7863983
1120935174
25797619
35398822
145551118
24977871
74448962
2799090
8443390
118092375
7007872
12049463
280962233
128378898
3080978
203222306
68599035
74107226
190977345
23056820
357575029
97636391
23852887
72995699
695075
162685181
24881644
14576275
154707131
11683522
160181704
61698757
586784943
1477274413
33335513
80205226
53538573
39889621
196479810
24124302
71956565
63957527
111557255
5769436
23418497
33447142
35459751
889948888
146784320
400711365
5961566
1055435
23887179
40373470
27974441
23684018
215553692
18665331
1523757
41362514
20457568
549729346
26531045
24858437
35381339
15579099
57059951
12933615
17456916
552281533
9679424
6830
322873813
217495702
51637979
17274679
15091556
37283985
122842294
24941497
172322575
442119261
16530815
43846217
534134485
10830382
8768212
12198081
4529382
120218118
38168604
28617822
64153657
14707369
18563625
1012858
31286064
7898642
27584810
12605176
12153976
218776535
393221073
715664806
39447303
17331082
10133787
40599785
29241048
42886517
696520552
6814162
73174255
115969937
99166351
7463067
7647163
12474064
44250121
13902784
494580343
22938178
193645013
29081396
12238522
549818149
318082586
8540176
295179465
70905524
45318119
12350751
18863954
3615929
22107778
11415127
17020155
10915671
1074622696
200977588
4994651
46692376
7519917
12059007
9505163
10951219
21236715
61546749
154354894
27378439
4496410
27188722
107307072
3221871761
16017971
14503769
4976811
466546554
57453554
31768440
7989678
4621734
1350471863
1005919050
14812775
17145101
19066344
71560800
72301097
49595764
1305841901
12855755
30656553
45357663
11395908
23309917
59851036
38854411
21698958
1850326
134142001
8145975
63093050
78462807
1213603450
4345086
108912105
13293373
6845712
8388983
41350315
24148733
253676246
343215026
99436678
44168206
482068438
3884924
20702258
10007791
27079962
45842357
155370299
17092857
18346459
19159467
22409432
30073637
30661080
5973829
22483903
18126146
34719856
1376577
17141182
56778035
314229463
11672703
38742642
17987075
93279544
30460418
918817429
48752193
66209357
20879024
183920687
86357290
425416290
516763571
15576280
159181523
15743777
25833639
209873616
42351828
11237911
25224198
121237951
114539856
241037852
62341252
13865638
567859474
286300472
55921527
36796571
4154367
16240043
28028795
20462728
32029852
111005936
26685319
253685783
35836548
4488524
14082063
16697635
460474369
36840075
58239119
15395471
11986261
29335616
187077680
13361913
734928387
14044951
13081058
41761461
505022160
3680074
280302866
28672893
9887743
8026814
3666170
308622571
25971525
716265207
1035788273
9346481
15720973
10071050
16522889
112873814
7115352
74117424
79181454
24949212
60024576
32027003
380778038
26125520
68505287
4818743
20621533
11510167
15064468
43189143
13928345
26975662
8741083
42599062
185079235
50813431
23888089
346603884
71359329
296760518
24371622
48517761
414464755
3105248
21456247
8285540
8814661
91917689
107075855
50279395
61992054
50412314
33263414
459644231
248947902
8586163
304699356
3802290
3981987
141400750
169073474
46430646
9035728
501615592
16355862
480063455
15082316
1136723
46208307
97147811
30381507
14144624
399498769
69418088
370179801
3305013
682193943
73430076
2869678
43385947
261172724
686236729
42237447
396226016
19362572
71716693
352308155
25820134
126714786
167517520
27294559
5657340
4700464
507040249
153058635
23109452
22360899
96091361
10130115
39660624
20814714
8814892
592574465
296037706
10556372
24543623
853665103
200589074
21988895
5671014
2921009
90370506
7559865
24564582
18150332
89256727
16461174
421093285
13540919
183485251
13205932
12768520
8778642
422358273
37603215
18066667
394220364
17896571
237527299
20784435
69125162
27587318
7230810
18107184
1482625313
305814057
8735120
668073893
19839272
1196056079
10861042
3127594
3486908
27814049
261966563
405916822
35228064
12897534
563009507
14508612
7765536
52591845
77828753
912544704
77660220
8184514
470150199
10771592
95620341
220556663
29255186
35066871
17511651
15652245
20743756
48507235
13897041
65900529
13599186
4260293
33729866
127250145
142312569
192827496
6581966
240825658
20573852
84374783
14766470
30168843
998414554
1117954
4157194
10586921
38847752
7014886
19004335
18317344
403926918
36634310
53610167
33919725
14075522
80292734
27150612
77485080
15191164
217998186
60374221
90216564
681105810
15606019
17666091
12287534
26110232
318313539
606298902
43364305
3246376
139516752
20078604
4174748
35601498
16351623
48324134
48097482
940083129
58841605
58744278
11981866
11377924
187148281
27813576
54082705
1105748
15017873
7087841
14099342
305892149
68591663
30231876
382174722
11622391
683539248
10080312
183270824
453615753
33269544
20125610
38669118
18913437
2417900
297502458
17158786
7374845
399507406
31432536
7856
1714012
336119540
29448641
24171045
25169702
201752026
92098225
17807329
15368266
20247141
14136712
75741240
31962663
43023359
7304444
341455208
285383969
72831914
32380992
50894011
16114487
99864159
11343501
7030768
18864540
47351763
32040944
57144349
34928936
636669631
33000436
51041709
12962652
1441449131
63436357
41564059
43151975
165166842
4636081
20026960
132465929
772453505
17866495
12126146
367612453
113960344
10698679
34954416
15518829
22073202
18111429
87500375
602370120
14629065
20081104
147770561
333694522
138395735
26725122
13795581
132801200
65464974
11626474
19525944
52643461
49268783
27749858
12157101
607838624
1030863972
307242261
201344195
9902259
745630939
86522549
20414134
3650670
24477241
114824346
23551081
3661289
152323217
376236794
62645872
540409206
42991534
21216709
97947124
368963767
16551136
118734832
100267414
291664338
157729912
273851034
10877838
570434858
29525395
29661502
34530999
260179045
164866213
1110258498
17852614
26993670
158381144
9900013
53010599
72955717
377461494
12502025
11295661
124512384
43675272
47464111
12885159
338963252
113021289
558364976
12021
44611955
5714611
25113708
90712067
434209295
4168043
28765384
22451143
52901470
22436075
45566709
228344617
1331139384
103435691
22475258
23849730
99434644
88026649
11443337
1318360348
29475633
14460862
178491373
53209487
138501660
4389795
45244448
158800886
101787798
921166308
14477149
10727993
176442879
1408442
64081312
4628878
31183512
18340715
2518468
42151923
599413669
33014887
20274300
474641856
379249439
2417764
5340884
1268334875
43650028
27921135
489276945
24164488
11980410
9893992
493687234
8672265
20144564
7930655
26913083
25796254
477190088
19723400
155416877
10976014
347166033
66553170
25208704
22457677
18124314
18388219
444542760
8344430
12938805
9802924
12390347
32140430
153460073
7354447
5716681
25524411
200363064
10473228
10792298
133867646
10041467
16736561
33585041
86970008
57846451
10167773
39050675
26351193
242113459
1895501288
1637304323
33424904
13534592
57328176
106815580
167274733
120484136
19990698
126371345
20895330
184516596
913878981
1348369140
24150554
219549643
448149541
293028040
88781697
70521494
1030348112
6108815
544933171
834820713
81955487
573577393
487045798
237286347
29903319
68428972
49902254
204871725
7386478
452580590
204350617
1904452628
27525701
1250806065
431091346
65216105
16230887
83463253
309147106
255714430
1736061902
432851169
15775872
267843272
563658288
19274207
673798231
125986253
15409130
24291180
632000898
24935669
18311850
495298884
99559247
212092843
18388969
25556932
29880699
32374024
19914025
19108369
316438600
19577273
552998552
37858752
508652573
121801716
58323381
70209222
31858978
15550942
53728903
132456091
31024505
112083060
175551113
26902319
26152326
4529093
21831001
299508910
25600256
16698141
434449242
29638520
31389106
386426118
233372785
326384040
384763015
14064302
31094397
8746547
647371329
1649170000
134935472
88973764
27731824
32180735
19924738
11813403
6949933
277736128
8970736
11556443
1306988597
271147507
48545443
289098412
937130991
31766440
29087646
233334572
295725326
101163569
25564997
39853296
132766265
16394199
13395859
147649007
26457694
610460360
25447621
15600423
1014581277
168925818
69003396
35612860
21122902
26001818
141978391
851045653
22370001
747990509
1533546800
26662150
130979028
49500485
942758647
35399475
6492984
68929681
127714930
15387335
11843441
20032025
30803
27933828
24298175
137777821
79364593
1282830807
469739982
81172609
20536021
1068916589
24334191
278652755
324350209
80907278
4945372
6442700
2807302
63794125
41758605
419090403
10164996
44280799
45008455
110544198
15490536
71562900
32133456
105364308
13460910
344589705
62688143
177645011
103800285
362050048
28842132
60857427
129406100
145802219
17528897
44041805
48915074
27948854
32498055
6381529
35599362
8798050
149875854
14090902
41292940
79892927
95737100
19704935
376579111
617993875
161015620
276430579
10134363
32457488
1089195527
153171715
174178356
216534645
46223076
7622057
31455085
41624659
24426898
148705471
28264949
18854831
137744116
24525964
163046269
46098900
200557456
50369858
37175934
439115936
41359747
16361378
178376528
46551215
474457105
289771168
22064709
151848369
12169746
25236711
7267598
101269108
19319772
28931172
17351665
23828954
8501589
11468879
225183216
26038159
45407777
21085596
37384457
23473508
225962549
18549396
179814088
118948117
25859906
853987591
34819023
13274336
213473381
610437509
38237757
223752952
186293336
61408978
62519897
7062732
35177647
1025524253
210663078
1162060949
54482974
15962568
17357849
7179670
22270611
39282677
54953324
20295890
19404610
160294459
266807659
627423733
24751557
155817769
200363883
16041236
22487302
904321858
27418663
31468894
163896604
8735387
13463682
103231520
228990731
42268037
17587866
7816696
8910025
98281901
112385212
121919817
43065206
1026303093
2078049424
138023522
114065844
103882066
11877099
65711165
272846855
151748058
10445265
27951969
411439869
36462041
23789529
32519555
24252817
14481602
12228555
762574991
82136439
37415380
34182908
20295646
23625119
26587330
14416466
426182180
27545573
127265547
81709430
30110962
28901090
164590614
720617715
104286593
80267131
14777050
46980691
359516762
10364447
7574023
582282567
86511467
811708764
593174139
139391097
13236788
61275566
6664351
15521204
24534591
7784751
37429376
19911155
58382393
562178459
47935532
27347175
56337378
426102584
80977540
1161636290
658593330
54660937
34366540
432391729
22041891
313087799
3043878
34681326
16344617
442138532
15915912
39288310
63315610
53610246
45506769
25178140
21039848
1002483331
178211697
50410246
24676161
529173051
14258049
61857261
21474207
711662470
15956189
748112006
182994764
1205061558
18070358
103574126
13974324
14708931
44762041
15288632
18394530
381472851
31227561
8631670
125068560
461771241
32496923
89002327
17283318
10829354
1023746874
87319485
469983408
1047915344
51338643
12986405
84395097
8107751
84493851
213565247
11514754
152081646
18754273
12875795
23169194
9814670
644735012
31551745
432341682
14555222
16844647
143422336
161416239
39376867
35004151
31396429
608386056
8939737
31152660
22083108
123858867
59054179
119092660
22273028
1206237573
55673524
61146559
8902031
284024022
32035529
23236722
401154145
31802790
35561817
21252719
21991279
10533331
5433244
12429131
26792800
789606325
1033683826
12712360
17198957
82842615
7339558
18570895
31789050
287297478
5015581
602145674
7974152
46922411
14426782
18464985
714401021
47683867
37024826
367087063
18778914
85806915
293182852
85287438
62155976
51280922
96793562
93366655
114939139
320462081
205861288
63768218
202781661
63741136
132197816
22155208
29797471
128019035
1131136759
15664194
25520202
51851910
80402961
1098170052
15453631
16560267
75268361
879556677
13968599
18633434
744642934
661580227
6663068
12314543
19423274
190388954
22283903
15196902
20534363
24786132
693658486
32149871
408025047
818572884
936173095
163305945
1300204331
16698542
75670553
83068254
407803074
154048403
87382321
764425317
110982016
47097881
783254991
16004622
43364306
112158265
476250765
129222574
138322742
911230791
31436337
496799180
192439030
74099240
11166533
15428054
151068377
39546156
52161358
252207542
8074
484645510
736484247
12430218
508361437
637407343
33151272
26516799
14899932
742422
35640211
29026992
10031388
317453926
48798766
34830941
43435495
7879819
69698606
94429229
10690464
263583430
163836555
90194057
12841973
67439084
14981237
40930117
55355208
20681777
25846047
421113945
12189694
17708766
9851048
13873136
70387221
11771
33902050
49784400
32161561
825253537
23125177
24710992
211255492
108236269
6768566
35276263
757869363
501607626
14393476
110489218
775112638
25178839
72368440
45160553
138647734
377930904
20115007
15520841
23570840
36540566
1125091716
41063638
28079643
15050535
80362953
15497825
32286846
19720874
247815469
8118661
11689912
32248466
201273810
187628504
335720088
21706111
14906261
11376059
251223886
27831410
105428256
332075113
89259522
111163406
213612892
21732835
469809843
20940811
13244284
49681590
1180158584
2300564664
9380208
526717173
359680763
269257308
268298287
20190286
33593587
26665958
29410175
520828570
21586803
219435467
9316856
74626221
43039834
697375848
33742034
226683504
230549036
30199812
21783464
33843848
413010034
10099131
724073837
9280518
12895789
843215076
28676795
34277635
9324477
88116754
51017631
266069173
12416948
11120093
109794148
8451589
4945306
80348207
81270336
13679843
34224566
50300810
22751198
287523510
111989521
9550992
8500974
182874200
17691216
1275813719
435257883
15897735
7678210
561156386
158320832
353538654
6445713
532277455
209177358
461078
21212321
567301314
27082189
9105643
31221668
29360014
14388587
328407209
28938351
395882696
136494388
176518048
40860805
4859648
46596118
157067454
21889410
8997385
153027507
572645136
26422506
369789872
830923478
1364929573
34939316
88350323
146718739
44634674
116451508
22707220
13034532
133967531
368311197
100282416
575157303
157174901
139542126
454838763
44663661
127917669
1325231635
6181515
4173569
483952572
1171644
8067676
68155739
19857195
284090156
20466562
13828814
8832378
1048033814
363699759
14829281
25040443
8003628
55969635
269740713
820373340
13560156
506805124
212429404
419285588
231243405
24862940
32742309
210343968
1332158135
15181290
269901291
2611061
16718494
18967108
1067891540
106676914
35463557
33525246
1142394
24632111
345353786
11845413
16953252
29536468
6037968
837455548
8704048
6561246
400225953
973861255
23863034
19851778
37789372
17146676
190700196
33436523
362570977
30347395
28566968
17065298
77100205
506271256
286492264
25856203
32291911
218900835
694926757
20639337
54855014
12548768
77168544
8059261
516058314
337157540
244170733
120883399
30262622
126248152
118848417
27416516
214168367
21806913
15747504
114905077
48727640
58019758
888376542
305177278
21344440
1158682167
71679179
7415551
1477510421
41780586
12311415
47171183
20431724
117268597
35114523
4460439
24835191
842049289
343008705
894251027
26548985
43292988
171088391
4715696
40222310
24569041
32985958
30904701
857338353
423212102
14458934
6786180
227901577
781855381
10825973
44695039
6343148
19990454
16061360
14621798
12863007
5096808
1173049315
14840516
260465519
17373181
41610114
209048382
910937882
73682978
18501300
358110711
16825515
29656826
53236127
72959761
7617318
73259619
308700974
42847780
13685230
191067316
698623322
304655487
9397279
21633268
30637234
18614756
251286227
226537112
4154541
20876821
483981593
11930721
31942272
496184755
52709221
27949768
555557842
111816383
947793899
3778552
57831755
1119326770
128555779
18010874
34835223
62706112
126251811
3986648
21280467
440027841
8555565
73765826
2925965
190035825
101743503
50247686
729071122
11151257
12465344
99235196
45001318
46658353
19614459
171020752
6969165
379863257
20454469
226356254
14725300
70855783
386013958
12539403
6647304
44775761
26784596
48990721
84718431
49398469
476168629
678987468
35478398
166691583
361847919
68846219
1189600460
16293855
162462760
21864270
43510747
21980543
7931433
74928671
6916816
18278450
36827515
126273163
48200781
46105712
453484082
323198572
35481762
21091394
867569540
150710711
9445147
12876026
419830008
51772830
58678171
354404802
83848982
80582124
12200657
13114016
6909406
21690928
375868868
121507134
15536241
160676098
5290623
404159011
23184267
5987045
42609610
26057399
96745412
11728641
42154744
46939908
752835752
28773515
12749449
7552318
250810938
8214203
37138463
13818428
176058630
28763230
9369850
41271963
289437787
33053218
9243460
21059906
35454677
80435042
30392261
1596747035
226085778
1077769228
31090233
456597236
724139529
373728455
44577525
4553018
19522414
7391
317747839
16025211
2673329957
230875220
57629593
1410800919
27286810
14171260
62652394
5249366
64316665
46841421
11149707
22561788
97118000
429905717
346510913
120479662
80547740
11191355
36825462
952719418
270879440
691161586
37745397
256569334
127770096
17881019
637622634
241471922
154631020
52298467
874657629
414233119
11843111
17428093
458321462
2505211072
16152219
91214576
17253385
284433931
114434551
17070931
22084979
32984930
51888304
83131317
35364842
2709144
132192505
58904916
42045782
12841723
10689
54844644
144639683
346318891
8361255
70279237
2732407
203285505
22570432
520898622
173642715
9374969
36297667
51194065
239981176
33182318
217546778
294198896
25887833
207555961
16242932
15642163
18818887
5295387
496336271
1138653687
862494653
22530596
46869946
37833592
230411996
40781476
17983189
32117001
15468722
30517180
21926271
33683144
10127025
23955705
37279536
441706650
22518153
59389588
21560497
15451516
1277495
11013110
8720811
19401707
9587746
105660736
12448895
138795918
763638294
40112886
214586031
465413415
100718457
31054517
98561081
274463011
12546352
344745935
200046829
388912927
8578542
214045655
160621713
46548366
61882342
150653750
64069295
40736322
73209416
580233121
633601560
11435394
40618300
10956510
316808653
53238545
245152958
4975880
12983598
866431924
11585712
21207199
341516718
171095798
55103947
47832623
16929866
446064941
345207105
99358164
103426260
36365650
256556259
58390807
64657731
22882090
11856232
23791300
315700292
36228455
322125155
107213245
36066742
51725082
46826908
61525896
21328384
47048161
844332513
65204082
47957732
329635963
12633062
200177920
151935353
14226826
82719752
947203855
1039305042
7728379
145053636
218364118
16786962
82430640
35051900
712270946
291748782
29922074
128789303
17285928
1002300347
18397846
98698617
610429433
6420626
56124754
88503358
761509441
12225967
467848223
27525655
662319245
521470464
53423449
6548021
28957676
52053502
44275425
180371433
326252429
52732128
252469000
273183130
39119737
72857478
15403815
32585267
594446364
874320748
178353047
10720081
303490832
231350322
351249831
296482406
525121748
414200399
20337656
7148071
14893854
553588159
39204363
20712674
17023024
436839765
195162869
1588636354
419574835
508442837
968378121
123818878
263579611
7427471
179161393
35875406
31956597
210076923
32186125
207769294
199015272
11347502
19565820
179270812
9639502
39501889
437764995
35180556
148271093
423680876
143019993
263002747
21567834
233553941
61050794
141705612
15648640
12372925
147988168
1019841454
369019549
11165271
158873553
28336405
35065468
957244807
279472249
5758004
392373199
181987230
34510348
89450441
86734794
22081427
23848026
91518796
5065344
4915274
196755152
114292718
7814
48481204
709716614
567632780
28239908
10822400
59629041
90878461
59779905
6256384
13484754
565806787
18488840
750467765
296308815
23111903
20061193
23716910
20091399
98464062
9638684
41320774
173473816
61279248
26677623
349854599
758546920
630289105
16209953
212887662
14547662
6249482
15150046
28889604
382808054
24321565
12125459
76473336
349149773
1252387432
712801661
123224531
559392238
181025658
1143460863
12459255
793527628
385209246
222064123
317181213
300085760
1359582326
17439430
266379584
560698056
14466609
142780611
625412632
2495551299
6738
1051440934
10132488
24875359
18342397
477291652
643439583
12488871
30924937
30387313
312574572
1982407547
14072435
129123740
33497346
36937264
56009968
163935724
54803625
365041169
21579161
284959590
242469714
39664836
53309299
33580167
158650401
264627611
163008453
31648773
7675649
87703518
376944065
1122298
88327806
55348189
31872637
54284223
192397334
6166
390941404
317307982
10809926
203702932
30262266
169914687
35303843
183669332
1270598482
21751314
15236874
40312588
922190742
57082695
22777648
183039896
38931711
24280061
449362617
22525651
109726199
35104623
328385603
28848581
8047
49135712
35715068
546337460
185968121
855579737
4443776
1037588443
23835469
66354041
37363437
1078086528
32316960
21517032
1051797469
34723892
13571803
567894496
104686135
47254538
32503407
12265146
633500765
17287433
53662551
40239269
91652713
36466264
71997424
82609598
22661086
283454942
50136834
194685095
390651924
24913398
39517881
666941353
651622638
104550367
44320692
247523694
325545012
10987541
20154679
283242984
73209100
59021993
1032081998
7221987
143139923
1234642438
23572085
22769752
49329918
603577043
93601817
141207549
2026718877
24130767
10030344
669069130
45851070
445951695
183076445
322997342
18141310
23602165
691995415
296621360
473510283
25007999
80872584
17831479
237737237
420265428
61195878
102382879
99113764
15591828
57796257
756977671
20101969
9573
193780043
110877472
540420502
16421665
60054314
20635189
34381871
50906701
41670621
795912771
27992537
32298160
105380982
87364234
154611901
729422021
235629238
131591597
7669045
207565892
82140746
34920603
339080632
265841073
174580506
753563844
83616761
107413095
30547928
12885
39303914
1016296207
24391266
30654962
43778308
12201155
13583273
33491015
92752181
108307096
1132639624
217042224
1914258
16846050
1283634742
23667246
10188297
29428585
290311943
141828421
59891369
53617521
6285748
201079995
73745370
20774030
55113161
178940221
25499216
219971643
47111708
15624479
298203921
67926186
18441204
17959243
19103089
240267892
168769410
5365670
19430710
17072549
23709569
7180453
40834693
208511496
3538620
333150976
33227020
308914377
26172386
37355242
126800351
31526165
225285257
30963841
48987489
361357451
96857708
355694218
272464384
12790809
836538605
19720278
108512853
28127989
326689036
14935242
44000986
1594333207
448773139
637666152
222137997
21282427
449159040
201977434
45980474
21925383
291659162
709960752
25129704
42961235
541554969
15055292
221545657
112612587
1037895624
201208667
14769668
20415481
136643256
19790995
65026485
403332725
1398016245
1231464557
51299216
10277706
50715622
264847796
516390755
19007748
30190484
1637521383
8480601
161248943
12190432
34301358
50469415
343666110
1199252590
263143321
53623453
79161875
46150761
31616774
29002750
524038679
34410103
45756808
62320884
686165432
69541489
138325219
22092717
20946044
150289838
31828453
112341061
325622951
21743347
340249585
257719662
110015941
482588708
358980923
303560860
757539120
13677343
11611747
19569280
8183816
142447543
35658555
354581099
261010679
122773921
21264801
157304802
67874151
13105336
115359168
755187188
21554869
93250616
5439670
17184716
447733855
79233313
374970101
51040983
862741342
793240615
21490944
7281293
7989929
42808241
55047539
15641714
938185650
380087999
47997853
149221492
35798719
30916043
32483997
870287759
128118855
6949737
125897277
18303480
319779575
58787518
561442774
737909180
101908492
581684058
163534156
25625043
223644058
29147388
36804184
779440966
954235
26302024
17080104
65827274
459474828
407044498
54933507
44430760
23687287
73350762
152398642
34376163
1120422623
50640192
649815612
22025534
12939856
578243648
11602252
35333597
530774250
739053840
200681320
45637479
40174260
4877919
31356134
46113928
647545916
60832434
16885959
795840607
14132486
649038586
17159606
47884740
24657382
25845577
915675660
12534773
216737113
254982579
56927427
48120891
60898661
34125806
126706608
835326967
435518467
485605850
67838765
125399289
1247333970
217493456
16110771
20856083
361855525
57021783
101897567
215202054
124082902
290541113
287236360
28424656
56460420
689393686
4448512
55916649
19618910
2108363
14487470
42395763
4424842
2001487226
10821838
52320054
106823030
16418199
7959541
28929393
280825352
20891867
494467045
377490383
32783821
192703549
83777239
30910304
28822145
269878917
27719581
31039730
76281547
76394754
1072910900
13409216
109757488
296462531
451592949
351387257
202332545
26498862
20745128
4179206
28190334
371077058
365472538
70342272
21158952
406978182
30549572
30387037
535807848
57338695
984344431
72578706
192374942
117115876
16170382
105886832
18158211
22386362
234572674
220854470
68740587
80446561
117610774
87939262
313042928
31880242
416216668
20068136
28541455
27953206
5823304
21358240
26109619
22945134
14740104
10294760
198487389
130328584
3528446
29923012
19272078
18072662
31484594
4228822
10420094
173076254
39481992
26320451
