0
0
6895
10002
0
13137
8903
9697
1854
0
0
14161
0
9648
5930
2536
0
7747
3974
0
6497
0
5301
0
0
0
7725
5655
3755
2949
7828
70989
0
0
5400
0
28508
31232
0
4111
8359
0
8099
0
6759
5350
7940
0
3484
884
0
23090
14455
0
7676
0
5387
726
0
0
3749
4034
0
0
6230
4879
0
0
0
1447
5061
7872
3527
20273
0
0
0
16983
0
0
33179
3456
26271
0
15792
0
705
0
0
9480100
0
25860
7188
0
5250
0
1766309
3001548
0
0
0
3487224
7213
0
5773
10724
0
21153
0
0
0
4704
0
15900
7997
0
4930
24990
0
1859650
10164
6731
24505
0
0
0
3929
0
8706
0
0
0
0
7240
0
367842
0
9075
4558
15333
0
5417
3721
19854
5507
0
0
40749632
6100
48193676
13883
14253
4364
5173
0
3229535
0
0
9874
0
5439
14764
0
21760
14227
0
0
7406422
0
0
0
1949
0
0
14560
3669
18697
0
5452
4606
23568
0
0
16450
12304
5436
11168
29291282
8433
3593
1490
21985
3198
19670
89964
7371
0
18407
0
6160
0
0
5954
0
0
5891
0
0
3772589
9128756
3206856
0
2481739
182062
3406
2265
10158
4865
917
8801
19199
15985
0
18623
671002
2968
3851
4408
0
0
0
0
13201
0
0
5066
0
6968
0
0
0
0
6826
0
1307
0
10348
4616
3093
3257
3953
4923
0
8528
4795
1099
0
3598
0
0
1754
2935
0
0
0
52245
13925
0
12418
0
11364
0
3035
3237
0
7035114
4527
0
19914
26265
0
17669
14412
0
28047
0
4494
2097
0
0
0
13200
0
0
21419
0
16579
4609
3355
5218
0
0
0
0
5746
2945
13910
3913
12846063
3379
0
4636
6277
0
36131001
32574
17924
15996
4077
0
7960
0
10192
8796
9045
1748
0
16531511
17607
11077
0
0
16951
15569
2394624
0
2907
19499975
6533
3747
0
0
8992
8091
14638
1683
0
19297
0
0
0
2640
1747051
0
1341
17605711
3312
15424
0
0
0
0
13157
0
0
0
2273
18617
6754
16621
0
24962
8721
12465
0
4755
3440
0
5317352
0
3809
3388
6588
0
2973
0
19142
8348
4777
19505
4270
8569
5314
0
16031
0
27708
880
28633
0
0
0
0
20145
0
5497
0
0
0
0
6208
764
2157
0
7304
14514
19968
3081
3172
4056
2096535
29134152
10197
0
7828
0
0
19842
2562
18027733
0
0
4739
0
0
0
12244
18032
3520
78253
0
18076
18204
0
4821
6218
4323116
4284
2314
4342
36402
3297
5236
0
0
17255
0
0
4302
0
0
0
1401636
34949
0
6002
22452
6337
26879
2963
27309889
0
6064
0
9615151
0
6479
0
0
0
18715
0
17944
5561
0
9766
0
4757
10108
2209
0
2947
11365
0
0
0
0
0
14568
2812
0
2604
3336807
5944
11661
3939
0
0
14029
0
19149
0
0
0
1676
904
0
4961
0
10919
9265
3625
24188
3772
23114
0
0
14012
18442
0
9125
752
5306
4793437
0
82375
13885
30671
0
3117
1602
9950
2281307
874
4768
4955
3426
6032
5170
5158
1608
0
8911347
3863
5870
8347
13009
13242
0
2536
0
5251
0
0
3333
13353
0
13088
6040
3864
18987280
5918
3490
0
7506
10966
16329
22138
2965
12982
3821
0
0
1169
0
16608
4061
5537
0
0
4238
0
5475
6958
18631
0
0
16556
15549
4161
12418271
7161
0
4873
1844
0
19054835
0
0
17600
0
0
0
3672
0
0
0
1652
3466
3039
1802
7784
27874276
0
0
1269
0
23440
41471723
31639
0
0
10217
0
0
6395
0
3406
0
14722
17315
0
0
5828
5119
6100
0
11416
124041746
0
0
6788
6160
0
6072
21629
8081
5717
0
17096
15552
7087
0
5483
3405
25068483
10295
0
0
4290
29256
0
4535
3947
3007512
17651
23346907
15474
0
0
12652
0
0
3058
0
2592
19815
6214
12541083
20137
2821
0
20878
24693
0
15963
6563
11297
25565
5344
0
3858
362939
0
4046
0
4632
4817
4168
10438
55911825
7387
2630
0
0
0
0
16050
7121
3694
19426
0
12674757
11867
14146
0
23294179
18821
9539
124557
0
3320
3619
0
3736
74262
7205
15587
4454
0
0
6837
6068
0
5897
0
5956
29909
0
0
21634
52349894
18117
3895
2376582
0
7594
0
0
19035
4036
3062
0
16076
3193
4362
23079
10857
0
26804
0
0
11812
22179
6031853
0
0
0
22869
7629
0
0
0
20951
5126
2424
0
0
0
0
4901
15316
0
25179
9642078
17961
0
127072
0
0
2594
9464
13161
0
26473
0
19764
3833
5615
13242
5461
2394
0
149518
19225
4967
6139
0
0
0
6919
17528
1634
0
19177
0
3949
20335
0
0
0
4629
23589410
0
2223
0
5319
4507
0
0
3768
0
0
0
3072
0
7858
0
0
0
4047
0
0
0
5461
4061
0
4040
7542
9523
2712863
7448
11408
3143
573230
0
0
6423
0
44872
12771
16454
11190
29841584
0
0
13319
3107
0
0
0
1229385
7466
1874
0
3596
0
3526758
0
0
0
0
1400474
0
4397
799
892
0
5377
19172
955497
24385
0
0
32426176
8128
17840
0
960808
6343
6655
0
0
41404032
6603
23467912
4675
32674248
8502892
19326449
0
5960
3243
18378
1946
0
0
25357
1776
9343141
0
20084
0
3335
20230156
18354281
21388
13029
0
27833
5320
9400
4279
0
10559251
0
9172
0
912
3656599
0
0
0
0
0
0
5950
8149
5739
13722047
5568
16103
0
0
0
0
14988
0
920053
0
0
0
123940826
21307
0
0
0
117311
23744
6271
2035
11452
7539
0
4839
4761
11098
0
1413
0
16202
4329
43884
0
0
26794255
16102
0
0
20349
0
0
1018656
14101
3413
7298
5102
5558595
4023
21373115
0
4851
0
27723614
0
0
5679
6158
6789
4360
8237
13082
4597
10723
0
5210
4757
0
0
0
0
41282
4076
1914
9380848
1493336
26649
0
0
0
920
0
12802
0
12903
0
0
0
5721
0
0
6738371
4962
4146
2758
11306
9412
9001
5401
2077
13552
0
6734
0
9426443
0
13593
0
5797
3891
0
0
0
9357
8720
0
41870706
2554
0
0
3804
0
0
2478747
5974
0
0
0
0
0
2331
18150298
0
88402703
1385
4274
3400
7174
0
10058
1608
5964
2142364
5246
0
4350
0
10009
18358
0
6438823
9304664
2651
1851
6937324
0
20208
1945
0
649810
13258
0
20866074
5798
0
6457
3547
12437
8606
370044
1963366
0
5104
6414
5367
12002
17260
0
3045
11455
0
4546
6519
7375
0
5409
0
1052
18818
13353
0
5281
21714
0
3001
0
0
0
10026
0
29671576
0
5733
21280037
13584
8483
7180961
20239
7231
0
0
0
4776
0
0
0
2963
0
0
882
3244
0
0
0
0
11497
0
6872
0
0
0
4414
0
0
0
3701
0
0
5282
0
0
25157293
23820
18747
2507
0
5449
4538
0
5858
4772
22131
0
10328
5538
12578
6473
5626
8126
5811
6417
0
8262856
5126
3765
0
6308
15174
15955
0
0
0
5489
0
0
3623
0
0
15029410
4060
0
3891
5267
22326
4587
9160
0
2566
28293
0
0
0
0
0
9498
4422
5832
6635
0
4124
0
0
9125
0
8069
0
18033779
15089735
0
29727
4829
11234
129444605
0
14648
0
0
0
0
0
5996
7493957
0
5949
0
28990600
311326
9195
6291
0
13645435
0
12694360
0
0
0
0
4675
5978
3256
16101
5025
6191
8239
1759564
0
30260
4181903
9655607
2540
0
3272
0
6970
0
4681
4970
0
4522599
0
2324
14535
14750
4905
0
15483428
7179
0
14673780
0
20752
5160
0
7399
0
0
6333
0
31053
26111013
5292
13710
20436768
8145
13194
17304
4321
0
2303
20674
17569289
5080
14671967
19888
0
0
3432
26123506
0
0
5270
0
8933
2589
2820
161340
2429
3636
7630
0
20833504
2554
0
0
6638
32367055
23129
1191
0
6852
3151
6960
0
0
0
21973
5073
11435399
0
0
5567
0
0
20702
0
5767
3471
4688
0
5562357
14110
0
0
379558
0
2703
3604
9010
0
0
0
8941
31106
0
6589
0
139236783
11040422
3907
5130
6626
15309
3432
0
1142
5887
5059
7650
4430
7878
92212
0
13402
0
21301
1329
24807
0
0
19844
0
5105
9458811
0
0
4039
0
5432
0
11308377
0
15618
112475936
0
0
4784565
3829
0
11243
0
0
6105
5843
5855
22125
0
0
5196
4850651
4202
0
0
5971
0
8399
0
6575
0
10185
0
0
20759
3372931
2686
0
16769
4617
15310
0
0
11959553
0
3605
66895
0
13381
4781
0
0
20572
0
9117
7665
0
5820
9686
4992378
1436738
0
0
0
10173161
2491
8247
2052
2637
0
9434
0
31621448
0
0
0
8327264
4199
20756
18988
0
77259
5496
0
11828218
3268
9165
0
4372
21947
6667
5158
18775
0
7773
0
17346
1997
0
0
2343
0
0
0
0
13791
0
8328449
4861
8030
12406
2564
0
19912
7362
0
0
8456640
4153
0
2002
1627469
18151814
4836
0
1521922
1726
11085
4707
0
11428
0
41077112
0
3761
0
9002
0
20756383
9259
0
22008460
25305226
6527
0
0
0
0
0
3079
2480
0
6088
3067
7048
6378
0
0
23618
2143
0
4709
10133
7319
0
0
5847
0
0
29113171
10386
5120
7571
19790
3382
0
1900
0
5690625
0
882408
4015
17029
16634
0
14818
0
0
6287
5088229
0
4348
13565
13931
16940
22853
4958
4228
7182
6590
11382
2746089
16733
9179
14118
16472
15067
7497
0
1770
0
7878
2871
3659
1232
28763
11662
0
19770
16314928
0
4323
5866
5726
6210
20808
3254
0
0
15136295
7001
6713
19896
9998
19397
0
2334
0
11555
3971
0
0
0
0
0
7867
0
8973
14580
0
2024211
2862
3686
4731
0
5920
5786
6970
0
14223
0
8837
6335890
11499
10939900
4761
5002
21473
0
7006
0
0
0
13674
0
13327
6498
7923
10339
1533385
0
11252873
0
14972
4588
6978
0
0
5017956
4424
0
0
0
30158
4330
0
0
2774
0
0
13190
2720
0
5402699
5991
25711
0
0
3079
0
3272
45264461
0
26175
1291
6577
0
0
25265182
5058
0
0
39364
0
0
21443
0
3540
0
4429
11062
0
5080
0
0
22388
0
0
0
0
0
0
6461
2418094
0
0
9763
7225
0
9068
3836
22160
22903
6799726
0
0
2606
64223509
0
2103
22404954
8406
3911
0
7131
3947
0
0
4869
6812
0
0
1606
13583
3252
16049813
7298169
0
0
0
0
11180
3899
14579
0
18029
14854
6644
15057
18859
18834
0
4933
0
0
17493
6024
8343
822825
3602
17256
1877
1525052
0
0
714593
0
0
0
3087
16330433
0
6323
0
0
2899
0
0
4757
11637
11596789
0
2211
3534
0
14447111
0
11016
0
0
9498
6068
0
0
0
0
17979
3944
0
11869824
3516
2831
0
0
0
4142
4205
7779
8875201
21084775
0
0
0
4430
0
10650
19678630
7567
11745930
30918
24260
0
4502
0
5609340
9533903
24652837
24418
4832
6367
5315
3549
8239
4412
1707452
3576
1678
0
12555465
23053
0
4488
0
6786
24984906
0
6726913
0
5684
0
5547
14195857
4589550
0
1920
0
0
5660
11382
2863
0
24088
5023
0
4347
23044
11022533
0
4101547
0
0
3180135
4609
0
0
0
0
6766
0
8922
21681548
20242
5944
0
0
6126
4970
8975
4040
27615167
17312
0
5288
714096
14517319
4711
7854
18963
0
0
0
4650
6653
0
4870
3977
0
4472
0
0
21754
3677
0
14750417
16835
3668
6568
11568
101318
4649
3889
0
23082
0
5824
17753
12128
5444
13002
14995
10110
7056
43039459
0
19990
0
0
0
6251
0
0
20814546
0
4380
7035464
19587
12709
3810
10002
17581
12600987
9212
8339
7965562
0
7832430
4995
0
0
15222
15180
4463
0
4399
15051363
0
9034
2301
19333
2211679
11140
0
0
0
8753
43272438
0
8670
0
9769
0
1333
51984892
28482
0
4567
9599
13322
6756
0
0
24924
12804
0
7391
0
1419
0
26608
0
6808
0
1982
0
19909
9798
18843221
174363
0
0
15013410
7824
2001
1925
0
27580
8427
3729
3069
20553
0
6198
4978
42934498
11108
8269275
527712
10474
0
18489
18432450
9317
0
0
0
15678
0
5797
0
0
6173
0
0
5729
0
30625
0
10627
5622582
11861
0
3422
0
0
0
6422
30109174
7165
23909
0
4144
0
34197605
12593
12454611
6908
24686828
0
0
1030
0
0
3988
2873
19918202
13109
6609999
4107
0
8144
16641
5393
10045
0
0
5623
0
3952
15995
0
0
9221
0
0
23255477
9116
8927
24147704
19185108
1928
25732
4983
4958
12526583
7495
0
4958
0
18150
0
7343
2201
0
3414085
0
5088
24115029
0
3041964
0
1461
12098
16392
20003
17448292
4280
0
5192
0
25962
0
0
0
0
24056
29228
28203579
0
0
0
9433651
6397
6124462
0
8042
0
0
14844459
19796
0
9402
7780
0
3011
12453
6276155
9366
8289
26022
13846
9935
0
5483
10366
23202501
4905348
0
14201623
7471
0
0
0
6994
0
1444
8235
10140
2334
2314
0
322364
35066
21716087
3552
3743
17561
0
27698
8433
17318
5834
0
0
45363848
13140
8646916
3430
0
7271
0
0
0
5282
0
14175
0
5198
32952360
4434
6843
4843
37192
23763
0
0
0
26984
0
7123
5623
0
6912
5540
0
0
2531
3775
0
0
1938231
3726
0
165735
0
8571
0
49417837
29168935
5628
7070
5019
4375108
25578
0
82451431
16845
4441
0
13418
0
5942
107091
0
5405
0
10745
7789
929154
0
0
4620
0
6134
0
2520
17873814
0
3933
1457815
24155952
0
13046954
0
0
0
14427026
10064
3133
6285
21374955
4908
3935
0
6368175
9255
11613
0
7375
0
117398764
4041
314491
0
0
8769
11805
2720
19224
0
0
0
27444
4485
0
20640502
3653
7756
0
0
13971
10252
0
0
6551157
11656
21178
0
0
0
2281
5875
10184
2062
0
0
0
0
0
7632
10795
17694
0
5395
4277
59591481
0
6854
9441104
0
3505
3785
7949
0
50051457
7397114
19112
0
7130
7052
8957
10713
142974
0
15394
68330434
0
12700085
0
5645
33185977
0
14175168
0
0
0
3069
2488
16831
6778
21511
4955
0
0
0
2909
0
0
4159326
0
0
0
6154
0
27229
14223
0
9903292
5811
32379
0
5900766
0
0
1720
0
3113
7491
0
3998
0
4080220
154370727
0
0
0
0
2029
15388
14251
4166
6204
12584
316984
14588791
2897
82973595
0
29833
0
3749880
8499339
21624
6751
23209546
8263
0
0
0
9111460
6502
4493
27613950
7124654
6679
9470
50104671
0
0
0
17107
0
8077
0
12898
0
16192
2225
5410
4856182
15209
15872
3290075
3552
11706
1377104
15532
7295
12758989
12881409
22971780
7906
17000310
0
0
13208
18032
15019
0
0
20308710
0
0
18166
2185
0
0
28698814
8056
21145
0
25649
12165945
18385935
6900
3693
30395758
5472
4906
3884215
0
0
0
2636
1539359
16043
3237
4934
0
4673
8645845
4087
3779
15717
6063
6487
0
0
19231289
7894
5461
11019320
0
12312
5666
30765
13372568
1381
6361
10196
8020
20277
9047
0
0
0
0
7680
9185
0
0
5366
0
0
33035112
21198264
0
14572800
9721515
30462780
0
241626
0
0
8670
9161921
17144
0
163777
2514
12037
0
1474095
0
4083498
0
1161665
11460474
27131
5141
7365
2165
0
0
5852
29370396
7965
0
0
1234650
3813
8077
29206137
6004
9367
3013
0
13765710
0
0
4869
0
0
12545
19375
28601856
4330
16077
13084326
3277733
5702587
0
10707
26580
4379
13518
25400999
0
4305
0
3530
5706
15727
0
4489
3488
12719
0
17560
6217
4513
0
25762386
12022
0
0
35962608
4328
10852174
0
0
0
7625659
0
8401
4115
0
9888575
0
0
0
0
0
6223
0
14595033
3424
33939360
5202
691622
3949
0
43992303
9486
6685
2763
0
28215
4755
23320
0
0
7648
2725550
6272
9350931
0
4314
6464
0
0
6427
5695
0
5777
8952
9389124
0
6159065
0
0
0
5295
18252
14972
9987
0
0
6933
0
11378
23511533
21089
1337
2995
16491359
16843
9129
0
2641
3845
22182866
11284
16661
0
18004
7045
18451
0
0
10047
0
23735
0
0
4491
0
0
21413
0
0
10596207
0
0
4789
0
3682
0
20594
6186
14047
20591
29865046
0
185604903
21979
8846382
10990
0
0
30091
0
3814
7460413
22909569
5820
0
13515
7884
32686458
10954672
0
7341
6008003
6057
4434
0
0
4567
0
5473
148606777
14232
0
0
5167
1556388
0
0
0
0
0
10101
6728
0
14078
12908677
0
4667
0
0
7757361
14635
0
0
29015953
32232660
0
9323
0
0
0
5299
6616
11530461
4900
12870
24645
19896568
8600
8851293
11274
4180
22096360
0
3223
40879969
8556
0
5793
5799
7604
0
0
0
15749
14171
11096
10279142
8107
1893677
0
0
1400818
300466
4830
27708
20103
5723402
19040095
0
9697
26111
18745619
0
2600
0
0
0
13498
10713
4591
20281619
6190
0
0
0
24529
20594
18719874
0
4915
6968
0
21986
8339
0
18600850
0
0
5402
0
5987
0
173281471
8266565
0
0
14563
0
18520
0
12261
0
0
0
5673
0
4864
19337
2564447
9232015
6256
10762564
0
0
9578734
0
0
4813
32569763
1804
9126524
12715
5421
0
0
136003131
0
0
7575
11611
0
7591
18378
0
0
5451
0
46335651
10729
20923
0
7268595
0
0
7193
0
8936
4623370
0
22901739
7461
0
14832
6567
0
7748
0
0
0
3841
7289
0
0
23091263
7295
11607795
0
6443
4765927
95325149
4545
2917
9047
0
3769
0
5076
18493
0
2627488
0
20158622
0
18361
5231
148292
0
9791
0
0
4629
1698
0
0
15582152
0
30040
37205534
0
0
7638
10222
0
11642
2806
0
0
5692
20210934
0
18074
22334
18037345
0
0
10892623
0
0
10684
5356658
0
21566
8361
5904
6574
0
21577579
54674714
22585
0
0
0
0
0
15234
0
16241694
0
4132
3283
7850
18757
7931863
4098
0
31805204
21690850
0
12136
0
2921
1945977
6374
0
0
0
0
0
3524
0
18890198
0
38570
11899
0
0
22756
3779
15848351
0
6568
16833083
34404720
8906
0
0
0
11857554
3607
28176029
0
9152189
14360
6089
8756
9354
5336
0
5990
0
5934
4964
24673379
399658889
3831889
0
4264
26451120
197957896
29142637
5717
12475
0
0
12735365
0
12089517
0
7347
28059368
7095602
0
25167428
10775
15601
7691763
19026
6053
28201
0
31740861
0
0
0
12510382
0
0
14017
0
3072609
0
0
0
14016106
14835
0
0
9171098
4374
1069842
3140
0
7700
0
17234
0
3141
6127
26219
0
12578074
25385
0
7979
24543657
0
21577305
4188
325485
4980
0
17411169
5102
500902
0
0
14821131
0
0
0
0
3952
1968
7208
0
4662
0
0
7387
113325829
14084
4838
24179862
11780
0
5683
0
0
9065
4563539
9914647
0
0
0
0
24485
7462
12904
4504
16706767
6678
610468
0
5763
34101
0
6262
10232
88919942
0
4942
1676300
0
11291861
7000
10544
391378415
2474
28646
29072315
0
5288
22496
25234
7242940
788663
5055657
9050
26675033
0
0
15456
0
0
6312
2046
0
1988040
4661
1602262
0
10286
0
0
78148297
90896639
9873
1977693
0
3683
9330
0
15892058
16472
43946621
0
25348657
70493458
4012
5170
19160
11304124
0
9953
2973
14744022
14787898
622789
0
9697
12986
0
0
22710312
5589
0
7760
0
0
6349
0
3706
23329998
48178057
0
0
0
0
4101700
202163820
0
0
6301006
0
0
9652
0
0
9940
14500048
8473
0
0
2974245
0
0
4463
4691
0
0
10603
0
3845
3967
2893
5135
3980
37841936
0
0
17721
0
9478
7039
10860
16535
7394
8985
0
26348
10226
5152
0
0
26736
15362
4895500
0
0
0
0
6820
7814
0
1687871
13888
19437
30057
3786
3166
7421
4759
15879
14930495
5228
0
0
15124
23723
8528
4872
7076
6461
9970523
17100
0
6044
0
15472
21586
6959006
6515
9649096
12884
0
11989545
2493
12970
27500501
0
0
22648
0
0
16276
8413
0
24279
0
19391323
6946
0
0
12775334
0
0
8951
15380
7144
0
0
6752928
0
4594
0
2688
0
0
4093
11446794
7054
14366095
183037327
0
2970
0
5544
5186
14815
0
0
0
2845
13511
6353
2363511
0
0
0
0
27005545
0
0
2592570
17641
0
0
0
7899
22061056
5056
0
0
0
12558455
0
19249904
8443
0
4961
2844896
4546
0
0
3546
28519
5921
4691
0
0
0
13947
16107
20733
4665
15379
0
0
0
6428
0
19799977
0
6062194
0
13553
66302158
1842
24557721
35637681
7437
0
2241579
0
12274752
14193
8069447
0
53042774
65447439
13947
0
7594
26475
14206
0
32178
0
4747
6983
0
11937441
16789
19356163
3276763
0
14561762
0
0
46377764
6241
0
8588
3187
22928
3015
0
4691
0
0
10863
5110
14404354
0
0
202198888
0
0
5182
0
0
0
4716
0
25988
19037744
0
0
0
0
4059
6177
1572
14283980
4059
2864
19105
0
19932
0
3268
19676994
9938294
25894
6531
6567
0
0
0
54513284
6058589
10623478
27790
0
18678218
182096
8239
46664813
0
0
3256
0
5653
5913
0
2560
1128
0
39440
4256
0
8398
8932
2508
7267
0
5224165
27468
14065
19441
0
22498
11828
8219
10159
23015
0
11605103
0
8304
15525
0
44448752
8568
0
0
5243
5272
0
2736
0
24886
0
551822
9324
13357
6413
31088150
7337480
4110
13237
0
8600
0
0
18022176
0
0
14363
0
3977
0
7700
0
0
0
0
8189
0
0
28248
0
4474
0
4601
0
0
20421888
0
10366020
0
0
22023
0
0
2571
0
10075
0
0
0
0
0
2313
4679209
9400884
22230
3811088
0
0
2941
3257055
39198399
7534
0
0
33849
0
13846
10616
6842
0
0
5292
0
31159
7339
13315
0
0
7291
22947442
5385
9308540
10172
4735
6623
7183
11457
0
0
34428230
8757
0
0
0
0
2715
0
6832
0
0
1827
5915
10792
0
0
4191
0
0
8786
27366827
19710
9536
0
14645587
0
1768
21228
2931
16679
0
0
0
22302731
0
10222
0
32678232
4989
9238
103504412
3338
0
0
30385160
5625
7595
984376
6599
0
21243
0
21102150
4655
0
0
22862509
41118530
23410625
0
40444518
2906227
16999
5708795
0
5599
5869
14699600
4987
14231008
6631
0
28929
8506
13004
2758
0
0
6747488
17412
5483
6092107
0
0
40908966
0
0
6483
23192683
10280
24102
2933
3947
8541
6507
6124
0
13532
12375922
18660150
18309
3985
15683
15895
0
5310
0
0
0
0
76909664
0
0
0
10317346
0
0
3021473
0
5198
0
30861493
13745
3117
4556
25336126
15817
399686440
0
0
0
0
0
8217
22450870
0
29235545
12102008
6976
0
9127814
24798
3340
22469191
0
15837
21139573
0
0
0
31465
13393472
30488
3841
0
0
22660
0
0
0
0
16435498
12529687
0
0
0
0
12877
5052
10973
16757
770528
23096850
0
10522
10096777
0
13018
0
3356
0
0
0
0
0
22387
0
6087960
17837561
108723008
0
9945
8712
0
0
2997
0
138531
33324547
6562
4405
0
0
0
0
0
14537
7423
0
25207
22248
14129273
0
4190623
7319
1405146
0
13531
7696
5606
2648690
15692
4731
9103
7313
0
4665
0
6754
0
18716436
0
18150
4561337
25545177
6794
11761123
0
4004
0
0
12594453
0
26301
5628740
13265
0
0
0
0
23927776
0
6009
17998108
7095
8964344
0
0
3572604
10314998
5626549
15534
0
20710
0
0
3721
0
0
18252755
5158
0
28574524
6395
0
11797232
0
0
0
0
6820
0
0
4222
11846263
33484169
6977
0
5795756
0
5381060
4990
141393713
16057307
6329
26355
25924
25811961
7308
989913
3087
13277
0
0
6194
0
0
0
27674342
9223533
20757720
3657046
0
14245
0
4579
0
14392
6134
1129021
10208
5525
6753
0
8933724
0
12164765
0
16634536
14730877
17035
0
0
5889361
6550
11885
14793875
11751159
0
10939
0
16450264
7604
66919227
639941
0
0
17639402
19552
23332
10927
44360573
0
0
0
6086
6152
0
6145
0
38966704
391447339
6597
4654
15160039
0
21165
3311518
0
27717783
0
7403
0
0
10453
11832
0
0
20785
3011
0
17162
0
2692732
0
0
0
0
24541028
9659
0
0
17585972
0
0
783821
0
0
12306523
0
18728890
9041342
0
6670733
14101
0
6062
25069326
5290
5597
0
636300
10143325
3996
19721
0
4510
215847096
3089529
0
0
14489010
5373
0
0
17585919
0
0
15355
2494761
15218856
6963961
49110198
11517
0
8231
50207908
0
0
22825
0
4423
0
13509
2954
5986
6021269
0
9965
1515
19040
3614
63664356
0
204294246
17236813
0
7281
3775
6247842
0
0
24552147
0
11114
12283196
24839367
6383
4688
15743
6470
0
0
4824711
49833452
3713732
6640
20029
22007
0
17498082
0
8576
12208
0
0
0
0
12035831
0
25038259
0
0
8956
0
10867
3263
0
6489223
24656437
0
30211538
0
25768
0
0
13915979
0
0
0
23007074
6704
0
0
16352726
6512
0
5085
0
0
0
5020306
0
5629
17100
2598
0
0
7104
14927
16328878
7993971
2689508
5177915
7073
11940
13035536
8204953
5595
117259
0
5342
138453351
40747342
0
0
0
11487813
0
12891440
0
5695
6596
2468927
0
19970
0
9328
10058779
25028202
435765
0
7915312
0
0
5480692
5271191
15934640
0
32580660
0
4380
0
0
21987441
0
0
0
13571
24082
8172
19257
0
205614739
4536
0
1511528
0
18813
0
18203
0
0
20698214
3822253
0
25058876
0
6473
5016371
5387976
20077
0
4887
2047
0
0
0
6455
5430673
0
22383
0
6904
2936
0
0
19145851
27223397
0
0
10748
206799005
19118009
14758840
0
21671
0
8527
4180
29114
8205
17934
0
17403731
28029196
0
0
14314
5980
10183
0
19194
3112971
0
0
16295948
411559395
2234
5566
15343235
0
4253
0
27754337
160008394
8890668
0
11414
8149
0
45045958
8806
0
10648
11677994
0
96803605
18275
17955979
11909
7820160
0
0
5323
0
13521304
0
0
5829
0
25615
6303
0
21977235
18194
0
0
0
0
27881390
17689673
0
0
0
0
0
8113928
4354
27170117
0
4966
0
14736932
9854240
0
0
0
18811078
528365
7379
8486
16538
0
6124
7351
14264442
0
25627
62395156
32241064
15775687
0
0
0
0
4601
16222590
4646
25681016
12281
0
17274
70429078
0
24494111
4337181
7279135
13683672
6849
0
5173
5067124
4613125
0
13317
0
358967722
29584785
8794
33209327
0
11937689
0
15348108
0
0
0
4775
14040
0
6778508
0
6701
0
0
9349
26015494
30754204
6102
1356798
0
8375
0
0
0
0
7205
19311
2175
4537
3066521
11748558
11436134
9927334
38194757
0
0
3470
0
405472845
13400761
7797
76002662
36821146
0
0
0
0
0
21990252
24134
818423
8626
14511
0
0
20060309
19761
23363675
8556
4657
4476
0
0
0
14132257
0
6405714
0
9177
0
0
16466160
16589
13505
5621
16283663
0
0
9607
0
18601907
27912694
11172
13958
2762
20783340
27510
25487552
8045
0
14888011
0
0
0
24803553
8642
9534
16102706
0
33312170
13546
23709422
372767190
0
14168318
0
3344
0
9866
0
21887400
19106313
9192770
7917
0
10554
0
0
5996
20232278
0
0
0
9617800
0
0
0
6494
0
0
0
0
26076854
0
14374
0
6643001
35366811
14507
7072
0
9055251
0
19106
3979
0
23262095
0
0
0
18754413
0
0
19143
4364
214159458
28107072
0
4978
13648837
8460
20540
15328
24561
0
0
19236692
0
27313
0
11621
136654413
0
0
9042365
10394
5349
7581231
7718
0
25206
0
13806569
7620
0
13888467
0
5957
33892176
333816505
13900
0
0
8893292
0
15939
16326781
8068
0
4463
0
644278
7855
0
0
0
69890322
2465
0
12599
0
18785
19594596
24945280
3358
14926283
53386658
26980161
5675
16244
0
7240
28415104
0
1233646
10971234
0
20116006
0
7038423
0
0
102567428
24238
0
23481536
29789693
25473
7772
0
19002
13854721
23224
0
0
4031
18162
15108
0
0
0
5488901
17484
0
0
0
13649
13576
15755106
13104
358987108
43772780
4024
0
38557
9943
0
4188
12909511
0
4109537
15387
0
8997731
10757
14682
0
0
2418509
11287
8061
13784727
1768971
10830
0
0
0
0
2456947
65804467
0
8532
0
47796820
0
8580
0
7246
0
0
0
10540
0
0
4791
19132
6144
0
0
51302789
2554
0
13765
24536029
4911
157381849
7215
0
4444
0
0
0
0
13639
9254582
17751
0
25904
0
21106
0
0
17502
3343
15511503
0
23938279
11021
10886108
409885034
9123
23944
22976578
0
24271335
8033
5813
0
0
0
0
0
0
5987
0
7230
5447
0
49787904
0
98151011
10088
20091
0
14472497
32892282
0
5075
55991
0
11845018
6900
0
0
18578661
0
3374
25750231
14474820
0
0
30163863
0
6495
5469
0
36911210
27401
18444
5675
24477642
9330
4880915
7661
0
8743
0
72697195
32949164
19276142
7656
0
0
0
10150
5302617
31847697
0
0
0
18428
0
26095
0
0
0
9585754
9099
0
8375
8363
0
0
15099
24995158
42883164
31847797
18738
3871
18886659
0
0
121103939
30544
0
14559890
0
13451
18788693
5284
27109
7333
10935943
0
0
0
22810026
10333907
11038
18381555
0
0
23222445
18828
32864173
0
5037
9454
0
0
0
0
29265549
0
9021
0
0
26852
11714
30475138
0
3414
17819
0
13169
27493488
0
11597
15079
8085
8219168
11314
0
3205
0
0
0
2680
0
0
4438
25727059
7485
5836002
0
0
0
10362
0
16544077
7828
12687494
6676
7905
0
19134
10351606
21239106
0
4811
13364709
8572
19432224
7135
79335000
0
25131787
12472749
0
0
18084
7907675
0
15294
0
0
0
0
48634126
0
35015928
30615
13448
24919
9076845
9122820
8651670
0
0
0
30445452
36860
2750
0
7344262
9756945
0
20331
2830
15520
0
0
0
21393616
40752840
15220117
19748
6260450
817080
6239
9698
20895704
23601671
0
0
7992
11563733
2395443
9154
4629
0
2764
0
22197
0
7353
0
13104
0
44294593
506263
0
0
0
12593
25467
0
0
18740066
8997
0
0
39275706
10881210
6140087
5120
5162
5806294
3212438
100161619
22923
13277049
0
0
0
4224
6553
12558
12399
0
71629330
0
0
3257
81977356
22457
2291
0
132689557
7124
0
14261
14442864
0
0
6858
7959
15484814
8316204
0
0
8948429
32474740
25979537
0
20640932
11885664
0
4029618
39097224
0
12120
18697134
8772
3516
8121
13243079
3715856
4867
3496
2455438
5143
28783
20491294
0
8738
43330410
0
0
15394
16837
2363340
4462
19055835
14261347
2466
0
0
8559
7992315
0
0
0
7151
25902
8056
4454037
0
4256670
0
2525
0
7364
22592603
0
0
9490590
669884
2553229
0
3715
7125
0
238671443
0
6645
10462
0
7075
12768
10715
0
0
5097
27355798
0
18155988
0
21420
106335608
20755
0
13646322
0
5585
20875762
13576047
8192725
873291
3679
18810965
8999
0
36914173
28392704
0
0
3398
0
6617319
0
0
8487
8147115
34909
9202
4274
0
4539740
0
7477
12328
2991214
16480
15823
23671400
17796210
0
22489414
0
6090
23699906
8596
25418806
0
0
6664
9899141
0
37681964
21151
24480373
0
0
13894
0
17721
11369910
0
14112
2818977
5367797
11577153
6709
25890
0
0
36609166
7531
6273
13506593
29939539
4806877
8298
0
24125310
9291628
173777204
0
0
9246
23032256
0
20782022
0
0
0
7752
7329592
0
0
17936
0
0
0
2688
1712881
0
0
7050
5932
4982
0
7225
0
0
0
25116
13303
0
0
16086596
1024524
5806325
18860
0
0
6156
0
5923597
6303814
8393
5026
0
0
2743
18671135
49950682
0
0
0
9878
0
8421610
9887490
28017730
39520223
9881
18196
13945860
5208
6939615
11918
33431421
2342
0
0
14547
10217
726592
0
0
3927278
28446
16411
9547890
16584244
0
5594
0
5301552
0
0
28801230
0
49240
0
3331
0
4071
0
9003209
0
0
22071811
8999171
0
3220
0
0
11649720
0
9373141
0
0
0
0
7129
14658329
13770815
9073
29483033
3514
0
0
0
11220
7958798
12467107
12040
0
9530
22692071
1313643
0
1494765
25391912
0
2048620
0
10452
0
4252
0
3013614
12247
0
0
0
13389562
29929345
7485
5441
18345439
18346
3407
0
14268
17144
0
0
8021
135788929
8882
0
0
141359
43500663
8732789
0
31454515
0
0
0
17852665
18555
0
0
173443511
11038
0
0
0
0
21252232
0
16496294
19866276
3699
5217
7035
0
33651582
32944970
20023804
0
14204175
0
19598
0
1494226
28090472
7999
0
18753
0
3504
0
0
10913
0
55017402
9618235
0
0
16455045
0
0
542373
0
9552202
6166
5391
0
0
6168227
12260227
12484261
0
30845129
5407
0
16346443
8559
35268647
0
7269
12022567
41919734
0
4867
39146207
29809084
6936
8413
38533285
84520787
6975
23473
19990
0
0
4577
13963
0
7653
7319
16198500
0
9045
17025
0
0
6762
14450
31112534
0
0
0
3232178
18376818
36238019
5210
0
52348884
7491
10879290
0
21161
13480898
24728204
1391271
0
0
14019403
21664799
11275
440353
0
12596
0
0
13499
12865849
0
27057
39825384
25185026
6417
21188353
0
14412
0
3282
3111
0
0
0
0
5060
0
5000
22581823
12717883
5198
14985
0
10936158
12158
0
9266
8616
4083
12939
0
9895239
7028
35744859
5592
21084398
0
0
6805611
0
5439
0
0
0
14040848
0
13120
10855
0
207733009
0
5331
0
19253
17303711
6687082
5260828
14262430
0
4711414
107439347
16802805
0
28712701
17942
0
344144
0
0
0
0
0
17846
0
0
5807
0
29179380
18109
4355943
0
0
3036921
0
8112
9428
6908376
26723269
0
16365767
14279
15909
6690336
0
0
20203435
0
373446
0
21205548
8755
27322
0
0
0
0
26835565
0
13950583
10322
2415896
7305
39241
0
16314141
0
0
0
3156894
0
3416895
14438
0
8917384
31755909
12785560
0
144119565
102533147
8161
0
0
12201688
3643587
15253599
0
0
33098722
6687
0
38890002
16750154
2816745
38644534
5740
16181
26551727
0
12916157
14038095
4334
0
5292
95736878
152357774
0
6214102
0
17015
0
17346
12792146
0
5465
8127
27341139
0
10570
2364527
14167074
14703587
0
0
0
0
0
0
8640
6536691
83120126
6005
0
111127958
31310286
0
27885816
9822411
0
0
23717394
4212150
7275
5357
0
0
23600
11826236
28422245
8776
10675
11044
0
37745
0
3841
0
8393663
8752606
0
0
0
4611
0
5501
5729
0
33040408
15768160
30295478
34311831
11677329
9835
0
17338
17897418
0
19036336
2119
9919
28889966
0
14139896
21858384
17051306
0
0
0
0
4329
0
3857
12758360
17417
13876914
19568888
0
0
0
0
9220457
0
0
0
161334611
3200
29660346
0
18236256
20883
10931
17517
14106292
21504
6278
8410
905163
12155778
15299594
9115
0
0
16300
106654989
0
0
0
6323
11817218
15223
0
13782968
0
12902
5532953
8277
12346618
17835812
0
7961
0
0
1792
17000
15067
0
0
0
0
15790125
0
0
91289467
0
34928199
4645
2569897
4524
4025
7826
8146
0
6440777
4155
0
8697405
0
0
17829479
8195
0
3209
8262
4594996
0
0
6461
14953
24952074
14543803
25092
5308
0
20810328
6627140
6262011
6553
26811133
13986173
0
82263569
3227
0
43165397
0
43441061
4278
16763600
0
19943194
0
4428526
13670892
29465764
6269
8259
17737805
0
0
18291280
5192
23907
31507105
24473568
6692393
0
2149196
26607843
2059743
418953
1517549
0
27678
0
6796
15229490
4401
6335
9379157
29058016
0
12415
0
0
0
6410648
0
2694188
0
0
5667
17453
0
0
7589
9724
0
3588
38336649
7115
0
0
8793
61866045
0
22649
18299
11253
23239556
10007285
6204
5239368
0
21192312
0
0
0
0
0
21946423
1032698
7572
5729
0
0
100292046
8362419
15944060
0
22141
17500
12232
6896
0
0
15807
5376
0
28248200
26344104
0
33140021
0
49529743
0
8324
11082
0
8938
6946
0
0
0
14111216
0
13668961
181697020
13972
7359
6839
121404439
14211
27611292
3638
0
16055
0
0
0
25209074
6520
28632
12853958
0
0
0
0
4749
50247742
16686532
18620192
14258090
12594615
0
0
10687
14093607
14804
0
0
9802551
0
9219715
6673
0
20294707
8241442
7677
4406287
0
0
8576
15100017
26996416
2380496
0
69704503
18088515
8403
17234
209338286
0
0
0
8987724
7016
7434539
16183634
73138079
9574
16541
9753348
0
18682743
0
0
7696
1598055
0
0
0
0
16230
57319764
0
7706
5523
20883089
39812
5084
22741
170174646
49971680
28215868
26836863
0
8332
29195263
3648
33339158
0
0
0
0
0
12699497
12808
11776654
5158
9802665
261652
16689
1550212
23520
24944956
1485840
5309
6529
961105
0
24542004
0
140787257
7399
0
4781
20471920
0
0
0
0
0
0
0
0
8666
0
15336221
25144537
7734
21560
534718
0
25538210
13060499
0
14024379
3149
6648
0
72419896
16279846
6734
26183263
10071
0
27170813
131806451
0
5024
5611802
76352051
12900
0
15987
18305
0
21002980
69650642
0
876667
5033096
18553271
16444386
8104942
0
112743973
5868
8382
407675
3272
6343
2238772
47142
13537930
4330
0
173767398
0
9255
3641886
1430685
0
0
0
18402727
21889487
77754095
7675
0
13357
10867
18211541
9105
829800
5763
20101221
0
6775
25139
0
18027752
0
1815906
0
0
29192574
4326
0
0
7974
6998
42277329
24940565
17707623
0
14537250
0
5655
1187829
27358579
49616585
76934641
5244
8574
15566
0
0
29092933
14766474
0
30416539
0
5757
61640206
10853
554897
26981
11548
0
0
7792924
0
6200
16809
16480
8834
5547
1504283
24667
12946242
0
10346423
6259
0
0
8436
0
1159912
767736
29848356
7336859
10735915
24356
0
20692363
26794534
4513
0
48962368
3448
0
0
0
11785
0
23132714
17954601
0
14102379
0
17214
0
0
128708377
0
936190
17310511
3614
0
9615523
0
4097
0
8371
0
15309852
8483154
24067
0
14763849
15067332
7580
2849
0
13231
4128
27858743
28674231
17983016
0
2829
17425
12047272
9809
6605
17160
0
0
7251
7831145
4278
7498
8270341
7704
9484912
25658245
0
294545
25853949
17731492
20914
13951099
15002703
0
121110494
0
3284
10541473
14189658
0
31437874
2975127
0
9209
19957
24985825
0
13307325
0
0
5228
14238257
100775
28378331
12281
49738566
124546921
37099102
0
0
8037551
0
7135648
6209
27863447
11119106
8217
6932
78521253
0
9871757
33024619
0
294814
46807834
13363
31005699
19855159
0
25236182
13340238
78643390
0
26822457
10452590
26702
14831884
8266711
0
67121202
5832
8488
0
20969
6163693
0
5657347
4912
7057362
0
13654326
0
0
22513022
6806
14785545
175782613
0
2123671
26255907
5092
8739
0
0
6594016
142243676
0
24968975
225060899
18395118
0
14457137
21367981
0
25447701
12359096
0
12317
0
8796
0
0
0
13817992
17707082
25542
34232120
15108
6890
9757841
0
13850
2090395
0
18672579
0
0
7952
2193670
0
0
19736732
3455464
0
34881636
25290215
33317460
0
7994
0
0
13330
20632950
0
0
0
0
5317614
919117
634200
43483197
6154300
11868018
0
17142
5945
6501
14011963
0
3339416
0
20406701
0
30109954
95578340
0
7369862
0
131067946
6602198
1039445
2844987
4735
5537
0
0
0
9853
0
19310
0
29165683
5556
236523328
0
0
48126447
0
4222
79500416
11915408
3943
125693163
1579769
0
2460972
123178559
5758116
0
18371715
27450427
4051
26684491
8762
7343
99104569
1723243
17195351
0
0
0
0
112069812
24379918
15324136
14245377
0
0
0
6531
11271
0
9199831
0
25064426
9517
9458348
2978529
14822
8003502
0
0
13763965
106709741
23511
0
18548892
0
0
0
0
19153362
0
25536341
7725598
10401
26120107
0
3993
0
7502
2359928
5184
0
6597
0
0
29126511
0
0
952750
13528673
0
0
8999806
7505
0
0
22381175
17621
10340326
0
12926
0
0
21315
18994
25297578
33812871
4564
0
7325
172566929
8343
0
11579188
45821718
0
18505
0
0
27451595
0
0
0
197535662
0
280143921
38346245
26764
27065320
0
0
240919829
0
8126
9263648
0
31934847
11473284
0
9757791
19882
4627
15911
15448
0
0
78207818
0
0
16380451
8273071
19047837
0
5669
5677
32831132
6262385
0
6248
5609
0
0
0
0
0
0
23137637
0
0
0
9117
204626805
12367668
4392
11282798
20523160
0
3122688
2532
22047
0
0
6309605
8097
0
0
20270274
8851
7918
0
16498656
0
0
0
10601709
119580630
33168569
3612730
10508
0
0
0
24191248
38329763
4466
10438368
0
7640
0
3442663
35267874
6866
226351419
0
0
195720778
0
16424437
7723
5910
18149481
8484
12271148
28136246
0
0
16926263
3871
18117770
0
18090
0
5906
24952913
25569
46755015
19353
0
5669
128872867
6108
6060540
25757381
28529158
5326931
0
424560
23119275
155778018
9162963
143845619
90199212
6439
9584
0
546850
0
0
10701530
6873536
0
0
18986725
20749004
0
0
14205
11982374
0
4606244
19359
18494895
0
6405617
20833144
4659
0
23579151
10256
12155
24417877
297276143
0
5039036
5744
0
0
0
9851103
283755380
6041459
11236
10774
11153655
7737
17380268
4495
6413
42318935
0
820986
22571037
24157465
12170312
246782703
12456270
1555065
0
29206555
1792620
78693495
78022155
0
11830493
69830319
7101
3017465
6001346
137654732
23343891
3382
0
9064049
0
15917
10313272
0
19687037
2057496
0
33235504
35149411
0
0
10413
0
0
0
0
6772928
7706
10816973
0
14553760
77588113
12768
7290
17911481
7385951
6350
17746134
20796288
15401268
17209826
0
15636093
0
7451
0
0
0
98632236
5268
3321148
3612674
32681381
0
2895215
6974
10271677
9090
0
0
7024
4235367
0
8364
23908504
0
0
6215068
0
0
60983
0
19550
15536
8706
1657747
9740943
12726448
7028
3227691
15964253
18070079
0
0
19055377
0
406282449
22775
0
14610
14238385
9094649
36654004
0
0
5115
7116136
4621
14053
8985370
0
0
0
38909118
15376
4493
0
0
25919722
33029700
0
13794
9899
0
5943
48374638
3510
17592
26335619
6808024
25330011
0
0
0
2783
0
0
20189436
25947738
40100538
5527
0
0
11571
17102515
26580654
7315
0
3963
0
18721970
76120367
0
24076722
0
29559918
0
24866639
13665144
52101571
990373
0
0
0
11330595
0
61931996
0
0
38751988
4829
8393937
3576
10112275
27091885
59152757
0
0
0
29010874
19953
0
0
4276766
0
10817
87034323
0
22850970
0
0
0
53944280
6108044
0
9227463
34593588
0
0
86513710
0
9267
4631
0
1783465
43799
21899542
1164710
0
8499782
11565
14745338
21859487
0
19011
0
16468383
0
5979
0
0
0
5046773
0
0
26715928
73307796
3146667
0
19994
60988469
0
0
96593612
0
18734
0
10190763
0
8736
20036374
0
29670698
6275
0
0
19981791
0
774250
5846
52451078
0
9873
0
0
11095
0
16796387
0
3183
25632320
4370
211658502
0
16921
55406443
30315708
6126
14201
0
0
3729
0
17420118
0
0
8989686
0
20379113
26815100
3153311
14882626
1695198
18908
12966273
6806
26698551
12791754
3442775
26912318
5698
4538
102503329
6096
49953222
24868033
0
29920723
14576183
8921
0
24759268
28757665
32875890
5721700
34514593
7282288
0
10121
6762
460144282
0
39539131
190571625
0
0
0
7584
2468983
8027
142942269
0
9808102
0
0
0
2448081
0
0
19477982
0
18474230
3631900
0
0
17436
0
24896934
21885735
20211288
0
0
0
15336
0
17176
0
5813
42566669
702041
628066
0
164317898
0
66497951
3250789
162569569
1883173
4478
447050
0
7864
51712264
18050626
0
0
25616530
6807707
0
0
23351230
0
22571
28612691
18830
34676607
0
12652
28419896
28167640
10817244
4815
9630799
4858
20890350
0
0
8620
0
27121244
0
11635008
18820
0
21319249
0
0
0
14094001
7920
8335
19461
0
0
6391
0
0
0
0
21499943
9816535
25006692
14934134
9609080
28911
0
28892368
0
0
1284073
32188233
55772
0
86343209
16976
23565525
0
5073116
0
27981390
7776
31633
6679597
24090
5060
19756
22920454
9474
18844562
0
4905526
270086712
29166731
15192829
172021643
20420930
207980818
0
0
10350
35299629
0
3397210
0
6202
9967842
0
4061
5083
0
12115
654213
72351067
12664492
0
0
0
0
21370
27483265
0
6359567
0
5616
0
0
7852
3799934
0
0
7214033
6935
0
3912216
19729860
21197
0
0
4950
7095916
0
0
21390099
13167
1497969
6653
0
0
0
0
23909
122501139
49873948
7722
0
14255667
0
25078
19744
0
0
16006935
0
73083479
0
6333
7702
0
21706543
6401
0
29382477
0
13554519
0
0
24568883
0
13107
0
0
6683595
8568
129513911
95294767
4659
5474
18256
0
184780508
12141732
4461
0
29205
49591164
0
11015
8446703
0
19211864
7309328
0
6021612
0
16325366
24647199
0
2986799
1135236
0
0
6146320
0
0
509450602
16620580
0
0
7535
5453
16661091
0
0
0
82175841
25934026
27067
2995
0
49516122
0
12401855
0
6225
2291538
7205
3595882
20125532
10432
0
13874
10191
16627712
0
0
0
9325546
12016697
6046
0
0
0
0
13501807
0
0
7204
19369
20154415
0
0
4100
31987698
13693823
8524943
6071609
38839950
0
9602005
0
0
0
10274
0
19755367
0
21137647
0
12008283
0
0
0
0
0
35181110
22323646
0
4308
0
16215920
0
0
0
7545573
0
33901470
22341852
0
0
12505676
7830
0
12750171
12617
0
3025
15522095
0
6793
6467
8919
18249750
0
3397468
16873605
0
27535333
18093029
3781378
0
0
0
0
0
0
0
11840209
6564502
6806
24954044
27460324
751587
11762
21235365
20588352
3807
3141335
3947
3793
0
0
6029530
6239111
17916373
4532
0
0
15208
5290
0
50115789
9374
18439
59269
9635
24781084
0
7551487
17080853
0
15228778
0
146772572
11697655
23756032
65316265
7250197
0
0
36818896
17162
13760
10076
0
3343859
2410921
5188
10556
13648146
0
0
0
7938
0
46364346
0
107515303
5857
12144630
91889203
27612354
14981
5355
31646519
15487583
30004123
25011701
18991378
8296
0
0
0
36444763
10576902
14514531
5378103
0
20812
11111207
22140222
15493388
5709
6693
0
206002787
0
65485426
17231917
26511479
52542440
103340751
8342
16157756
0
4939
0
23325
24725786
7343704
4641
0
6179
30899196
7117
6309
0
63235928
12178538
0
17330614
220319871
11956
3895
0
14366896
0
0
8992
9402
5598
5108575
0
4036
0
64206596
9430
57843990
9095
6311
16647815
408541
0
0
1379711
50162890
0
31625215
6868
0
0
0
73134652
19829
11964
9962421
6028
0
10056552
12541
36005768
0
9341129
7179
0
12115153
23627
7966
4002422
0
0
4658
66357334
6228
31979496
0
4554
25118779
12797
42098116
6962
0
31566289
8651067
13576979
0
31401542
21509123
0
0
23147251
0
26179
883214
9865807
17731
6188
0
0
27634799
0
0
23801225
0
57473669
6633
0
0
4917
9115602
14879768
0
13155995
28085381
32741655
6591
0
0
5003
3889
12661265
19008003
0
6116167
0
20772
1895819
32963047
0
6054295
67884699
0
46458239
12016068
21817370
85799735
12638878
27378851
3631830
13555305
0
25349265
6986
48893238
8875
31146511
0
0
5322
15820476
22188570
8350
0
0
0
16253632
0
13968
0
0
0
24233127
25935362
4186327
10178
32924762
10819068
24947576
18180
0
0
0
0
7464
0
7555
9237
33091274
0
281608472
32402422
0
21103657
20303
0
6461547
0
0
7409
3825229
3290
0
0
8525
110353146
17467
4083
0
281558482
2468724
12996
16214150
0
0
8078
0
15164846
0
80706744
615543
16451363
1403429
10800486
5926
2039121
10570
180638221
0
0
0
0
9684
15052744
0
18637
4197
4007158
0
0
10839
5388
6415090
17669665
8284433
8153445
628116
6455
16459201
0
0
0
7942
5784
18786881
16721730
13845943
0
0
11463
9924481
20648
0
0
5022
20828024
0
23434
0
0
40407083
26525956
9267
8257
20220132
274025401
12097268
0
12285931
0
0
14805153
0
13738998
0
0
5304429
0
20342313
9701
13876
12023728
18189128
0
8243436
0
0
0
44264476
5513
0
0
3306654
0
15599348
0
0
9669317
0
5550778
5766
4244492
18372644
0
23941
31414046
1093980
0
0
0
0
22152248
46383324
0
0
26667417
5939634
0
0
24160
0
18981740
4266
2430659
3412
0
900663
10045962
10680272
20425
14061161
3626223
28635216
0
0
111342532
11311857
8628
0
0
5058
16456
0
7849696
3519502
0
0
2307985
3574376
26293
0
0
9958
11329
32430983
9017
0
0
0
24806
0
31043382
4466884
11494230
10599021
32409896
53310094
0
22868521
22676
726342
9911812
38970336
22605
8069
11586
25110731
6451265
9923
9250
4334
5564533
8320
16465375
0
3785
0
19117250
6119006
9601
20385315
1396014
35271
22741
9765
0
2161838
9004557
26777555
0
7690998
32457900
0
0
0
0
0
0
8866222
7073
0
18500288
15029
11316
3112092
0
0
140222886
5817
11875540
761277
22486146
0
0
0
14827
62454987
11148815
0
0
17871480
4516103
7429
165553189
9782
0
0
0
31057401
6555
0
0
10318
0
5420
12135484
23040557
6082
0
0
15193
0
17402
10848938
0
11852948
4993
0
25507619
10563311
79841299
208620902
8526
33055395
9683007
0
4428
50012433
8813
13358935
0
0
28769
0
8498
0
0
8173
5911
8690153
8964
0
12543631
3937141
0
22881
0
44022843
0
21125
0
0
118433371
0
0
27147538
0
0
272275666
0
0
8916330
0
0
0
0
0
24104693
15226549
0
25785848
0
26219579
0
0
18075936
0
56190
790647
12524540
32497930
0
0
17634184
0
0
13636136
5800
0
0
0
0
0
886018
0
10741
0
24866774
11503175
0
6848
16585822
24148
18187429
8195356
6489
1261371
0
7975
20494116
3004992
5928
0
0
0
12144
16885
705951
3439041
69537
18467147
51650287
0
0
14980
8275617
0
0
0
0
13562511
0
0
11788558
7882
0
15010877
0
6458927
20680003
0
2066154
19746830
28496579
15389
32888975
25001729
28942523
24005406
47094886
8646
0
5877802
8563879
23327
0
8897
0
23181458
16249428
0
33377531
30075643
0
33241624
0
1823928
4625
0
53592973
5942
20666433
316954
3585
0
11793
5210
160570
74696892
0
7574
43272353
0
9421
12593855
9320076
18916848
13283834
0
5833
15113228
10696
0
12018
7700
11142
0
31067101
20632581
29321094
23579058
6096
0
28292024
0
0
0
45758423
0
0
5104
24662304
0
0
4504134
14403
0
0
23471479
1368356
254321754
0
67838229
0
703267
10152
9251327
0
0
0
0
29918218
0
0
126152323
0
0
0
18894323
0
35248995
41935179
861908
10231754
0
15031
0
17746675
5238
0
11136
5911
0
4937
0
70806987
0
6403
7171
16115
145341228
0
0
27474505
23512528
15142781
25928566
0
8443
36625426
19986
35190280
9605223
4385825
20760510
0
104109842
101852779
0
19052575
4428
3207654
2615331
6716965
32543533
11764372
33886389
24841274
31336696
73597678
30961084
0
21563319
6666
7864
0
0
4629
4451744
79051648
286189063
0
8514
0
0
0
26742
5825033
138127435
1964174
10676
10111
7824552
0
43736433
23556052
5705
9479436
0
11487751
21691134
0
19548408
19667771
0
0
7806
0
5316
0
4909
16167
0
28997086
64679141
0
5843
9508636
9261350
0
0
11421053
2706505
0
0
4984
10861
6807923
17839
20830659
19782249
0
23255137
2929
0
0
12182396
21372
20200006
15558688
6154
0
0
8922962
38494444
0
0
0
4408610
18617
0
19500317
0
226499916
242000591
0
0
0
0
0
9872
9526
13608
0
0
0
0
0
33169517
0
88955107
0
0
0
2262836
21869489
0
0
0
19156
0
0
121711917
18637
4466117
0
36699746
29806862
24272
11328
460074592
13249922
20654381
0
11992531
0
0
15079
15875191
18112
68900407
25040686
10244
4584971
1146407
24387
12754309
0
83436521
13419
0
5417223
0
9295
0
117873411
0
0
2953433
0
8747
13771990
0
7319
4710
22342633
14169
0
1755281
1664910
25747282
7337
17653
15336
23920
12490
11080
0
5872
5706
7032198
0
0
1485254
0
0
0
9293
0
6436624
595051
220495758
4369499
7934
0
2498080
0
7317
12915446
14154
0
0
6497778
16710
25207783
4266
434445
145317181
5681
8212931
16249566
49320527
0
0
0
0
4770425
0
44239136
8718349
4438
60381626
0
7250416
0
17100683
0
6585
8411956
4948
9336
65926046
12604203
11004
1846631
20772
0
21225
7730
24110
3139
4292
20229124
0
0
30292838
0
24543486
17259769
32854214
15700
24396766
10464692
10201
8393
25876351
9598
18813
12830
10550812
0
33627824
10055012
2437208
0
0
19399165
23660829
110818068
4293
0
8172903
0
21928550
6216
0
0
16730580
26288284
38618786
19366557
9589325
28168333
0
0
9803119
0
8636
0
0
1643915
0
5087955
3779425
0
16699
408091175
7931015
0
3095
5343987
0
0
22498633
0
9393
0
23963915
0
0
15275930
13583954
29250088
9307
281886112
0
10757760
16098
13895309
12286
15102572
24586867
13384647
32749311
15149629
10746833
23061464
5260
0
17844117
138989746
9291671
4502
406534885
0
3495107
13879045
0
0
6128
18640791
245729381
21399261
4458
0
0
3723
314874351
123366657
0
13566219
2092409
29093574
4634861
0
10132
8967
0
7509
27194868
6072
0
14255
0
18529
0
0
0
0
0
17380541
20299
7197
11649157
0
3915
19945477
6487663
110452904
31389086
141113915
187095123
56567205
5250
30615309
10902928
9156197
11125
0
27364914
12952317
459763791
0
6946
0
34807
31820298
123892989
0
12562248
90890938
8564
0
40659473
16488186
0
282449576
0
0
0
27491492
0
3762
20391
242736843
29393902
0
23377372
2861631
0
0
14269
0
24963499
14944798
4318019
7435
0
0
33829211
0
6170112
7359
15273484
0
6974
9007
0
0
0
58050043
0
32588349
0
23940387
0
27465304
2384927
27956682
22819428
173510129
8262284
16833
0
113358246
18679118
0
27605622
0
7856
8099
0
7577
0
51744044
5968
7804152
16758793
0
0
6132291
11284242
22938302
20551
20010858
0
0
0
0
10878777
81635417
0
2548923
0
0
9227026
0
7846
135068388
31147841
11503
33141623
0
29177159
9672
0
23887031
0
0
11528026
0
28228658
38172422
8213
12268048
1495093
0
5949574
4771
20339192
13246
36661
6549
6244380
37578091
0
0
4843
0
10273
0
6861394
0
0
297678
27026009
0
3857
0
0
20062
30036513
5150893
0
0
7949
0
1524117
21090569
11388941
0
14810
8959
18782
0
27778664
222718003
171361285
0
39624286
0
29133398
0
0
105980752
35205800
5361
0
0
0
10885
39693490
0
0
0
6388
931703
179040547
19105593
5875
0
9607
11661709
0
0
15710546
0
8243904
18447778
16546
26716191
3444
10809561
17957359
0
0
3185894
6481
1520065
8903319
0
0
16108247
7689
17469491
118520736
0
19615300
0
0
0
0
20638
12493032
19014007
3349475
12975993
139845406
12851512
0
3023
7548
6483356
20129
23854985
46647091
19115149
39265938
11670918
6998
10735
0
9099699
2288469
44685713
9093558
0
10235715
24491473
0
49569179
0
8927
0
0
25718
0
132072
7169
0
6822
9364
15294
20162954
9855625
20058
16698436
14119520
23072
4402
0
31261070
28017631
0
0
157629536
0
0
5398
0
0
6785
0
0
16704998
0
13285452
5898
0
7004
19696
0
0
3963992
41094476
19724939
0
1522231
19202460
0
7961404
19039668
0
0
7206635
0
0
0
0
0
0
7049
27874868
25169133
198493001
27655731
10320
8056953
24537965
4412
9025091
23073422
0
10713515
5240
0
0
12424699
9131
0
9322
0
10012782
0
28542038
15104773
15828194
20363008
0
0
14503705
561147
176324192
4348
0
11216
7139
7433064
122165053
0
0
15207
4282
0
0
95843794
33019138
0
0
194435783
0
1889776
451505
40231575
0
0
0
4384
0
0
0
5106
73949940
0
1711233
0
0
7856
8864
0
17259026
43685655
34100152
30170093
0
11266
0
34319
0
0
3819
0
0
19485808
21339
0
0
15124162
0
9152
7866
8800896
0
11643
0
33104651
10209464
9568
7437
24162365
0
17944
23313685
12169
0
8901
11945733
0
164773033
0
0
2085755
22588811
21057083
13904
9570
0
0
21548653
27181453
14667521
0
5677468
24898130
0
0
4643073
0
17832
6107
0
0
18248
13792245
7619
24525808
9566955
7500
2043908
13407040
24433464
5104
0
12260
28141734
0
27659559
0
3319813
1554582
6864171
0
123839917
33011456
127831946
0
35860414
23887153
9079
19204
249213403
0
0
9779468
36233805
2797838
0
0
0
1014498
0
0
18160819
8897634
8024325
1716601
0
0
0
15344909
85478
11569193
0
9518
20190347
15967325
8606381
25097016
7072488
5055914
48677989
0
0
1998265
10410218
0
22745325
4119
43551803
0
32101763
11695938
16834389
26473
8817173
0
0
0
332198
0
0
27161698
0
16186771
0
32050426
3747
17739
52273133
0
32446545
0
2746724
25698757
0
0
13753957
9762433
0
10430
0
0
7970260
16484
219917229
46116545
8778
11675972
0
0
0
28928612
3833
16549287
8818
140596484
10026916
5448
1290816
0
19998553
0
247565313
5106
29111527
10002456
0
20329
6016
408386509
9472778
0
12251545
37778886
0
14928397
27739691
11735
0
12957771
8139
0
0
0
7396860
49873553
17416196
0
12552948
9410
21846
4816303
10356225
4046174
11800635
0
10956
9018060
23378518
0
19545271
0
7832
0
17764931
0
15292
32411533
0
15396
6702
4766483
49282287
0
420671437
169163428
0
0
5934
21975
7924
0
188620054
5123885
38770903
0
0
20153
0
13620
17144884
18074955
0
411570619
7479
0
87682384
0
3146471
3876121
18114
8072399
20383635
11160499
18944955
0
23423
9113401
0
0
24932
15627073
0
13847924
0
14756496
0
5068179
0
3751
20793500
33137898
7705837
0
16400
3278056
4428
22847
0
46206975
3366057
26143292
33111942
0
8247
3454986
17878894
24257011
12952040
508608063
7014179
8020
12304
18529985
34200908
0
14219
1966452
7560294
2360597
0
22270
14706924
24257332
19487
0
0
15467353
25785023
36600753
0
72500739
0
25731
57592306
15294150
14831301
0
0
19243795
17800167
6571
9447674
0
0
10629774
0
12233
5322
23588808
10924315
14757
7901455
21350714
20082975
20412000
20891907
0
13270304
0
9959252
11099541
18836846
2601236
0
22562553
0
6852512
32203051
20100
8913
15995
16759
0
11101991
3747257
0
0
0
15981286
1549959
8383
28678873
115238568
0
0
33480661
0
0
12005035
0
0
8495593
0
29160586
0
0
0
9410297
17100
3732
14487118
411389872
25442733
0
0
10360
18276056
0
28712365
28603885
0
25082118
9552
28332454
219047843
16819625
0
9666
0
0
4207538
48415885
19164787
0
18409268
17134
18988549
49780828
0
19305908
8331
0
18673014
0
0
0
18469779
0
0
0
6954
0
30372771
17801580
0
18705
33948039
9041566
6058
16509385
16077595
0
0
24569
26023463
1227633
19088
2628106
18974781
1884767
6937170
7201
0
0
51086538
0
0
8236615
0
148927235
7692
0
15069084
0
20136053
8869
50080457
19309
18865997
8841
0
11838
2241378
12468804
25985464
7421239
30321214
11918205
0
128902065
0
0
8079543
0
0
13196
0
0
0
10237
27959218
22205241
0
15542
0
0
2724560
2372631
0
29542129
0
39768246
52672496
0
603022
8293952
53085133
0
0
8526
8470
0
0
7608
0
0
0
17270929
14158858
7409
5298124
6308005
0
0
0
0
0
0
11083390
9020272
2716836
0
0
0
0
4803776
0
197022464
0
0
9681
3432652
944680
0
26592706
0
220237829
0
0
0
12090
10097997
3469559
0
0
10085831
11164302
0
0
0
0
14068407
30189669
5080
0
6311
25217
62579264
461651089
5753
1476208
0
0
0
0
0
2176757
4070
8737
8611397
13419
0
16076886
0
4938069
11334
24625818
16587351
8001832
17328
8894219
6787398
631757
19164
7538
0
6198
17703463
0
18391200
0
14621201
49645
0
34820797
0
8850
0
99298161
9798
14159
7393
1556652
0
23774570
0
0
20207
18239141
0
25253958
15281168
25414798
8973803
12410533
18989559
0
155242999
0
4577835
5357271
39231374
8514394
0
10841
5419909
0
0
23366441
0
14737326
0
0
13145
0
26778452
5645
0
6117396
27596164
0
0
7729
0
0
37157487
6860
0
0
0
32736579
0
0
11052755
8333
43950858
0
32793075
8296758
401816025
3389427
0
10378
0
0
36443777
27846409
0
0
77563785
0
17989
8440
0
18969637
0
10410782
0
10882
78798133
5159755
24083272
24907002
11657
22511592
5636864
5869
9260200
21628
0
19263597
0
0
2077363
22081
0
0
27534505
17091855
1646144
14983
0
7385
14725962
0
0
0
6540144
18359874
4314139
58650619
19589
0
21626595
65912346
10238861
86784847
18909496
205958543
19444610
5821
0
31170943
23375822
0
7272320
0
4169
0
6114554
6908
21245285
10159315
83602
15535510
101268977
200929168
6050
25068844
0
0
0
14703411
37006029
0
68882868
0
9623971
0
0
18481700
202753960
0
9736137
0
0
17164716
18085621
4494
7045
0
13403462
8172
33148621
0
0
7916182
14852927
0
64213494
6963283
0
0
0
13862604
29397755
26912812
0
21373823
10374184
0
13878681
267632398
25429786
0
32997508
0
0
0
13185
0
8420
0
0
0
17509553
24586489
14866021
0
18379360
16435397
11144
16902
20364016
0
12380163
2040625
30599580
3650807
28860661
3641
47965852
3875009
11378853
9010871
0
23845847
0
0
0
27000694
0
23275305
0
11901125
0
8190852
111522944
0
6416
19312922
20120755
0
15780504
0
11815197
165503942
21511087
7226218
7730
5673
16807352
24557289
0
0
39548601
22218505
0
65002769
9123
0
22395107
14340
25254097
10318286
7084
9164782
7459288
0
21513661
214665210
0
0
0
24636130
78559038
585477
0
40378019
0
0
6641
0
18422168
0
0
0
25856291
9929
9783
12616056
26319
0
0
0
0
0
42932721
15876
25533968
0
0
0
112211516
0
9418
75269913
14698
8252990
2003793
29921354
136984581
34108871
0
43752272
0
12911372
0
13255817
15310
9340283
