0
749318
2898
13731
436761
2615
2396
1948
2680
555529
2679
530655
3066
2360
30504439
2168
2076
1556276
2306
3112
3553
2305
2382
512197
781748
763009
1729963
354349
71981142
2810
2224
2665
41632
3764
3166
1981
1069118
2040
2672
1160054
38849
2382
16457845
424377
456554
220513
865601
346283
3704
1870
2804949
2658
4443
2302
558103
2747
2909
2681
2030
33275962
2542
2594
2248
2541
2870
851707
997240
4401
741092
773395
497807
3391247
791067
278933
539376
2075
2449
2400
532654
663785
2078768
3091
22882158
539365
890066
258660
2419
28784138
2399
772917
27326094
281572
1850
445435
3594
599875
2297
968536
41445441
345412
580821
2235
2004
2411
2451
2527
583201
763782
122929
980
332466
1452759
274460
2473
858712
2189
3987
742260
795172
2229
3245329
416460
537264
418081
542534
531691
1251635
1172696
3404311
21784201
1581087
2043251
34270301
2292
1695769
834059
1319836
2285
519661
738333
2433047
494251
1110909
501420
2374
52787
176137
1171658
1570356
330270
91818350
2259
2330
2653
2068
669678
2633
2762
29506799
2049410
47360073
524198
1858679
757058
1251726
1990
1720771
2096
1315919
212053
589340
43427
7535073
539701
2001858
153457
530018
1539707
36392
687785
737079
2232964
701031
790878
1568933
4014
3507
1180486
2819148
523830
2476
3536
5157
628035
2416396
6429
3044224
2245530
2469
2939
829923
46330226
939109
1280867
2135
4477024
2497051
2257
37319152
2554527
2474
851945
570968
1842898
2836014
1563310
343645
782200
2365057
2174
38140341
976898
54169
3085087
454540
2926
1067490
657697
961361
2006
2176147
716262
49132275
89863901
1217086
1390932
264341
847796
2370489
2791492
515458
11308223
454128
32551761
2313112
2406654
3003
2996400
39402924
2084608
1188713
573363
3013
566843
1817187
1156184
679522
1127372
2493
189514
3065
37605417
1597658
3752614
970496
1104251
4470
857171
1406026
339172
1891527
2078293
4213838
612994
1797797
914436
2255083
1206749
656232
1652752
37936
44137803
1209793
3019451
38157720
1422310
30656105
591983
1960025
40681163
1873410
1393491
1157140
630888
853007
6950388
1120111
2810106
1271552
1654153
2352
32846848
1178547
29213633
2177607
1292976
37393283
2764
1093181
1343888
1872748
1253757
361160
4891716
2360
2453442
1471025
2410
3038805
6193875
2129728
338128
817479
1327295
1916523
45659090
682074
757508
2613243
3882801
1773693
517504
619869
2318398
2897
3427553
4604969
970817
2476412
370106
1193426
3596613
1576504
3336226
1663881
1542546
668097
2758802
1216018
2864253
7722276
468327
590239
868020
1904763
2657185
2113949
1869482
2446075
2380
1311824
940192
2416621
1566761
3521132
1110445
2293829
29001982
4159036
1206416
3803699
2364668
2177821
1712369
6797456
339020
3640448
25234613
1574203
2732
3060965
3098
2099698
2210726
1245530
2818110
1848933
2331208
2622134
8695756
3473903
24890966
1324489
5302879
2445796
2605451
6472114
3532
1640172
1744203
479654
3784793
6905181
1631622
4765812
22930381
3304797
6324498
25882063
1207906
2970628
2641770
2068860
1340299
45165804
2002122
267622
2246805
809431
7587610
28741281
4803021
978111
4043193
11024123
2884878
2077117
38515357
2537
493561
562158
4826829
2023828
5231190
2307226
1475831
40669782
6600340
694215
2627776
1753
9065400
3840558
7980249
2780212
3749800
940146
1902816
8535680
2301805
2169
6276432
898249
1373517
262085
4155171
2588956
2319139
2379696
2093569
4897154
10232018
4540444
6007826
3834150
5496670
885554
6210796
866691
38606692
43354362
4431393
61762482
1568376
2231032
2351075
1691418
27032185
646671
9844419
2214
5558581
21131293
2496198
2321768
108617285
1928268
3009652
846044
7441080
2253
760363
2262239
8644100
30444396
4947101
82930774
1749460
3146240
939288
6879534
1697023
2539557
34223100
30264998
2150782
2738738
755750
878357
2211
1675990
884444
2581183
1495652
1806659
7257416
433499
2643491
4608961
4547981
1119538
7538681
5242975
3095028
1271593
8771779
2828627
2707474
1661175
3239722
2115939
3375262
4550357
7925063
1582792
4114440
52028505
47552810
41654258
724513
2016960
2729721
39399076
3015681
11561353
4333410
59942491
36241162
1049414
6663996
11363514
2371681
15882210
37279244
3113712
9577692
81846203
2135602
1949453
5119566
4030828
9812546
1019071
2317240
2022843
3564798
1336062
3883129
1461881
1498238
51821781
5670327
2216655
2523732
6882919
1351911
1253014
1081193
1804170
2896189
11477577
3325119
3875888
5086407
4337004
4541578
2020646
1821323
1375925
4205380
3620125
40354514
3357578
1735379
1422986
2832041
3747584
1542781
5322908
39522196
5750553
2453568
2191128
3150279
9926013
8869647
2660055
1855574
40757588
1347924
6542630
1648
2054944
1288317
7621798
3040554
2864418
3776440
2309250
2600124
6171479
2483675
3150508
2653802
1727145
2061002
2629710
62152190
4796036
6338348
10359885
4147417
7132279
3367501
39076130
3532427
1533804
2648358
2049025
656928
7144277
9635337
2620878
1369722
2274793
5536458
4640273
5522036
2556231
1947018
7946698
5754274
1939048
13250851
2098657
6048077
2939760
645317
5291499
40404158
3164188
5778245
6659254
3667937
1368324
5873372
1381606
9619529
2583877
2973789
2887823
9887511
1044665
3292023
3859604
3544868
4689679
1495619
3396105
2255292
4300173
13055119
63926170
3096835
2962810
51129361
5571007
4926186
35872817
2624753
78336895
8221899
3053412
1490081
1484793
3308088
2818036
3701977
3909857
8294511
16326711
853696
3571142
945686
2864472
1793121
4128158
3567723
7793453
4230204
2299173
3511706
7869310
884383
7190547
3087860
2820483
3108690
1911508
1772440
4024997
3067423
2708767
2570509
1556280
6720291
3262844
5951818
2981999
5687598
47238161
1211826
1637026
3220957
3734185
65633917
3900979
64655638
2291735
77228163
2826224
3254554
2330431
7041277
6527785
903510
6869552
1292906
2042860
1934424
2269885
4684432
3816173
7887589
6433425
4984974
17564556
35612169
46869085
7421493
11869788
49820544
10171272
1180966
10156070
2861328
1283499
4311607
9119912
5031007
3321303
5175545
5617136
14764234
31125958
8424002
1940270
2787144
2029874
28409038
6580181
46390654
3225548
35576811
193089018
1231401
33563107
2302918
2428189
9276202
2829494
33414023
3650445
13726928
5620797
3584842
4144812
2295308
4274415
1304108
3754491
6480990
39834712
2925025
3159725
4168006
3060424
3244424
4436747
4393607
2245120
60812759
893997
26336575
4920889
4115227
2791771
1827899
5331611
2058911
2217143
2224990
9185977
6128996
2297189
3726306
7376055
3404484
2923398
5016996
2889504
20626677
4472382
8905857
2156280
5453111
6808981
5187314
20679090
3963150
3373438
4870790
2356161
2796971
34765803
4091552
7137112
2667732
49096716
2088340
4545027
1929375
2502500
9635504
3413372
7587062
3080004
16313241
985169
48249649
5004334
14931481
9349801
3008598
44151401
4551852
10441257
9739780
3622878
740112
3298681
3424374
23765898
2105245
7570544
5194017
3585286
3356759
7900769
5413488
11700598
11317251
1993232
2390329
2469834
5230845
5487048
5038414
8164025
8505302
12005692
6133316
2665472
1644036
11039530
6681260
2386483
3492014
8281517
2085860
7244676
4140337
9109080
1968487
3173413
5768300
1643669
5456610
5965691
3339452
12195831
3065997
3457191
3751433
19330935
10004548
4360376
5276021
66062659
8724556
2558347
2841624
29943233
5081504
4184688
1561018
5536278
13916561
5384980
20164468
5105380
4085559
3534166
21545334
15724926
9066945
5743699
11766953
5136810
4354367
2043581
3608784
14542630
5006788
8248611
2482632
3163496
21897967
21367448
52917187
3021717
36291828
4292798
5510872
8442934
2570113
18552190
7207294
2738009
2083818
2219740
3433507
3077364
2760349
20308894
14880614
3075174
7216611
1123770
4242247
5516542
2852047
3530328
2861126
22541536
3799377
5271604
3064228
1668144
6644693
5430107
24992354
4355349
16005788
2520369
13011016
8499370
3402955
1203566
41127645
2853952
2219795
34658334
10123186
5154157
1823269
3940190
3104930
13685365
4017201
