0
0
0
0
0
0
0
11821
0
0
0
0
0
0
0
0
30818
0
0
0
30290
0
0
0
0
0
0
0
0
0
0
46241
0
0
0
0
0
0
0
0
0
0
0
0
0
0
0
0
0
0
0
0
0
0
0
0
24873
0
27945
0
0
0
0
21475
42270
0
0
0
34436
0
0
0
0
0
22252
0
0
0
0
0
0
0
0
0
0
0
0
0
0
0
0
0
0
0
0
0
0
0
0
0
0
0
0
52399
0
0
0
0
0
0
0
0
0
0
0
0
0
0
0
0
0
0
0
0
31672
0
0
0
0
0
0
0
0
0
0
20394
0
0
0
0
0
0
0
0
0
0
0
0
463080
0
0
0
0
0
0
0
0
13746
0
0
21905
30922
0
0
0
0
0
0
0
0
0
0
46147
0
18204
0
0
0
0
0
0
0
0
0
0
0
0
0
0
0
0
0
0
0
0
0
0
0
0
0
0
0
0
0
0
0
0
36146
0
0
0
0
0
0
0
30818
0
0
0
0
0
0
0
0
0
0
0
0
12896
0
49767
0
0
0
0
19246
0
0
0
0
0
0
0
0
0
0
0
0
0
0
0
0
0
0
27608
24407
0
0
0
0
0
0
0
0
0
21828
0
0
0
0
0
0
0
0
0
0
0
0
0
0
0
0
0
0
0
0
0
0
0
0
0
52492
18790
0
0
0
22532
0
0
0
0
27512
0
27660
0
0
0
0
0
0
0
0
0
0
0
0
0
0
0
22104
0
0
0
0
0
0
0
0
0
0
0
0
0
0
0
0
0
0
0
0
0
0
23586
0
0
0
0
0
0
0
0
0
0
0
0
0
19637
0
21500
0
0
0
0
0
0
0
0
10281180
0
0
0
0
4698
0
0
0
0
0
0
43312
0
0
22290
0
0
0
0
0
0
0
0
0
0
0
0
0
0
0
0
0
0
0
0
0
0
0
0
0
0
0
0
0
0
0
21464
0
0
0
0
0
0
0
0
0
27315
0
0
0
0
0
1164364
0
0
0
0
0
0
0
0
0
0
0
30452
0
0
26562
0
0
0
0
0
0
0
0
0
0
0
0
0
0
0
0
0
0
3981800
0
0
0
0
0
0
0
0
0
25573
0
0
0
0
0
0
0
0
0
0
0
0
0
0
0
0
0
0
0
0
0
0
0
0
0
0
0
0
0
0
0
0
0
0
0
0
0
0
0
0
0
0
0
0
0
0
0
0
0
0
0
0
0
0
0
0
41033
0
0
0
0
0
20678
0
0
12836
0
0
0
0
0
0
0
0
0
0
0
0
0
0
0
0
0
0
0
0
0
0
12663
0
0
0
0
0
0
0
0
0
0
0
0
0
1679459
0
40402
0
18220
0
31004
0
31224
47548
0
0
0
0
0
0
0
0
0
0
0
0
0
0
0
0
0
0
0
0
0
0
0
0
0
0
1302085
0
0
0
0
0
0
21155
0
0
0
0
0
0
0
0
0
0
0
0
0
0
0
0
0
0
0
0
0
0
39291
0
0
0
0
0
0
0
0
0
29348
0
0
0
0
0
0
20253
0
0
0
0
0
0
0
0
0
0
0
0
0
0
0
0
0
0
26096
0
0
0
0
0
0
0
0
0
0
0
15079891
0
0
0
0
0
0
0
0
0
0
7648
0
0
0
0
11445
0
0
0
0
0
0
0
0
0
0
0
0
0
0
0
0
29751
0
27193
0
0
0
0
0
0
24475
0
0
0
0
0
0
0
0
0
0
0
0
0
0
0
0
0
0
0
0
0
0
0
13244
0
0
0
18465
0
0
0
0
0
0
987048
7679
0
0
0
0
0
0
24743
0
0
0
25848
14317
0
0
0
0
0
0
0
0
0
46796
0
0
0
0
0
25273
0
0
0
0
0
0
0
0
0
0
0
0
0
0
0
0
0
0
0
0
0
0
0
0
0
0
0
0
0
0
0
0
0
25449
0
0
0
21012
12308
0
0
0
0
0
0
0
0
0
0
0
0
26770
0
0
0
0
0
0
0
0
0
0
0
0
0
0
0
0
0
0
0
0
0
0
0
0
0
0
0
0
0
0
34455
0
0
0
0
0
0
0
0
497747
0
0
0
0
0
0
0
0
0
0
0
0
0
0
0
0
0
0
0
0
0
0
0
0
25730
0
0
0
0
0
0
0
0
38756
0
0
0
0
0
0
0
0
0
0
0
10506
0
0
0
0
0
0
0
0
0
0
0
0
0
0
0
0
0
0
0
0
0
0
0
0
18237
0
0
96740
26448
0
0
0
0
0
0
24878
0
0
0
0
0
0
0
0
0
28053
0
0
0
0
0
0
0
14758
0
0
0
0
0
0
35573
0
0
0
0
0
0
0
0
0
0
0
0
0
0
0
0
0
0
0
0
0
23543
0
0
0
0
0
0
0
0
0
925927
0
0
0
35724
0
24248
0
0
0
0
22590
0
0
0
0
80372
0
0
0
0
0
0
0
0
0
0
0
0
10592
0
7389
0
0
0
0
22941
0
0
21706
0
0
0
0
0
0
0
0
0
0
0
0
26680
0
0
0
0
17124
0
0
0
0
0
0
0
0
0
0
0
0
0
0
0
0
0
36210
0
0
0
0
0
0
0
0
0
0
0
0
0
0
0
0
0
0
0
0
0
0
0
0
0
0
0
0
0
0
0
0
0
0
0
0
0
0
0
0
0
0
0
0
0
0
0
0
0
0
0
0
0
0
0
0
24836
0
0
0
0
0
22258
0
0
0
0
0
0
0
0
0
0
0
0
0
0
0
0
0
25842
0
0
0
0
0
0
0
0
0
0
0
0
0
0
0
0
0
0
24102
0
0
0
0
0
0
0
0
0
0
0
0
0
0
0
0
0
0
0
0
0
0
0
0
28813
0
0
0
0
0
0
0
0
0
0
0
0
0
0
2413864
0
26856
0
0
0
0
23488
1074707
0
0
0
0
0
0
0
0
0
0
0
0
0
0
0
0
311494
0
0
0
0
0
0
0
0
0
0
0
0
0
0
0
0
0
0
0
0
0
0
0
0
0
0
0
35639
0
0
0
0
0
0
63898
0
0
0
0
0
0
0
0
0
0
0
0
0
0
18846
0
0
0
0
13446
0
0
27800
0
0
0
0
0
0
0
0
0
0
0
26525
0
0
0
0
0
0
0
0
0
0
0
12437
0
0
20886
0
0
0
0
42630
0
0
0
0
0
35027
461363
0
0
0
0
0
0
0
0
0
0
30994
0
0
0
0
0
1231930
0
0
0
0
0
0
0
0
0
0
0
0
0
18092
0
0
0
0
18849
0
0
0
0
23573
0
0
0
0
24096
0
0
0
0
9822
0
0
0
0
0
0
0
0
0
0
0
0
0
0
0
0
0
0
0
0
33852
0
0
0
0
0
0
0
0
0
0
0
0
0
0
0
0
0
0
0
0
26881
0
0
0
0
0
0
0
0
0
0
0
0
0
0
0
0
0
0
20100
0
11468
0
0
0
0
0
0
0
0
0
0
0
0
0
0
0
0
118340
0
0
0
0
28105
0
0
0
0
0
0
0
0
0
0
0
12633
0
0
0
0
0
0
0
0
0
0
0
16430
0
0
0
0
0
27028
0
0
0
0
0
0
0
0
0
0
0
0
0
0
32742
0
0
0
12192
13473
0
0
0
0
0
0
0
0
0
0
0
0
0
0
134373
0
0
0
0
0
0
27574
0
0
0
0
0
0
0
0
0
0
0
0
0
0
0
0
0
0
0
0
0
0
0
31158
0
0
0
0
0
0
0
1561877
0
0
0
0
0
11579
42460
0
0
0
0
0
0
0
0
0
0
0
0
0
0
0
0
0
0
0
0
0
0
523811
0
0
0
0
0
0
0
0
0
0
18760
0
0
0
0
0
0
0
0
0
0
0
33924
0
0
0
0
0
0
0
0
0
0
0
0
0
0
0
0
0
0
0
0
0
0
0
0
0
0
38463
0
0
0
0
0
0
0
0
0
0
0
15087
0
0
0
0
0
0
0
0
0
0
0
0
0
0
0
0
0
36936
0
0
0
0
0
0
0
0
0
0
0
0
43862
0
0
0
0
0
0
35745
0
0
0
0
0
20796
0
0
0
0
0
19270
0
0
0
0
208488
0
0
0
0
0
0
0
0
0
0
0
0
0
0
0
0
0
0
0
0
0
0
0
0
0
0
0
0
0
0
0
0
0
0
0
0
0
0
418476
0
0
0
0
0
0
0
0
14109
24611
0
0
0
0
0
0
0
17244
0
0
0
0
0
0
0
0
0
0
0
0
0
14350
0
0
0
0
0
0
0
0
0
0
0
0
0
0
0
0
0
0
0
0
0
0
0
0
0
0
0
0
0
0
0
0
0
0
0
0
0
0
0
0
0
0
0
0
0
0
0
0
0
24252
0
0
0
0
0
0
0
0
0
0
0
0
0
0
0
0
0
0
0
0
0
0
0
0
0
0
0
0
0
0
0
0
0
0
0
0
0
0
29010
0
0
0
64993
0
0
0
0
0
0
0
0
0
0
0
0
0
0
0
0
0
0
0
0
0
0
0
23765
0
32516
0
0
0
0
0
0
0
0
0
0
0
0
25936
0
0
0
0
0
0
0
0
0
18748
0
0
26080
0
0
0
0
0
0
0
0
0
0
0
0
0
0
0
0
0
0
14514
0
0
141593
0
0
0
0
0
0
0
0
0
0
0
0
0
0
0
0
0
0
0
0
0
0
0
0
0
0
0
0
0
0
0
0
13141
0
0
0
27490
26191
0
0
0
0
0
0
0
0
23727
0
0
0
0
0
0
0
0
18932
0
0
0
0
0
0
0
0
0
0
20209
0
0
32616
0
0
0
0
0
0
0
0
24312
0
0
0
0
0
0
8902001
0
0
31325
0
0
0
0
0
0
0
0
0
0
0
0
0
0
0
0
0
0
0
0
0
0
0
0
0
0
0
0
0
0
0
0
0
0
0
0
26455
0
0
0
0
0
0
0
0
0
0
0
0
61699
1962904
0
0
0
0
0
0
0
0
0
0
0
0
0
0
0
0
0
0
0
0
0
0
0
0
0
0
0
0
0
0
0
0
0
0
0
0
0
0
0
0
0
0
0
0
0
0
0
0
0
0
0
0
0
0
0
0
0
0
0
0
0
0
0
0
0
0
0
0
0
24072
0
0
0
0
0
0
0
44345
0
0
0
0
0
0
150942
0
0
0
0
0
0
0
0
0
0
0
0
0
0
0
0
21788
0
0
0
0
0
0
0
0
0
0
0
28827
0
0
0
0
16346
0
0
0
0
0
0
0
0
0
0
0
0
0
0
0
0
0
0
0
0
0
0
0
0
0
0
0
0
0
0
0
0
0
0
0
33728
0
0
0
0
24656
0
0
0
0
0
0
0
0
0
0
0
0
14515
0
0
0
0
0
0
0
0
0
0
0
0
0
0
0
0
0
0
9749
0
52078
0
0
0
0
0
0
0
0
0
0
0
0
0
0
0
0
0
25732
0
0
0
0
19329
0
24603
398746
0
0
0
0
0
0
0
0
0
7143727
0
0
30127
0
0
0
0
0
0
0
0
0
0
0
0
0
0
0
0
0
0
0
0
0
0
0
0
0
0
0
0
0
23961
0
0
0
0
0
0
0
0
0
0
0
0
0
0
0
0
4635
0
0
0
0
0
7951
0
0
0
0
0
0
0
0
0
0
0
0
0
0
0
0
0
0
0
0
0
0
0
0
0
6307
0
0
0
0
0
0
0
0
0
0
0
0
0
0
0
0
0
0
24828
0
0
26186
0
0
0
0
0
0
0
0
15053
0
0
0
0
0
0
0
0
0
0
0
25545
0
0
0
0
0
19141
0
0
0
0
0
0
0
0
0
0
0
0
0
0
0
0
0
0
0
0
0
0
0
0
27233
26834
0
0
0
20755
0
0
0
21250
0
0
0
0
0
0
0
0
0
0
23164
0
0
32515
0
0
0
0
0
0
0
0
0
11593
0
0
0
0
0
0
0
0
0
0
0
0
0
0
0
0
0
0
0
19771
0
0
0
28231
0
0
0
0
0
0
31170
0
0
0
0
0
0
0
0
0
0
0
21474
0
0
0
0
0
0
0
0
0
24904
0
22833
0
0
0
0
3126661
0
13681
0
0
0
0
0
0
27670
0
0
0
0
0
17006
0
0
0
0
0
0
0
0
0
0
0
0
242821
0
0
0
0
0
0
0
0
0
0
0
28297
0
0
0
0
0
0
0
0
0
0
0
0
0
0
0
0
0
0
1444548
0
3688466
124144
0
0
0
0
0
0
0
0
0
0
0
30799
0
0
0
0
0
0
29640
0
0
0
0
0
0
0
25355
0
0
0
0
0
0
0
0
0
0
0
0
0
0
0
0
21742
0
0
0
0
0
0
0
0
0
0
0
0
0
0
0
0
0
868722
0
3226411
18864
0
0
0
0
0
0
0
0
0
0
0
0
21441
0
0
0
0
0
0
0
0
0
0
0
0
0
0
0
0
0
0
0
0
0
0
0
0
13014
0
0
11988
0
0
0
0
0
0
0
0
0
0
0
0
0
0
0
0
0
0
0
0
28322
0
0
0
0
0
0
0
0
0
0
0
20670
0
0
0
0
0
0
0
0
0
0
0
0
0
0
0
0
0
0
0
0
0
0
0
0
0
0
0
0
0
0
0
0
0
0
0
0
0
0
0
0
0
0
0
0
0
0
0
0
0
0
0
0
0
0
0
0
0
0
0
0
0
19121
0
0
2447018
0
0
0
0
0
0
0
0
0
0
0
0
0
0
0
0
0
127752
916723
0
0
54149
0
0
11160
0
0
0
0
0
0
0
0
0
0
0
0
0
0
20191
0
17090
0
0
0
0
0
0
0
0
0
0
0
0
361476
17146
23958
0
22342
0
0
0
0
0
0
0
0
0
0
6417
0
0
0
0
0
0
0
30312
0
0
0
0
0
0
0
0
0
0
0
0
0
0
0
0
26263
0
0
0
0
0
0
0
0
26838
0
0
171441
0
0
0
0
0
0
17627
0
0
23629
0
0
0
0
0
0
0
0
0
0
0
0
26598
0
0
0
0
0
0
0
0
0
0
0
0
0
0
0
0
0
0
0
29470
0
19222
0
0
0
0
0
0
2831523
0
0
0
0
0
0
0
0
0
0
0
0
0
0
0
10513
0
0
0
0
0
0
0
0
0
0
0
0
0
0
0
0
0
16636
0
0
0
0
0
0
0
20415
0
0
0
0
0
0
0
0
0
0
0
0
0
0
0
0
0
0
0
0
0
0
0
0
0
0
0
0
28856
0
0
0
0
0
0
0
0
0
0
0
0
0
0
0
0
0
0
0
0
0
0
0
0
0
0
0
0
0
0
0
0
0
0
0
0
0
0
0
0
0
0
11382
0
0
0
0
0
0
0
0
0
0
13036
0
25802
190762
0
0
0
0
8235
0
0
0
0
0
0
0
0
0
7916448
0
0
0
0
0
0
0
0
0
0
0
0
0
0
0
0
0
0
0
0
0
0
0
0
0
0
0
0
0
0
0
0
0
0
0
0
0
0
0
0
0
0
0
0
0
0
3716484
0
0
0
316450
0
0
0
0
0
0
0
0
0
0
0
0
0
0
0
0
10285
0
0
0
0
0
0
0
16718
0
0
0
0
0
0
0
0
0
0
0
0
0
0
0
0
0
0
0
0
0
0
6833175
28797
0
0
0
0
0
0
0
0
0
0
0
308560
0
0
0
0
0
0
0
0
0
0
0
0
0
0
0
0
25465
0
0
0
0
0
0
0
0
0
0
0
6429
31098
0
0
0
0
0
0
0
0
0
0
0
0
0
0
0
0
0
0
0
0
0
0
0
0
0
0
0
0
0
0
0
0
0
2139829
0
0
0
24987
0
0
0
0
0
0
0
0
0
0
0
0
0
17067
0
0
0
0
0
0
0
0
0
2614130
0
0
0
0
0
0
0
4324395
0
16091
0
0
0
0
0
0
0
0
0
0
0
0
0
0
0
34038
0
0
0
0
0
0
8199
0
0
24459
0
0
0
0
0
0
0
0
0
17607
0
0
20768
0
0
0
0
18907
0
0
0
0
0
0
0
0
0
0
0
0
0
0
19034
56425
0
266598
0
0
0
0
0
0
0
0
0
0
0
0
1477521
0
42679
0
999126
0
0
0
0
206689
0
0
0
0
0
0
0
0
0
0
0
0
0
29094
0
0
0
0
0
0
11196
0
0
0
0
0
0
0
0
0
0
0
0
0
0
0
0
0
0
0
0
0
0
0
0
0
0
0
0
0
0
1284965
24539
0
0
0
0
0
0
0
22149
0
0
1056818
0
0
0
0
0
24523
0
0
0
0
28851
0
0
0
0
0
0
28967
0
0
0
0
0
0
0
0
3217918
0
0
0
0
0
392738
0
984014
0
0
0
0
0
0
0
0
29226
0
0
0
0
0
0
0
0
0
16590
0
0
0
20608
0
0
11384
0
0
0
0
0
0
0
0
18567
0
0
8304306
18156
0
0
0
4946060
0
0
0
0
0
0
0
0
0
0
0
0
0
37912
0
0
0
16348
400809
0
0
0
313262
0
5584012
0
35649
0
0
0
0
0
0
0
2150547
0
0
0
0
0
0
0
0
0
0
13313
573876
0
0
0
0
0
0
0
0
0
0
0
0
0
0
0
0
0
0
2051147
0
0
0
0
0
0
0
0
4903740
0
0
0
0
0
0
0
0
0
0
0
0
0
0
0
0
0
0
0
0
0
0
0
0
0
0
0
0
0
0
0
0
0
0
0
0
0
0
0
0
0
0
0
0
0
0
0
0
9470
0
0
24954
0
0
22893
0
0
0
0
0
0
0
0
8586
0
7395
0
0
8120
0
0
0
0
0
17250
0
0
0
0
0
0
0
0
0
0
0
0
19838509
0
10818057
0
0
0
0
0
0
0
0
0
0
0
0
0
0
0
0
0
0
0
0
44518
0
0
0
0
0
0
0
0
0
0
0
0
0
0
0
12529575
0
0
0
0
0
0
0
0
0
30857
0
0
0
0
0
0
0
0
0
0
0
0
0
0
0
0
0
0
0
0
0
10242
0
11801
0
0
0
528335
0
0
0
0
0
0
0
41267
0
0
0
0
22871
0
0
0
0
0
0
16780
0
0
229712
0
0
0
0
0
0
0
20031
0
0
0
0
0
0
0
0
0
0
0
0
16939510
0
143828
0
0
0
0
0
25783
0
0
0
0
0
0
0
0
0
0
0
0
0
0
0
0
0
173640
0
0
0
0
0
0
0
29897
0
0
1188267
175350
0
602461
0
17108
0
0
0
0
0
9931389
0
0
0
0
0
0
0
0
0
0
0
0
0
0
0
0
0
0
0
0
0
0
3809527
0
0
0
2197653
0
0
0
0
0
0
0
0
0
0
0
0
0
0
0
0
26961
0
0
0
0
0
0
0
0
0
0
0
0
0
0
0
0
0
0
0
0
0
0
0
0
0
26269
9393442
0
0
0
0
0
0
0
0
0
0
0
0
0
0
0
0
2863798
0
2939504
0
0
0
0
0
0
0
0
0
0
0
0
18900
0
0
0
0
0
0
0
0
0
0
22275
0
0
0
0
19046
0
0
0
0
0
0
0
0
0
0
0
0
0
0
0
0
0
0
0
0
0
0
0
0
26820
0
0
0
0
0
0
0
0
0
0
3105389
0
0
234734
0
0
0
0
0
0
0
0
0
0
0
0
0
0
0
0
0
0
0
0
0
0
0
0
0
0
0
0
0
55429210
0
0
0
0
0
0
0
0
0
0
20536
0
0
15937
90840
0
21820
0
0
0
0
25707
0
0
0
0
0
0
0
0
63435434
0
0
0
0
0
0
0
0
0
0
0
0
0
0
0
0
0
0
0
0
0
0
0
0
0
0
0
0
0
0
0
0
0
0
0
0
0
0
0
0
0
11920
0
0
0
0
0
0
0
0
0
0
0
0
0
0
0
0
20650
0
0
0
0
76136909
0
0
0
0
12850
2668123
0
0
0
0
0
1911188
26032
0
0
0
0
199747
0
0
0
0
23942
0
0
0
0
0
0
0
0
0
0
0
0
0
0
0
0
0
0
0
0
0
29557
0
0
0
0
0
0
0
672633
0
0
0
0
8251
17902
0
0
0
0
0
0
0
0
0
15029
0
0
0
0
0
0
0
0
0
0
0
0
0
0
0
0
0
31781
0
12435
0
0
0
0
0
36797
0
2141100
0
0
0
0
0
0
0
0
0
0
0
0
0
0
0
18663
0
0
0
0
0
29389
0
0
0
0
14741
0
0
0
0
0
0
0
16711744
0
0
0
0
0
0
0
0
0
0
216903
0
0
0
0
0
0
0
0
0
0
0
0
0
0
0
0
0
0
0
0
18715
0
0
0
0
0
12844
0
0
0
0
0
0
0
0
0
0
0
0
0
0
0
0
0
0
0
0
0
0
0
0
0
26911
0
0
0
0
0
0
0
0
3295426
0
0
0
0
0
0
23110
0
0
0
0
0
0
0
0
0
0
0
0
0
0
16524
21809
0
0
0
0
0
0
0
0
0
0
0
0
0
0
0
0
0
0
0
0
0
0
0
0
0
0
0
6452871
0
0
0
0
0
0
0
0
0
0
0
0
0
0
0
0
0
0
0
0
0
0
0
0
0
0
0
0
0
0
0
0
13293
0
0
0
0
0
0
0
0
0
0
0
0
8970806
0
2803764
0
0
0
66326
0
0
0
0
0
0
0
882722
0
0
26840
0
0
0
0
0
0
0
18098
0
0
0
0
0
0
0
0
0
0
0
0
0
0
0
0
0
0
0
0
0
1377668
0
0
0
0
0
0
0
0
0
12665
0
0
14019
0
0
0
0
0
0
0
0
0
0
0
0
0
0
1110328
0
0
0
26283
18942421
0
0
0
0
0
0
0
2970153
0
0
0
0
0
0
0
0
0
0
0
0
0
0
0
0
0
0
0
16815
0
0
30763
10033
17775
0
0
0
0
0
0
0
0
0
0
0
0
0
0
0
0
0
0
0
0
0
0
0
0
0
0
0
0
0
0
7072890
0
0
0
0
1632194
0
0
0
0
0
0
0
0
1286673
0
0
0
0
0
0
0
0
0
0
0
0
0
0
0
0
0
0
0
0
0
0
0
0
0
0
0
0
0
0
0
0
0
0
0
0
0
0
31214
0
0
0
0
0
0
0
0
0
0
0
0
0
0
0
0
0
0
0
0
0
0
63084
0
0
0
0
0
0
0
0
0
0
0
0
0
0
0
0
0
0
25345
0
0
0
0
0
31211
17787
0
22977
12485
0
72921
0
2638068
0
0
0
0
0
20217
21314
0
0
0
0
0
0
0
0
0
0
0
124380
0
0
0
0
0
0
18601
0
0
0
0
2051430
0
0
0
0
25145
0
0
4110271
0
0
0
0
0
0
20069
0
0
0
0
0
26495
0
0
0
0
0
0
0
0
0
0
0
0
0
0
192691
0
3837700
19411
0
0
0
0
0
0
0
0
0
0
0
0
0
0
0
23839
0
0
0
0
88674
0
0
2581819
0
0
0
0
0
0
0
0
0
0
0
0
0
0
0
0
0
0
0
0
66556697
0
0
0
0
0
0
67547
0
0
0
0
1893267
0
0
0
0
15684
0
0
0
0
0
0
0
0
0
86218
0
0
0
0
0
0
0
0
0
0
0
0
0
0
0
0
0
0
0
0
0
0
0
8411858
0
0
0
0
0
0
0
234153
0
0
0
0
0
0
0
0
27065
0
0
0
0
0
0
0
0
0
0
0
0
24645
0
0
0
0
0
0
0
0
0
0
0
0
0
842996
0
0
0
0
2203550
0
0
0
0
0
0
0
0
0
0
0
0
0
0
0
0
0
0
0
0
0
0
0
0
0
0
0
0
0
0
0
0
0
0
0
0
0
0
0
0
0
0
0
0
0
0
0
0
0
0
0
0
0
1094754
0
0
0
0
0
0
1181463
0
0
0
0
34149
0
0
0
0
0
0
0
0
0
0
0
0
0
0
0
33043
0
27373
0
0
0
0
0
0
25333
34171
0
0
0
0
2864978
0
0
0
0
0
0
0
0
27623414
0
0
0
0
0
0
0
0
0
0
0
0
0
0
0
0
0
0
0
0
586662
0
0
0
0
0
0
0
0
0
0
0
0
0
91703
0
0
23136
0
0
0
0
0
0
0
195120
0
0
0
0
0
0
23911
90137
0
0
0
0
0
0
0
0
0
25658
0
0
0
0
0
0
0
2851028
0
0
0
725452
0
0
0
0
0
0
0
0
0
0
0
0
0
0
0
0
0
0
0
0
0
0
0
0
0
0
0
0
0
0
0
0
0
0
0
0
0
0
0
0
0
0
0
0
0
0
0
9961407
0
0
0
0
0
0
0
0
495974
0
0
0
0
0
0
0
0
0
0
0
24629
27013
0
0
0
0
0
0
0
0
0
0
0
0
0
0
0
0
0
0
0
0
0
0
0
0
0
0
0
0
0
0
0
0
22985
0
0
0
0
0
0
0
0
0
0
0
0
0
0
0
0
0
0
0
0
0
15019
0
0
1818641
0
0
0
0
0
0
0
0
0
0
0
0
0
0
20110
0
0
0
0
0
0
0
0
0
0
1139955
16609
0
0
0
20529
0
0
1161172
0
0
26940
0
0
0
0
0
0
0
0
0
17028
0
0
0
25730
0
0
0
0
0
0
0
0
0
0
0
0
0
0
0
0
0
0
0
16863
0
0
0
0
0
0
3352524
0
0
0
0
0
0
193859
0
0
0
0
0
0
0
0
0
186648
0
0
0
0
0
0
0
0
20680
0
0
24178
0
8563412
0
3760887
0
0
0
6550407
0
19443
0
162780
0
0
0
0
0
26523
297688
0
20535
0
0
0
0
23342
0
0
0
0
0
0
0
0
0
0
0
0
1766127
0
0
3375164
0
0
0
0
0
536614
0
27580
0
0
0
0
0
0
0
0
0
11148
0
0
0
822615
0
0
0
0
0
0
0
0
0
0
0
0
0
0
0
0
0
0
0
0
0
0
0
0
0
0
0
0
24314
0
3792728
0
22253
0
0
0
0
0
0
0
0
0
0
0
18625
0
0
0
0
0
0
0
0
0
0
0
0
0
0
0
0
106136
0
0
0
0
0
0
0
0
18687
0
0
0
0
2255435
29583
0
0
0
23964
0
0
0
0
0
0
0
0
0
0
0
0
0
0
0
0
0
0
271355
0
0
0
0
0
0
22715
0
0
0
0
0
0
0
0
0
7230762
0
0
0
0
15327
2301524
0
0
0
476432
0
0
0
0
0
0
0
0
0
0
0
0
25832
0
13453
0
0
0
0
0
28011
0
0
0
0
0
0
0
0
0
20260766
0
24518
0
0
17611
0
0
0
0
3580245
0
0
0
0
0
0
0
0
0
0
0
0
0
0
0
0
0
0
0
0
0
13479
0
0
154327
0
0
0
0
0
0
0
0
0
0
0
0
27796
0
0
0
0
0
0
0
0
0
0
0
0
0
0
920061
0
0
0
14858
0
0
0
0
0
0
0
0
0
0
0
0
0
0
0
0
0
0
0
0
0
0
0
0
259243
0
0
0
0
0
0
19182
0
0
0
0
0
0
0
0
0
0
0
0
0
630137
0
0
0
0
0
0
0
0
0
8637203
0
0
0
0
0
0
0
0
0
0
0
28279
0
16706
0
0
0
0
0
0
0
0
0
0
0
0
0
0
15798
0
0
0
0
0
0
1969849
0
0
0
0
0
0
0
0
0
15267793
0
0
0
0
0
0
364371
0
0
0
1732791
0
0
0
0
0
0
0
0
0
0
0
0
0
0
0
0
0
0
0
0
0
0
0
0
0
0
19890
0
0
0
13856
0
0
0
0
0
0
0
0
0
0
0
163815
0
0
0
0
0
0
0
0
8214665
5121680
25411
0
0
0
0
0
0
0
0
0
0
0
0
0
0
0
0
0
0
0
0
0
0
0
0
0
0
0
0
0
0
0
0
0
0
0
0
0
0
0
0
0
0
0
921550
0
0
0
2292184
0
23090
0
0
0
0
0
0
0
0
0
0
0
0
0
0
3469243
0
0
0
0
0
0
0
0
0
0
0
0
0
0
0
0
0
0
0
0
0
0
0
0
0
0
0
0
0
0
1037307
0
0
0
0
1887947
0
0
0
0
0
0
0
0
0
0
0
201509
0
0
0
0
0
0
190325
1339144
2648153
0
17483
0
0
0
0
0
0
197029
0
0
0
0
0
0
0
0
0
0
0
0
0
0
0
0
0
24054
0
0
0
20682
0
0
0
0
0
0
16941
0
0
0
0
0
0
0
0
0
0
0
29172732
0
0
0
1197392
0
0
0
0
0
0
0
4413035
0
0
0
0
0
0
0
0
0
0
0
0
0
0
0
0
0
0
0
0
0
0
0
0
0
0
0
0
0
0
0
0
0
0
0
0
0
0
43836211
0
0
0
0
0
22929
0
0
0
21670
0
0
0
0
0
0
0
0
0
0
0
0
0
0
0
0
0
0
0
0
0
0
0
0
0
0
0
0
0
0
0
0
0
0
0
0
0
0
0
0
0
0
0
0
0
0
0
0
0
0
0
17947
0
201116
0
0
0
0
0
99244
0
0
0
0
0
0
0
0
0
0
0
0
0
0
0
0
0
0
0
0
0
0
0
0
0
0
0
61989
0
14626161
8751270
0
0
0
0
0
0
0
0
0
0
0
0
0
0
0
0
0
0
0
0
0
0
0
0
0
0
0
0
20132
0
0
0
0
0
0
1902342
0
0
0
0
0
0
0
0
0
0
15053
0
0
221549
0
0
0
0
0
0
0
0
0
2936404
0
0
0
3971132
0
0
0
0
0
0
0
2040358
0
0
0
0
0
0
0
0
0
0
0
0
0
261839
0
0
0
0
0
0
0
0
0
0
0
0
0
15941
0
0
0
0
0
0
0
0
0
0
0
115681
0
0
0
0
0
0
0
0
0
0
0
14874
0
0
0
0
0
0
0
0
0
0
0
0
0
18685
0
0
0
0
0
0
0
0
0
0
0
24583
0
0
0
0
0
0
0
22163
0
1457896
0
0
0
0
0
0
0
0
0
0
0
22023
0
0
0
0
0
0
0
0
0
0
2317850
0
18980
0
25904
0
0
0
0
0
0
0
0
0
0
0
0
0
0
0
0
0
0
0
0
0
0
0
1461093
0
0
0
0
0
0
0
0
0
0
0
0
0
0
0
5849239
0
0
3800257
0
0
0
0
0
0
0
0
2029838
0
0
0
0
0
0
0
0
0
0
0
0
0
0
0
3211175
17058
0
0
0
0
0
0
0
0
0
0
0
0
0
0
0
74783
0
0
0
0
0
0
0
0
0
0
0
0
0
0
0
0
0
0
0
0
0
0
0
0
0
0
0
0
0
0
0
0
0
0
0
0
0
0
11019
0
0
0
0
16843
0
0
0
0
0
0
0
0
0
419218
0
0
0
0
0
0
0
0
0
0
0
0
0
0
0
22939
0
0
0
0
0
0
0
0
0
0
0
0
0
0
287235
0
0
0
0
0
0
0
209267
0
0
0
0
0
0
0
0
0
0
0
0
0
0
0
0
0
0
0
0
0
0
0
0
0
0
0
0
0
129152
153883
0
0
0
0
0
0
0
0
0
0
0
0
0
0
0
0
0
0
0
0
26690
0
0
0
0
0
0
0
0
0
0
0
0
0
0
0
0
0
0
0
0
0
0
0
0
0
0
0
0
0
0
0
0
0
0
0
0
0
0
0
0
0
0
0
0
0
0
0
0
0
0
0
0
0
16394
0
0
0
17070469
0
0
0
0
0
0
205487
26080
0
0
0
0
0
0
0
0
0
0
0
0
0
0
0
0
0
0
0
0
0
0
0
9720646
0
0
0
0
0
0
0
0
0
0
0
0
0
0
0
0
0
0
0
0
0
0
0
0
0
0
0
0
0
0
0
33183
0
0
0
0
0
0
0
0
0
0
0
0
15559
0
0
0
9166114
24822
0
0
0
0
0
0
0
0
0
0
20534
0
0
0
0
0
0
0
0
0
0
0
0
0
0
0
0
0
0
0
0
0
0
0
0
0
0
0
0
0
0
0
6885442
0
0
0
0
0
0
0
0
0
0
0
0
0
0
0
0
0
0
0
0
0
0
0
0
0
0
163237
0
0
0
26491
0
0
0
0
0
0
0
14988
0
0
0
0
0
0
0
2166144
0
0
0
0
0
0
0
0
0
0
0
0
0
0
0
0
0
0
0
0
0
0
0
28059
0
0
90847
0
0
0
0
0
0
0
0
0
0
11188
0
0
0
0
0
0
0
0
0
0
15274764
0
0
0
0
24914
0
26904
0
0
0
0
0
0
0
0
0
0
0
0
0
0
0
0
0
0
0
0
0
0
0
0
0
0
0
0
0
0
0
0
61035
0
0
0
18395
0
251040
0
2012293
0
951438
0
0
0
0
0
0
11997
0
0
0
0
0
17252
0
27382
0
0
0
0
0
0
0
0
0
0
0
1869211
0
0
0
0
0
0
0
0
0
0
0
0
0
0
0
0
0
0
0
0
0
0
0
0
0
0
0
0
0
0
0
0
0
0
0
0
22676
83271
0
0
0
0
0
0
0
0
0
0
0
0
0
0
0
0
0
0
0
0
0
0
0
0
0
0
0
0
0
0
23186
0
0
0
0
0
0
15889
0
0
0
0
0
0
0
0
0
0
0
0
0
0
0
0
0
0
0
0
50766240
0
0
0
0
0
0
0
0
0
0
0
0
0
0
0
0
0
0
0
0
0
0
0
0
76844
0
0
0
0
0
0
0
0
0
0
24739
10581036
0
0
0
0
0
0
0
0
0
0
0
0
39109
0
0
0
0
0
0
0
0
0
0
0
0
0
0
0
0
0
20421187
1956950
19064409
0
0
0
0
0
0
0
0
0
261659
0
0
0
0
0
0
0
0
0
0
0
0
0
0
0
0
0
0
0
0
0
0
0
0
0
0
0
0
0
0
0
0
0
0
0
0
0
0
0
0
18551
0
0
0
0
0
0
0
0
0
0
0
0
0
0
0
0
428718
0
0
0
0
0
0
0
0
0
0
8282352
0
0
0
0
0
0
0
0
0
0
0
0
206884
0
0
0
0
0
0
0
0
0
0
0
0
0
0
0
0
0
0
0
0
0
0
0
0
0
0
0
0
0
0
0
0
0
1226183
0
1533629
20664
0
0
0
0
0
0
0
0
28143
0
0
0
0
712333
0
0
0
0
0
0
0
0
0
0
0
0
0
0
0
0
0
0
0
0
0
0
0
0
0
0
0
0
0
0
0
0
0
0
0
0
0
0
0
0
5771588
0
0
0
0
0
0
0
0
0
0
0
0
0
0
0
0
0
0
0
0
0
0
0
0
0
177146
0
0
0
0
0
0
0
0
0
0
0
0
0
0
0
0
0
0
0
9253
0
0
0
9476362
0
1569274
0
0
0
0
0
0
0
0
0
0
0
0
0
0
0
0
0
0
0
0
0
0
0
0
0
0
0
0
0
0
0
0
0
0
0
22859
16416
0
0
0
0
0
0
0
19064
0
0
0
0
0
0
0
0
0
0
4636250
0
0
0
0
0
0
0
0
0
0
0
0
0
0
0
0
0
0
0
0
0
0
0
0
0
0
0
0
0
0
0
0
0
0
0
0
0
0
12457
0
0
0
0
0
0
0
0
0
0
0
0
0
0
0
0
0
0
0
0
0
0
0
0
1772568
0
0
0
0
0
0
0
0
0
0
0
0
0
0
2542689
0
0
0
0
0
0
0
0
19693
0
0
0
18730
0
0
0
0
0
0
0
0
0
0
0
0
0
0
0
0
0
0
0
0
0
0
0
0
0
0
0
0
0
0
0
0
0
0
0
0
0
0
0
47089
0
0
12447
0
0
0
0
22292
0
0
0
0
0
1799309
0
0
0
0
0
0
0
0
0
0
0
0
0
0
0
0
0
0
228363
5521150
0
0
0
15911
0
0
0
0
0
0
0
0
0
0
0
0
1963570
0
0
0
0
0
0
0
0
0
0
0
0
0
0
0
0
0
0
692209
0
0
0
0
0
0
0
0
0
0
21181
0
0
0
0
390048
0
0
0
0
0
0
0
0
0
0
0
0
0
0
0
0
0
0
0
0
0
0
0
0
0
0
0
0
0
0
0
0
0
0
0
0
0
0
0
0
0
0
0
0
0
0
0
0
0
0
0
0
2128441
0
0
0
0
0
0
0
17158418
0
0
297332
0
0
0
0
0
0
0
0
0
0
0
0
0
0
0
0
0
0
0
0
0
0
0
0
0
0
0
0
0
0
0
0
0
0
0
0
0
0
0
0
0
0
1884802
0
12680
0
0
0
0
0
0
0
13387
0
0
0
0
0
0
17023715
0
0
0
0
0
0
207278
0
0
0
0
0
0
0
0
0
0
0
0
0
0
0
0
0
0
0
0
0
0
0
0
0
0
0
0
0
0
0
0
0
1098671
0
147580
2414528
0
0
0
0
0
0
0
0
0
0
0
0
0
0
0
0
0
0
0
0
0
0
0
0
0
0
0
0
0
0
0
0
0
0
21814
0
0
0
0
0
0
0
0
0
0
0
0
0
0
0
0
0
0
0
0
0
0
0
0
0
0
0
0
0
0
0
542602
0
0
0
80065
0
0
0
0
2371301
0
0
0
0
0
0
0
0
0
8076266
0
0
0
0
0
0
0
0
0
0
0
192976
0
0
21364
0
0
0
0
0
0
0
0
0
16955071
0
0
0
0
0
0
0
14780
0
0
0
0
0
0
0
0
0
0
0
0
0
0
0
0
0
0
0
0
0
0
0
0
0
0
0
0
0
0
0
0
63796901
0
0
0
0
0
0
0
0
0
0
0
0
0
0
0
91503326
0
0
0
0
0
0
0
0
0
0
0
0
16474
0
0
0
22698
0
0
0
0
20524
0
0
0
0
0
0
0
0
0
0
0
0
0
0
0
28718
0
0
0
0
0
0
0
18631
0
0
0
0
0
0
164077
0
0
0
0
0
0
2459412
0
0
0
0
7477912
1006264
0
0
0
0
300588
0
0
0
0
0
0
0
0
0
0
0
20702
0
0
0
0
0
0
0
0
0
0
0
0
0
0
0
0
0
0
0
0
0
0
0
0
0
0
0
0
0
255483
0
0
6694840
0
0
1162455
0
0
0
0
0
0
0
0
108072516
0
0
37489568
0
0
0
3962270
0
0
11033
0
0
0
19305
0
0
0
0
0
0
0
0
0
0
0
0
0
24352
0
0
0
0
0
0
0
0
0
0
0
0
0
0
0
0
0
0
0
0
0
0
0
0
0
0
0
0
0
0
0
0
0
0
0
0
0
712185
3001005
0
0
0
0
0
0
0
0
0
0
22947
0
0
0
0
0
0
0
0
0
0
0
22005
0
0
0
0
63724817
22580
0
0
0
0
0
28267
0
15260861
0
0
17100501
0
0
0
0
0
0
0
0
15312
0
0
29378
1196696
5563297
0
0
0
0
0
0
0
23832
0
0
0
0
31578
0
0
0
0
0
19303
0
0
0
0
0
0
0
0
0
0
24893
0
0
0
0
0
0
0
0
0
0
0
0
0
0
0
0
0
0
0
0
0
0
0
19742
0
0
0
0
0
0
0
0
0
0
0
0
0
22602
0
0
0
0
0
0
0
0
0
0
0
0
0
0
0
0
0
0
0
0
2625258
0
0
0
0
0
0
0
0
0
0
0
0
0
0
0
0
6865900
0
0
0
0
0
0
0
0
3493669
0
0
0
0
0
0
0
0
0
0
0
0
0
0
0
0
0
0
0
0
0
0
0
0
599472
0
0
0
29749
0
0
0
0
0
0
0
0
0
0
23375
0
0
0
0
0
0
0
0
0
0
0
0
0
0
0
20373
0
0
0
0
467559
0
0
0
0
0
0
0
0
0
0
0
0
0
0
7618886
0
0
3673717
0
0
0
0
0
23769
0
0
0
0
0
0
0
0
0
0
0
0
0
0
0
0
0
0
0
0
0
0
0
0
0
0
0
0
0
0
0
0
0
0
0
0
0
0
1437681
0
0
4780890
0
0
0
0
0
0
0
0
0
640635
1415139
0
0
0
0
101864
0
0
4225455
0
0
0
0
360701
0
0
0
0
32125
0
0
0
0
0
0
0
0
0
218974
0
0
0
0
0
0
0
0
0
31932347
0
0
0
0
0
0
0
0
0
344979
0
0
0
0
0
0
0
0
0
0
0
0
0
0
0
729135
0
0
0
0
0
0
0
0
0
0
162837
0
0
0
0
1136395
0
880739
0
0
0
0
0
0
0
0
0
0
0
0
2301722
0
0
0
0
0
0
0
0
0
9422538
19673
0
0
0
0
0
0
0
0
0
0
0
0
1582084
0
0
0
13467
0
0
0
0
0
0
0
0
0
0
0
0
0
0
0
0
0
0
0
0
0
0
0
0
0
0
0
0
0
0
0
0
0
0
0
0
0
0
0
0
0
0
0
0
0
0
761281
0
0
0
0
0
0
0
0
0
0
0
0
0
0
0
0
0
0
0
0
0
0
0
0
0
0
0
0
0
0
0
0
0
0
0
0
0
0
20948
0
0
0
25667
0
0
0
0
0
0
0
0
0
0
0
0
4488298
0
0
0
0
0
0
0
0
19769
0
0
0
0
0
0
0
0
0
0
0
0
0
0
0
17980
0
0
0
0
0
0
23974
0
0
0
0
0
0
21993
0
0
0
0
0
0
0
0
0
0
0
0
23929
0
0
0
925980
0
0
0
0
0
0
0
0
0
0
0
0
0
0
0
0
0
0
0
0
0
0
0
0
0
0
0
0
0
14725
0
0
0
0
0
0
0
0
0
0
0
0
0
0
0
0
0
0
4892987
0
0
0
29832293
0
0
0
0
0
0
0
0
508134
0
0
0
0
0
0
0
0
0
0
0
0
2551886
0
62880
0
0
0
0
0
0
0
0
0
0
0
0
0
0
0
0
0
0
0
0
0
0
1066954
0
0
0
0
24488
0
5226542
0
0
0
0
0
0
0
0
0
38934560
0
0
994159
0
10877
0
0
2161488
0
0
0
0
0
0
0
0
0
0
0
0
0
0
19569
0
0
0
0
0
0
0
0
0
0
0
0
0
22512
0
0
112102
2308402
0
0
0
0
0
0
0
0
442778
0
0
20702
172624
0
0
0
0
0
0
0
0
0
0
0
0
0
0
0
0
1684048
0
0
0
0
0
0
0
0
0
0
0
0
0
0
0
0
0
0
0
0
0
0
0
0
1177319
0
5107306
0
0
0
244533
0
0
0
0
0
0
0
0
0
0
0
0
0
0
0
0
16201
0
0
0
0
0
0
0
0
0
0
0
0
0
0
0
0
0
0
0
0
0
0
0
0
0
0
0
0
0
0
0
0
0
0
0
0
21951
24889
0
0
0
0
0
0
0
0
0
0
0
0
0
0
0
6089625
0
0
0
0
0
0
0
0
0
0
0
0
0
0
0
0
0
0
0
0
0
0
0
0
0
0
0
0
19928
0
0
1036103
19846
0
0
0
0
333259
0
0
15598
0
1781724
0
24721
0
0
0
1425001
0
0
0
0
0
0
0
0
0
0
0
0
781949
0
0
0
0
0
0
0
0
11855893
0
0
0
0
0
0
0
0
0
0
0
0
0
0
0
0
0
762998
0
14229126
0
0
0
0
0
0
0
0
0
0
0
0
0
0
0
0
0
0
0
0
0
0
0
0
0
0
0
363478
0
0
0
0
0
0
0
0
0
0
9342131
0
1641812
0
0
0
21826272
0
0
0
0
0
0
0
238832
0
0
0
0
0
0
0
0
0
0
0
0
0
0
0
0
0
0
0
0
0
0
0
0
0
0
0
8614216
0
0
0
0
0
0
0
0
0
0
0
0
0
448586
0
0
0
0
0
0
0
0
214605
0
0
0
0
0
63219383
0
0
0
0
0
0
0
0
0
0
0
0
434605
0
0
0
0
0
0
0
2431677
0
0
0
12575
0
0
0
0
0
0
0
0
0
0
0
0
0
0
0
0
0
0
50048
27477
20034
0
0
2694929
0
0
359037
0
0
0
0
0
0
0
0
0
0
0
0
0
0
0
0
0
0
0
0
0
0
0
0
193605
23462
113475
0
0
0
0
0
0
0
0
0
0
0
0
0
0
0
0
0
0
0
0
0
0
0
0
1342196
1817361
0
0
0
0
0
0
0
0
0
0
0
0
0
0
0
0
0
0
0
0
0
0
0
0
0
0
0
0
0
0
0
0
0
0
0
0
0
0
0
0
0
0
0
24937322
2223770
0
0
0
0
0
0
0
0
0
0
0
0
8551164
1433052
0
0
0
2989048
0
0
0
19158
0
0
0
0
0
0
0
0
0
0
0
0
0
30693
0
0
0
0
0
0
0
0
1748265
0
215786
0
0
0
0
26245
0
209331
0
0
0
0
0
0
0
0
0
0
0
0
7776151
0
0
0
0
0
74607
0
0
0
0
0
0
0
0
0
0
0
109003
0
0
0
2015240
0
0
0
0
0
0
0
0
0
0
0
15205
0
0
0
0
0
158908
0
0
0
0
0
0
0
0
0
0
0
0
0
0
7045870
0
0
0
0
0
0
0
0
0
0
0
0
0
0
0
0
0
2769256
0
0
0
0
0
0
0
0
0
0
0
0
0
0
0
0
0
0
0
0
0
0
0
0
0
0
0
0
0
0
0
0
4321138
0
0
0
0
0
0
0
895851
0
0
0
0
0
0
17981800
0
0
0
0
1499240
0
0
0
0
0
0
0
0
0
0
0
0
0
0
0
0
0
67225999
0
0
0
0
0
1345476
0
0
0
0
0
0
0
0
165578
0
508852
0
0
0
0
0
0
0
0
25994
75603
0
0
0
0
0
0
0
0
0
0
0
12618
0
0
0
0
0
0
0
0
0
0
0
0
0
0
0
0
22450
0
0
0
0
0
0
374610
0
0
0
0
0
0
0
0
0
0
0
0
595667
0
0
0
25495
0
0
0
0
0
0
0
0
0
0
96792
0
0
0
0
1207441
0
0
0
0
0
15309
0
0
0
0
0
0
0
0
0
0
183887721
0
0
0
0
0
0
1100618
0
0
0
0
0
0
0
0
716251
0
0
0
0
0
0
0
0
0
0
0
1055071
0
0
0
0
0
0
0
0
0
0
0
0
0
0
0
0
0
0
0
0
0
0
26349
0
0
0
0
0
0
0
0
0
0
2487794
0
0
5011097
0
0
0
0
0
0
0
0
9278371
0
0
0
1529044
983117
0
0
0
0
0
0
0
0
0
0
0
220283565
0
0
0
0
0
0
0
0
182237
0
0
0
116841531
0
21670
26586
0
0
0
0
0
0
0
0
0
0
0
0
0
18775
0
0
0
0
0
0
0
0
0
0
0
0
0
1349314
0
0
0
0
0
0
0
0
0
0
0
0
2263285
0
0
0
0
0
0
0
0
0
0
0
0
0
0
0
0
0
0
0
0
0
0
0
0
0
0
0
0
0
0
0
0
0
0
0
0
286266
0
0
0
0
0
0
0
0
0
0
0
0
0
0
169721
0
0
0
0
0
0
0
0
0
0
0
0
0
0
0
1128196
0
0
35067930
0
0
755096
0
0
0
0
0
0
0
0
0
0
0
0
0
0
0
0
15444
57042531
0
0
0
0
0
0
0
0
2582615
0
0
0
0
0
0
0
0
0
0
0
0
0
0
0
0
