0
1419583
14743081
18045523
19821383
77242784
44705272
19607001
14589865
21776755
64529849
22320035
38137608
26692063
23739980
27841662
18073293
35553302
1405535
65740134
21210891
1637729
1874971
1352791
763029
22112276
2362552
1758300
1309788
1018548
45852442
20699039
42773362
21835141
34166991
1985270
25687359
35634589
24079488
24478491
27068451
24678327
3490927
1841246
656435
27644075
1646987
116033996
23844392
3576210
38390661
60310648
3027415
66281428
1869232
2361707
26889757
34927114
1838866
25944304
26194354
73562428
19418175
8962377
53573166
82843587
30316342
3273483
67986646
34243192
19650055
44102434
25912071
64207174
3105978
1651303
2413114
35832521
4239596
20221017
4187704
95866235
30751262
54902039
36514116
72415250
65235944
5791800
38901164
39413633
32293093
54929347
36909045
35617144
65412213
2222153
2955891
30482098
2500477
116323273
63793180
26912181
2008161
13831459
66694953
29892267
3327086
35680763
6161472
68800452
5603226
62686956
2674792
41679480
6966544
24674080
4265934
46110851
111853312
3950764
45420406
41337443
4418248
33625956
34812701
86633686
2997257
37998816
2370843
4723675
26468895
64471334
73133814
36525005
64714258
2061410
40106474
2770303
4512963
129220447
41935162
108405014
4184703
46325305
85089341
2768239
5682839
37963944
67107701
3830912
34207106
10713436
78212850
3867805
56516898
6164345
3753640
48526353
60951250
24746649
29031728
50524039
4447543
84715047
61970500
8087320
31220789
8901391
58336770
7618023
3885436
75121288
31090743
108847287
5248748
46742375
5941194
8172335
7695442
34353628
4122209
10159455
37823321
8888791
3048037
40208037
7878174
6200692
115771680
6237901
43016123
35513009
33676238
5947012
10714736
73947474
8073877
46862622
3172463
4334277
59700961
59216271
43535859
2855291
8378310
5360884
42048731
67151489
86372347
100155811
42573400
9573956
69864351
8012801
36926508
6351400
74535288
38169013
33624063
122016707
129132915
12272893
29263419
5196983
58790158
124847942
105302667
5047258
54326738
10205305
96877241
42718916
8246741
30176996
29937537
42205095
5690085
7244764
7838026
92058000
72655985
86790580
6576701
46018431
79133736
4492767
42368580
6805514
42258660
45995067
118475235
3042933
62424140
38894950
140605108
120838633
38909842
109851636
19670598
10746938
39112662
194502806
41547043
150519042
104692536
15742629
63283542
44466059
9819005
7974718
56064690
8483800
110613080
9063662
37172910
122807646
78819446
5872591
10542992
144576775
92895417
43856952
11239234
10389358
31210484
109097957
76222709
74087957
37558605
14731171
51174231
9915729
57383374
11715018
67156997
9393133
8152596
13320456
86432838
75707926
91563401
5652848
69015058
96012047
44569513
20366994
114649395
34603148
119002762
26089226
11992826
59113552
10201741
31580072
10501879
113979568
23603609
73896852
10604717
43057410
54231138
35817555
11990731
7891472
111498261
50130682
89193416
44245218
65371475
112986780
7894114
33417829
29020263
87240243
44118081
50881215
28492407
146074753
116436740
113119430
34783806
18700294
8374621
87782837
8826996
48503300
15810424
55549855
26633127
20807866
34953803
10760551
83814929
61226177
29094981
124053607
8967245
100174648
10538237
54540791
16335032
9421510
21455416
46781191
16849842
90437153
42588310
93810510
37075789
10954951
94856454
74705131
44797670
105583297
45346090
22037417
69332484
11498250
13093862
58308550
86586177
70280179
117468156
50124045
7547180
9484968
54748357
38988100
40110111
93292636
68884997
45199466
22375752
28434760
38490196
58352469
16214704
15628339
108863214
7871235
28755310
55141776
59158090
16071939
102365966
54978534
10084955
87147230
90521731
22334804
13743292
92056955
112573353
23006554
10281517
9162463
31270449
15437938
126582087
81186399
13575316
52213103
51051598
95018111
129026931
15241058
47037122
79998995
32417953
11068448
115126955
61620405
47558241
64809577
122356955
95787418
33552243
91269467
134144344
7820185
54019884
76823988
9698196
13903627
51229283
32214774
15191381
145508066
154441636
21833479
37658085
78177588
128886344
119585291
32542709
87741075
32058913
11382275
103871238
48140284
87500540
80159618
22605715
56027788
37040477
15041343
9464718
39555453
110767526
34062552
56261234
15993146
16798798
48685236
51474359
34613333
27319711
75547554
42621066
40614914
79809835
126467748
37678132
62233192
22565140
100670849
81741375
69457609
11801680
22772882
36239455
86993970
114321920
27331513
180649703
43569430
100535198
133327361
81400108
65254342
28762323
13946874
74486547
18299561
102299068
26329459
134798353
27796549
81466558
99656696
66612602
14214265
25502439
118967733
88328450
69698510
19537778
55836094
86621874
102049779
110296496
110410782
56997610
38225325
72194359
40570610
18324490
94684509
26727187
48566621
174682629
28651646
107159895
74338271
23792574
64604392
135239818
65594931
12630361
71885060
21844413
50517632
88981146
42922475
63678318
18302902
87322533
160672679
88728491
11358575
104209547
21786477
12330269
64120792
17962574
32812585
53173561
60823322
16563228
124389754
46321431
179202073
79479302
58952629
19932258
16620994
44672544
76992458
61978087
25261049
151915601
39962439
101497281
48048302
63586824
96634579
119925257
57729469
110864026
94077291
53455368
64477585
38794463
30978240
25457045
45850368
34889380
24896817
24988925
151371496
40605050
129723370
177482348
168567587
46963290
99848345
70481511
40407751
44214781
284719771
20328556
20726942
115741697
163599649
84886772
23382417
130373374
39580563
46137710
109824957
37982228
44234251
36775506
84666315
111348775
26440558
102559306
86812485
94268876
82728429
163533436
65423556
79523841
146172915
45488877
99126363
82675651
17897880
62825978
56362470
71968147
91944692
69381615
67781670
70637447
99901625
72113426
94573092
21435455
118783744
88945651
112681541
95570855
28950410
41262384
12444159
30931855
129727393
67328446
37506728
79783276
18032273
47829100
48254504
113695902
15024356
87276582
96414338
39787101
136024323
81088532
112255180
118003315
52834507
77253489
61263706
77298688
70397675
32642594
124433626
27055210
20012987
38197830
29405634
82411722
51500101
80325810
22192121
34674178
62173368
60563023
123147471
97418201
69487158
52280014
78506130
37322627
123111706
106534866
48114153
69540200
52639191
84269166
163672048
42568521
173311429
49325819
136398612
42510746
32248301
63097990
117406342
50837014
67743160
101293755
31166923
110276901
188453810
116384323
16062104
154358034
109118102
60367288
62075242
135580516
116905788
21688890
102339745
64520084
20524509
123298216
185660781
134807517
135397667
29055934
36330574
90464775
91901294
73688978
170413073
54598785
103157289
145235290
46271198
83828079
190291543
122847734
84271498
37036075
48564536
147159566
69506197
123761930
85174652
44311116
62973993
144932165
42265413
95021556
141074646
102845180
98021806
207117097
132967515
68149385
52617592
84159420
26918715
37963758
188265332
62797053
96719366
59479403
196780898
87170054
70807032
45607836
60496631
39187361
35728006
130447684
33126863
211535627
151374222
189906987
168209456
158828620
173368241
79179261
70937288
39799079
117732639
39625086
208070624
112584738
140477683
132073243
110652525
98909932
65196665
41049497
126132918
84907399
175578488
63892816
145831514
71498128
41833292
164873332
96279287
120302938
116650131
137521734
114506189
64980175
167618001
105252991
105198461
79536135
89445620
111736653
148445700
106853279
41090751
100206765
78043347
133697013
133743833
82612250
42176557
61727925
55355143
63598812
29796891
125031759
32306556
93388379
50734648
179982470
24304466
112855589
48908955
25613933
89842200
115891413
70848411
55542445
174907308
115600735
137256474
110894198
137187030
167174991
46754311
221477756
85282441
111299229
84332461
120411309
144666131
139667749
101219424
182218857
69347168
193482561
112826891
87346034
116892409
165307812
122679076
371834972
195946070
115137182
118008980
83473792
204891290
115639744
224901886
113096391
142041757
34959600
222610087
84517071
94084287
124764257
99252335
92754817
55612297
107215694
60852941
244949034
76179834
67746766
220615655
104401776
158465304
102125968
203529229
154353322
43461721
104588084
63508702
124219702
154771116
84169418
103692032
64781032
147254491
91782781
100811073
136947889
107318346
35176728
174797990
77741862
121897730
85096337
86186242
186935489
48456701
55213308
137284880
158639641
87577597
139450465
151595688
88302076
99395249
127730067
179113724
81765120
33071963
64485711
135416843
131291628
193545520
156978631
139431325
85140064
173920815
175905939
98372807
192287933
168808091
36813771
141406282
62478221
40541279
91345025
56824777
81777801
136434900
138228587
89280259
158556185
59085560
104994511
167758478
199426637
94957691
145662465
69789994
97145545
131532148
196719213
66327219
126632504
143540157
64386470
130479891
109133770
227285282
140853375
113441939
167933868
93981593
156826427
75107591
94094675
130766018
127960175
176097664
130797395
80054252
112508456
171062890
180594642
88759055
243923577
85731701
147916371
104151675
144991807
127138152
71896610
54995308
59427632
125047457
110071870
182019071
175198198
107683107
213796502
181270758
205725806
391389773
87124665
203274308
54936820
146885632
